6704900
2480044
4334468
4495907
5981804
5246150
7008405
121016
2850003
5995101
5325047
2315374
5326202
2476892
88081
1307941
4848513
5981576
33203
4516792
279172
1898880
234125
651397
5726668
32711
1898877
5992915
5352846
1399651
877642
32795
2577421
7590989
1905725
33358
294937
126551
5192800
7300598
2960279
4003282
31697
5348396
134486
5599298
5833536
5352606
5089159
2858778
364961
2137844
1649829
1161771
1067265
5345735
605172
5089276
1349515
5344433
5865193
88147
3346109
5325149
1098594
1501401
1803557
5477154
286551
2648034
877798
31428
31353
932015
1905386
6119082
4517321
462602
126554
5326016
6167356
5342381
615434
5511249
2908735
462623
5990740
119090
5348345
606018
291355
4757243
2462395
793286
29375
673473
88195
55658
1807569
5447289
1903952
6051245
5853955
5327150
382179
317272
3768846
4814584
2577409
7187884
5352636
3879760
3382153
1903949
120135
4002774
5751305
647656
29450
1903919
1905749
965668
2069841
285920
3810839
467470
991468
1716376
2037058
4554299
5348411
1657370
1906051
202474
1561317
1902365
918837
1964780
2893976
6011386
55664
6427147
1803539
3544249
5327126
5352558
31431
7579597
2341696
1841931
3382042
5757376
5342369
1055838
1978327
5352387
1971245
3316209
2895485
43680
5471591
3893811
5352498
1903967
1932989
462695
444676
3030464
2946963
4213651
1397934
4924674
4826589
2979981
119865
919793
6890227
368888
1150188
1899464
5434446
6012287
1903916
3363361
8162766
1936627
32789
7229755
1965123
1714300
79426
5325080
5350857
5325074
1594562
80206
2927795
5324609
5945583
6707731
462635
1099341
1171761
4516744
2561957
5325302
1931951
721017
514048
5326943
627832
2880577
4529611
1573250
40793
5348342
119078
5978816
4539585
3750483
279673
1904084
5995443
5439461
4331570
434880
3734421
1979078
81542
2893847
498578
33658
434106
877675
6196004
1974114
2021069
285965
462608
1201194
5352537
5475596
5323955
55245
32577
1936390
7746529
368709
3120620
1745561
462638
382330
521156
3346121
5993212
659409
5353554
1898898
1561320
7005676
5990866
5985397
25722
2948497
5346029
63224
1399669
3042535
1171911
5344445
461737
1946947
4529327
446671
43890
1748461
3376878
5865190
1901448
5982353
1143516
2544449
25227
1794755
5511870
1627800
5351382
369013
5325776
3880947
6145412
606651
2959649
1965309
4017755
2960994
8200587
2476460
518052
462557
5346809
281399
5351289
1561362
1504150
31913
5047979
4017758
353260
3767405
31038
1858711
2111964
693804
514060
6063605
3877190
3281396
1965108
1898901
5805477
5961781
5324795
3631671
32750
4548629
5990878
4730654
119105
447159
77999
41159
55640
279751
462731
7670779
3631866
5348312
7204139
5324492
7737710
5982398
5559767
120141
5325590
1905743
120998
5983124
134483
55712
5988085
5997366
1615472
5353329
427066
3382051
3617432
7691247
5447601
1903904
2039553
4113741
5344436
78328
5983824
5966624
138636
5998143
4760982
5342372
4606819
5889945
5351316
7787169
1903721
1479313
4516690
1979282
234062
3400096
7991464
2838619
5345066
615140
30049
5982236
5990821
2342802
671102
1688977
5979137
5392733
253842
6665792
5982131
3030313
2480095
2041066
617743
79441
374991
6890027
2017260
3735718
7025095
1353356
4463012
5599718
8155883
4532147
5187420
280350
4329731
255227
1501769
1067490
2569945
55676
2958490
877672
5660308
2343127
5377095
6283856
1882249
32404
282019
5993680
2220045
88255
5327378
5324996
1887393
1903859
5346404
6220322
5599727
1903850
285881
5344553
3280601
482954
355572
838401
1964973
5343371
4329704
7953410
970956
4539159
1506570
5348381
32110
2032384
32622
194047
1691102
3363514
6199297
670486
4543632
54281
5385257
7736054
8265714
5861127
1902644
3294079
5327480
5985469
30630
5998086
5327264
518064
202728
530383
31449
4531667
5982362
1169890
4544727
5605767
5348456
2691599
5163974
1229176
1450964
1903853
6197083
1432658
428198
5348426
5325833
120954
918747
5990884
3386894
4531883
5982389
2624463
279685
8236876
5990803
31041
3281348
5392667
5345006
1806282
5325278
467707
5990188
4532102
5438395
883220
544928
445800
1528578
2222821
65483
5424626
5348378
5348474
3750489
1478860
3294034
4523465
5512192
4730630
882792
1905668
7668075
5746247
5990413
6016317
285977
4938740
4528485
6792502
5046777
3877904
5352525
134552
6701069
4826260
5324477
16901
3507933
1971197
5324249
5346818
3382135
1965222
2021096
605124
80200
711276
1248247
5346554
1971272
1180774
5348744
462815
1561374
7060512
5350914
3880965
2618108
6301325
5326916
5352834
3299974
5326561
6114467
6237062
462737
5207444
5352618
4516522
5344559
748625
145976
6144848
5503913
5352756
5050709
5745641
5348399
6654229
3829849
5511873
1971182
1901847
1690888
294779
5327216
5348615
5990887
610504
7024222
7518209
4448574
1904075
1931942
33056
1964813
5751245
1905737
5325743
1965120
5352474
3000408
462509
31410
5995440
6699192
5352783
194799
6652996
873260
5352507
2912713
5630849
1067448
1903778
936507
7387306
63221
2893946
607549
5343788
1902647
24910
121004
6544702
63218
279412
4755147
6050313
2954019
518217
433968
5994475
2137478
2332171
2137962
4528487
5325401
6732418
5327369
905016
461788
617803
1511712
138747
55727
7745625
5404517
4134167
2314648
5863660
1858810
2903987
7176703
279520
5990170
2584579
5349386
4826757
5985973
7008102
5955487
462500
5327084
6563668
5424138
32625
4802094
6609702
500831
5348432
120756
2299702
742661
4526498
5346632
1932149
6249291
929175
5770394
5380367
5352300
1415047
873829
1092666
660209
1903790
721026
1904012
7613025
294767
1904048
5352840
7736384
2671972
5997402
1734908
3738664
5993689
3610740
5559053
2602428
1903877
1528599
4531679
941584
1887396
55652
1903868
5981570
7514157
4517675
5990149
3280604
435141
1238599
31919
5346359
139119
41057
5346203
1906234
6482925
72521
2562672
1398126
4553585
605994
3009495
4543542
1055844
5352495
120123
30076
7025092
1903835
605619
5511864
5375653
2605235
2899547
3228545
2939166
5996139
3082349
5981561
3027583
2339407
5994958
6205549
3909053
5326760
2314474
7408205
6196034
3083262
3751076
4035250
190192
5392736
7738334
5981312
2843254
30700
5354298
33721
374961
48067
289169
2624990
5352663
462569
3015296
2123362
5346830
1054169
2480456
30936
190432
4017752
4531334
2584848
3578557
5327270
5351274
420450
2908786
3034899
915505
2571448
5996079
30019
5354064
2620636
4529734
2041057
5352708
5326103
1904003
4134170
418164
279169
132569
4522976
5344550
5348738
6142014
1895178
5327474
118913
5324489
3925632
8153439
7953689
193711
5325086
4660858
621393
641176
2898526
289163
3374915
5707921
3281135
6264014
4519195
2341705
30901
2017254
1178992
120992
2480059
3890944
1925581
2480041
30833
461641
41348
4448610
681555
5998488
79612
462563
305806
3783797
43561
438620
5986753
1903580
7876491
1660680
1950761
246125
2018794
4329737
5352666
3118758
189903
5864056
1943138
4531640
2691810
7519592
4543671
1943585
4796026
6058626
79606
7010182
346281
3221470
1322115
517830
1965111
1904060
7008111
2606889
448317
202429
4516777
691431
33406
932102
5353926
5324726
5353419
5344997
1946950
2908282
1171755
307674
5365286
978071
1528387
2926015
3382033
279001
33661
32738
1067762
30238
857972
3393468
5993728
119087
1903706
4528711
5511891
8065287
2905002
2480351
148141
3087922
7016138
3120659
4240514
1975505
377051
2999709
55721
5354289
2566800
2625053
988235
1905548
5345051
6699195
7008090
446490
462689
5353557
1185190
6167461
3041284
4544580
7622212
2480047
3294037
3007870
5325272
5348360
5995470
7746908
1979150
460398
988295
2021087
7638681
4533098
281947
5344427
856955
4531646
5523150
1931044
5348576
670414
605022
5345952
7008120
462566
2928540
2021057
4525887
1248253
5345033
3761363
3345162
4730505
5452733
5347124
2111943
5503254
1622033
5324747
306880
5673865
877807
2571721
2584746
31425
4517950
6656353
1108190
375003
447551
1696955
451970
1971251
4531172
5345714
6107292
446648
6049719
1901535
5352600
4516624
4543449
7519748
434910
461413
710892
1420506
7988773
462800
1946575
2880191
7008072
45270
1715863
2939178
7025505
5511858
461416
1277384
2313515
4531664
5983947
433965
6012443
3617402
138591
738725
88120
820422
55655
1528581
2618216
5352762
5047976
280832
5864509
461485
1953151
2037651
2343103
3745560
126509
1528590
6811810
138741
5352399
5180833
2954175
2124240
538981
877801
3410495
1450946
3116726
4728507
3753166
2924841
6504699
1093539
5988706
708201
446832
449685
1206431
305483
530881
4796065
1112795
5349278
5981348
134289
120840
5993704
5727227
2024412
5338763
1985205
279658
7824840
5630870
1973281
30585
498497
3382063
289160
5749931
4334744
1059175
4529103
5997918
4516825
1561311
3363631
138642
2480050
5345639
1906704
6710468
7015534
5993335
2137838
5362396
5326505
2938887
3294040
5348612
7865033
2956559
1976775
89138
2702014
3382045
858395
873272
3294049
7025454
5979680
5334905
3187253
2538741
120843
4540351
5279928
364907
5997405
2618027
1192262
5983361
7018737
253833
5993713
1984734
5439455
132560
651861
5353797
2584740
610579
5348468
5346032
33293
32553
5981564
6624360
5324528
5405942
1639581
5352660
7201180
32768
5352633
1079113
32798
3082277
279247
5990449
856424
1596330
25006
280802
1943005
5352612
1326004
1078666
4531685
44952
691392
355581
4235928
7518566
45003
1396999
5346644
1903334
2577244
5352831
5345651
346275
5982110
29756
1903745
429563
3783815
1932171
462674
5325809
4516495
5868950
1905752
5344193
1298020
4661637
4543539
32604
2039839
5327210
3725143
5970264
5354058
2931976
605922
921797
3000078
8165271
1904039
5436088
2340843
1117704
7050001
6948495
32125
5982266
5348609
5325035
1424334
3045110
3750486
5990869
1420431
5325071
1902968
43529
2032381
1571408
5352381
3088496
434730
5352408
638996
1478503
189714
30898
5342378
1903796
5982419
7008285
5521984
4531649
285884
6120887
446925
1903775
3749358
970953
5323742
110760
2538646
5380379
1936015
1688971
7513170
6109833
1180967
7696581
2605244
462093
1339994
280949
3382048
1906222
30886
873266
7991461
5327174
4554596
5995110
5424207
30588
988250
2117728
1188589
462503
5325344
371975
5348603
7232357
5327477
120846
4533676
3212904
2900493
2665
1171815
486113
2339428
1979341
1392091
72877
2671978
3382075
7761191
122992
2340503
71277
5439830
4543620
1408045
5392739
4516975
1978097
2019040
514057
1726352
71955
5749844
5993692
4516864
5324531
4540797
617887
6529861
446630
1790684
2338785
30576
5352579
5994934
5630858
2018977
5757457
5990812
1979153
5326607
4530393
5986516
647931
5346536
5673871
3293950
7899347
5961086
43564
5770109
1936444
1903931
4523120
7744497
30573
1887558
5480756
1430383
2880083
3618205
5990764
5983821
1971260
5347010
1101946
3501796
79552
937377
5344424
33125
88565
29372
5324483
2340852
448153
605925
5630831
5265678
5994847
1801860
7541517
5749880
5237529
1932155
5993305
5049759
1258677
857087
6860390
25509
1903970
3065793
8162151
1977816
5995428
1903322
1903913
4331752
5352624
8289958
5352390
3749947
1244919
606033
434085
1171428
280460
3010860
33116
2947308
3954575
4796245
3439209
85451
5511867
30762
468722
3382060
5327342
202692
33047
1803536
529095
5352690
1943080
462524
347457
5324621
5995437
30836
701270
462710
5352510
193282
4553342
4516882
120837
919742
6527893
193708
30073
5995038
1171485
2628650
5964852
32574
5345708
3752988
592605
2122570
61885
32693
448323
119093
5345111
518639
30561
2913712
7518206
1903979
5325752
202749
1092747
32365
1903994
5450457
3811465
5352435
5631129
501130
818395
5325095
30933
919769
134564
1092993
2577130
5327336
3346130
285947
2137481
72661
5990164
120129
937380
5348618
2137877
30627
7297155
5327456
55257
4543701
5327207
7008081
5344448
1904033
5993287
138732
5353791
203061
1898892
5990494
2322599
3306186
873820
605691
1936342
5630852
33200
1932983
877060
5508278
5993671
5790704
434940
4542216
2571775
462728
5326646
8333793
1903820
5323865
5630855
5345000
5995530
3346004
4516525
2342109
1762781
33463
132566
5660371
4535890
5987614
5982368
1932152
2584749
1903019
1481241
4331289
5066573
1899983
5326727
4534867
5979146
4558466
285938
2571999
1309603
1901035
367701
29480
6334723
1985124
1470117
5310100
3376276
55670
1733841
3228380
4533364
4661583
6016329
5352720
2566578
5998149
2928156
1905734
84836
748676
5346752
2895804
1903940
498581
1903895
624494
5500446
1903982
2341702
5630834
132716
5980784
1904027
7072094
1904066
1903892
3749280
3783809
1201004
2569517
5344742
367201
3711861
461524
1581731
41369
498575
5244322
3785057
2032378
1339988
5352912
6196733
7614480
120983
5351325
6197158
5985919
5984655
7420895
33550
2557876
4529811
4544748
615700
5352384
883187
1944349
462734
1078681
6281232
5348471
5523156
2967571
5325161
1977849
65495
2566704
5347826
7517000
858401
72183
5990806
5324399
5990848
1931933
5351295
374985
5985271
434109
1883723
31455
5764257
42940
2606916
6261493
1903754
5345027
5539959
1396952
5210785
2342790
1171311
1549440
6550035
1995868
7613400
4329692
80684
5345099
364805
446814
7740652
807487
2945779
6089529
1903928
721050
5323958
88261
871311
3382099
1018566
3057807
1971248
605940
2128051
462725
5352795
1093260
5979845
5345054
5352693
6482754
6872071
61912
6013681
5187423
3089155
4213645
5327462
1903304
5352774
5203490
5353326
1688974
4516774
462692
5354061
5990818
2161932
7060515
25611
4530563
30582
132704
138639
1858717
2466993
462548
2571463
6928847
5325686
7565232
5800973
5511843
33487
1883264
3880854
4540791
134471
2896594
1351000
2650230
5345030
7008069
5982149
5377059
5347016
5995467
4539462
280607
110787
5382407
1301131
4518361
6195315
4333646
495559
1689058
4530785
279562
5993701
7585892
1398345
3001010
7214678
5997750
1903985
5347990
3281351
3369934
285905
5990191
3455056
31347
355575
6590260
856439
4543626
55595
29591
119408
1657667
5983088
7516587
3225195
132698
1900966
1932026
5345642
498557
5981318
2868885
2314864
1397907
8001117
1903901
1180605
5982638
5819682
120834
5753741
5351451
5848571
1928260
5210716
5346014
1581576
5985253
7801149
1895166
5346635
5983827
2137868
2898058
2998360
4516711
513892
1788382
33460
461982
4521951
5325815
5511846
1965087
1488777
5284628
5346881
530797
132725
6076865
4335480
919802
525549
33469
138672
5324774
375006
4519645
462806
2340506
6198517
1932713
4516771
2477048
1965099
1816469
5326424
2304353
5187426
1906803
1048676
2852699
1974270
5325551
447937
6292369
3178791
1983988
5326604
6197797
7022549
294731
4310029
1367844
1479328
444679
3382126
1435078
1234721
5325353
55745
1719050
1562016
5945742
5326619
5599802
2899132
5327201
4138510
5994556
2930618
29675
2585227
5605746
4538261
1489373
2609303
5993284
30895
5990872
1410672
5800395
882072
194790
1906207
3233948
5982188
2557726
462704
1903712
297866
5327453
132692
4334933
5324825
1397299
7880028
2032396
2577418
120909
2019037
6543594
5990854
518049
2924556
373200
4843279
33412
3382024
2017144
297857
5981213
2896597
30827
32759
5325701
462767
7745205
2476925
3382018
1903898
617890
444733
2577403
1185040
4213672
1450952
5674129
4784922
1337885
41345
2463996
6526414
5966822
1310861
4543584
936273
5280966
4516519
4543659
606042
32131
5351313
1906764
6872068
5805480
5343374
2032387
2460556
3043420
55643
2993124
4536680
1816361
4531244
2717896
3234098
1171092
919790
971730
455029
462677
918828
119780
461686
1995859
33667
1237275
255563
5750273
6011645
4558820
7767336
874577
3089223
3002550
63215
3455092
5352747
420071
5750492
1965093
1170986
5608686
5995113
8190776
5326757
1171188
5776078
7876611
5327543
610042
381597
1906695
5060322
5342354
88267
3083250
7915929
30106
1903808
937374
65597
33379
605169
7691493
5983094
1906219
1510450
5989621
7008078
5326931
6653254
5660104
1092996
5990860
483278
6196322
5990875
1928051
660872
1903922
1932986
7738694
1932980
2671966
5327030
784768
2137793
4534744
55649
4519782
857126
2901405
434097
287699
647291
1099344
3316191
3346100
1974339
4448646
1397904
32122
7987173
7737488
486335
3226082
1859067
138669
1509804
4516723
5326736
5990173
1971269
5323877
1018560
661032
462617
2137376
2963080
1945980
711273
5673874
5763406
4910469
32143
821353
3760860
2195603
660353
202471
606039
4531637
32562
5405945
1623314
194044
4557845
5346557
5347136
2932105
2137832
2906230
6956614
5346371
5391055
3839626
5990890
5979035
2016512
4531643
5353551
3783794
6510508
5511849
4000574
1899884
1399493
5982233
4332124
1887573
2713408
4543491
1180652
2577703
7989097
4526522
7619626
5351319
173074
3346277
5950073
446922
120147
3382114
5995485
604965
1979159
4516861
978653
4334194
6249300
32164
2990964
2871845
2032390
1816580
3769731
4556504
4034614
6956557
1561305
609958
7849292
5324342
383613
659439
5247109
1229899
1055769
315040
41848
3
32891
1098777
446701
47448
5679153
281156
3120656
2336010
2461549
5388584
856442
5324993
5981534
1883258
1993497
5353305
1971266
3751419
2344320
3473048
285971
5325116
285914
1995481
2117821
6059459
2894106
5351379
408049
2997884
6544699
615579
5346650
5343251
518013
5353323
5455108
63527
4334227
6851382
2644886
7008117
5346410
1906204
5348750
5982134
5325584
4557677
2476919
1961455
5325314
955360
2373579
4528529
1902956
5348348
3030455
5380487
5347022
61903
192919
1887537
5352453
6126285
5988931
5349790
5324975
6118983
462533
5981753
919208
5327555
5385020
2930609
1903313
5352669
4536522
1943210
467716
915469
5995533
2673451
5352417
30942
6197788
1957985
120894
609751
5557619
7471304
5995107
32167
462698
1883267
47871
7738340
5980202
2568450
5985796
1107806
5333748
30830
383616
647315
7018536
3735724
1657610
5464972
7022803
434922
1561332
1903883
33547
4329716
4213657
2123869
1528536
2881073
3344722
5406258
1979165
5981270
5982155
5327549
5981549
721074
29642
4319702
5326796
3752910
5984091
1894196
8154775
1903727
3752880
5326109
7318215
26876
1906036
717486
5343404
2541650
7518230
54606
5346353
5348594
1567387
3153034
4826571
297572
1121082
5982395
1561353
5352753
5347118
4052207
7369850
5348453
2930600
2696687
5968827
5206159
120138
498542
605343
3253280
673491
2623219
2931910
202689
6196727
4551777
5326379
897417
5673880
5478702
1979141
365147
1258697
5247159
7067208
5325566
936495
2341672
271808
3711849
2993121
1883354
6699264
462716
5406444
5993524
518070
1902926
30579
988787
120966
1904000
877239
284005
7985430
1657673
7736439
30022
5993317
5982278
3041935
4661368
2880200
4229084
1903838
152225
1806147
5326574
1932146
4684479
34995
6528744
270626
5352678
444461
5352735
4530306
1882580
5511855
5997345
652921
4531625
6105193
152387
1561323
2898064
5599424
4529740
4516633
4543668
3282383
3562236
462605
5323697
631112
4551127
1206129
6872074
5353335
2993971
3249073
2137841
1953288
5352684
298109
606036
4531634
7738178
1989206
2304335
3752907
5993170
5959726
5352648
482865
54615
6035304
5981330
5352681
843535
1337861
1932098
444682
1978159
652652
6196484
4183719
4543662
5599631
5352564
5352675
2586432
55679
5982380
1816145
5996727
5327222
5327051
1112786
5327327
323568
88180
4707
772755
5352444
1946962
2276367
474210
7008126
3382111
1561314
3225061
120126
4670984
1903307
434118
2571939
7688685
119084
3686963
1611601
5324339
5990770
5982905
1177939
1937297
138615
7246675
436512
5797220
3344677
1391291
1943279
5993488
7016147
25584
1965132
2999290
5325587
462620
3363990
1974558
6730443
32690
433071
5327219
2895846
2571951
6778772
7008099
6175541
5325779
434100
1984719
5352828
6297105
1397632
6653278
4598584
3011080
4019069
4548827
444706
3839913
5372047
2480077
7009417
444691
2999721
2927875
5187447
4519908
7283550
2880294
5352807
907381
822688
32146
2898313
430739
5335718
2577247
5352813
1906192
3415949
31452
1171440
1502084
7518434
4017812
424059
4628697
32221
189891
3752865
1834414
4531364
488175
7179807
6586560
5802655
1548789
2035727
1971254
2339799
5745707
1857736
132695
2899615
1950862
1904553
1806572
1296474
5342375
32128
5326730
352139
5326169
5856840
607345
462818
5743845
1898904
120150
381600
80173
1931047
670483
2852984
88052
1974021
5325581
5993674
882968
543925
2060540
1573247
285643
1963781
446835
5982371
4516768
1901499
631109
1561296
4730633
65501
368909
5993275
285896
1488771
7955064
3293775
2041069
7613016
5982152
369567
2880565
462626
6060895
4519189
119081
3088275
2116010
5405750
6594908
5497349
1965117
1420437
132689
120852
8239380
5993686
35025
4531682
5047754
62079
1807836
5209175
2896508
1903826
1067538
2570832
5511831
1007577
435144
5990176
118955
29950
2137865
5346656
5982386
5981189
120891
2606892
5347139
5605398
5983758
2000530
6562443
6361332
3277460
1928177
3222604
2305351
5348384
47460
355560
1755480
43570
2880907
5439764
8113997
462701
3227443
1984752
6546482
691683
1906228
6088742
5327123
2638765
5326733
4516888
7432476
505833
7912872
3432386
873382
2714075
3363520
5605098
915478
368583
1965177
2577406
2649631
5982383
613385
2849623
340142
5352645
120989
30756
1258671
1902965
381612
138477
4628147
1900199
28584
5244325
4332595
5994364
2997184
132713
368619
877594
120117
5511861
5997369
5751167
5325944
3382030
2994593
5439854
1688983
2596484
138618
4531520
138609
5348351
5346200
1971257
4531490
1903907
2996460
5353788
745523
4519192
420733
120114
882926
2567841
1807317
1903679
1970679
1788364
1258674
5347142
7049156
1903910
5983106
5348585
5994358
8028841
315043
132530
1906213
5352843
2997302
5981540
1161747
5950079
5325356
3737860
462554
1528548
7047532
641757
5352630
5325479
6956611
1632324
5989996
447138
6114077
673545
79537
5979068
1309450
6199345
5979182
2341708
4517031
2994239
5994928
745538
279499
5352702
4516900
367195
474993
446558
692536
119429
462683
467725
7483917
5998248
1946542
5385134
2538660
4422446
1883939
3232401
7885944
2898334
2904471
462578
6251712
4516786
5323931
5945943
2571954
2999550
434094
462584
30391
3346112
1903874
1943282
4557887
7655989
1903328
3382138
936510
5349464
30987
5326241
2480068
1883225
4543704
5993719
856625
1906195
202614
462809
7612779
5348339
1528584
2572032
4329728
461401
5630840
1946476
7939172
33128
2583088
1965090
3295229
2456652
871296
461377
1905683
7643178
1501356
4934751
4021825
3462746
2340707
5324234
5327177
5345462
970992
1858816
65516
2931907
3045116
8082264
5271343
42943
1906210
468297
5353314
1905584
1614781
462476
2137808
918972
1903817
1310038
3280715
5934908
2872902
3954569
5406585
2137853
1977709
72530
462542
4522073
877516
3363214
32601
2273678
72847
30839
2480438
3003454
2480062
728855
31413
5996058
126512
5990797
1943285
5406405
1965096
169348
7991467
1965102
6656476
5323799
5354292
5353785
5352519
285890
2397784
5335703
5371924
5325707
5323937
7285896
194059
7009063
3752991
5457910
2932677
1905746
6098584
1669085
80212
1392109
1935039
5325155
1975214
285899
114305
114311
5981537
5372805
2021084
1923462
5346641
285893
5352561
4093466
981700
1763336
138735
4134176
5324024
43567
5984997
5375743
6431894
5326613
5511840
1931945
5348429
1183328
2998477
5326856
434946
2332712
5348450
4093632
5345711
4540911
2037366
6252551
5790111
1906216
4078274
2476913
1903730
6088745
285246
644189
6112778
6857824
2480426
6029520
869731
607432
3501793
62557
1367249
43526
3363511
31359
7736708
24851
5989555
4304814
55553
1903889
4519678
347460
451925
3346007
5352555
4781067
5324600
2571945
3371422
355569
3617399
1943276
4332784
6014818
6115118
280943
4516762
5404493
1965081
3282581
5605869
5352867
5345096
1906048
55682
54278
6713733
5348363
5352973
2606919
5995725
3228032
4924722
4017806
1888609
915406
5325962
4009332
5993293
7016177
1170761
5351469
1432625
7008087
5352639
30097
1561326
1984725
1886131
202695
2123029
6301362
88078
76350
3386924
5982359
29600
4554323
7022546
2366271
5325131
4523150
1946638
1903955
380815
882081
1840547
2649619
5992570
279517
1965126
2130183
3316212
5454626
600895
88628
5604370
3316206
4540456
5997363
1092990
5325224
1906812
2476910
3382117
1903751
283963
7565463
971904
55673
7068152
5608680
3382066
297968
856445
803629
1904273
5750330
1143498
1257136
1561338
7083776
5992255
55167
1971263
369534
8124826
5993683
711297
5992555
5997729
1904024
444694
72518
929329
462581
1891301
5981573
194110
2062826
138624
2019118
2929528
1895032
5353410
3362959
3792166
5345633
2702911
5327015
7622934
4516891
1776043
5346398
49873
2305624
4823272
3339899
5342363
347613
119453
4574040
6645783
5324306
1900978
4020784
5456241
5672540
5324837
3203051
2341711
1369002
461773
3116972
1895913
2341714
5326610
4991938
31422
6699339
5346821
467785
2997611
1561368
5598845
29027
5346833
7005211
6653281
5327159
5346020
7016133
32149
1902359
1567357
3226664
4763915
3011086
5146059
877236
54894
3994126
7540716
3376947
5993281
6235428
4078235
883190
122986
2849925
1915256
120753
4518277
4543548
31443
694120
5352420
4528043
55532
880815
32137
3783986
1392112
1420236
590785
314981
1691099
2313977
3294046
5346413
1902953
7230118
34104
4531559
1172053
2901818
4532054
6564585
79633
4246325
2898754
1055829
5344196
5990863
6197716
4543638
285998
1509798
5993647
5324096
2135107
4523138
5352738
5404421
6525481
43372
624786
7321817
5994670
5446869
6548991
5598782
40844
5353320
6175547
2476895
3300475
6062542
873637
147820
5324063
6142020
1903925
138576
4495910
2305537
2606099
5324360
5354067
5326322
4659644
5990824
2315014
915487
5983358
5998567
1596124
937359
2021093
607324
2602425
2927219
4334432
6016038
488334
5352819
2342465
5344199
5324078
5980064
7955843
1435069
2928591
1906710
25902
2137913
2476901
5327450
4527140
2566716
5351463
202752
3346106
6100947
462632
5348582
768166
7738472
3375593
1858813
5244328
1504582
279529
4335444
446778
2606775
527946
5323691
2557978
462812
610411
4307156
5511912
5345702
446621
5342516
5377020
2622961
1143513
7017684
1599891
5325806
8163291
5351307
63227
7960513
462686
2575192
4544679
138705
1092891
3880974
5348420
8161314
5348435
5280229
5352570
138333
189918
610813
4445840
79846
1169226
4554374
6196007
4543524
915472
3344898
5354073
5350905
8160555
4110592
3898943
3508059
2480053
5352699
1979822
5980187
7992181
355578
3880632
462560
253830
5187435
2571957
7566390
1337867
1321939
2060537
5348390
5755388
8153277
5326355
3382069
5993677
5326244
6951252
3755889
3058234
5511897
4758839
2566638
817294
5352789
844522
530563
857228
1657670
1561347
919739
7443320
1501661
5405939
1979162
5354286
4329707
1984743
3281432
1918482
5324021
5980817
3752892
646497
41054
1904045
2632793
5381360
5989066
1383147
5405747
881286
5324834
3842794
1351159
4523471
518046
2902660
1396955
5353296
43825
3346800
5350542
1857745
717590
1599885
285917
78331
4704
285935
33409
2023656
244818
5993716
2936648
2123365
7060655
5165602
5990773
6088748
5346368
2606712
55550
5327375
446716
5404097
374970
2032402
2431166
5345636
2019046
5354301
1918495
2931847
6510904
4516705
3294073
4516537
33011
5995128
213359
171298
517836
4213678
2618024
1887582
2315161
918858
5346659
5352609
1904030
448320
3245160
434943
2999715
3294061
3294043
4923436
4335438
1902950
1904360
5326700
1979081
279178
33044
879616
937371
2584743
2995423
420462
5630861
203130
6195977
5990410
2896758
1218337
5352798
302300
5326166
714741
5994388
355554
4448535
446645
5352573
562730
1252268
1340084
82785
3752868
5354076
711261
3294052
5352546
3880971
5325083
5350575
5346653
194104
462722
3880980
1179699
8313857
5993173
446829
4213675
2032393
462629
673557
6543800
1369893
1902203
660559
5599484
4543695
5346176
1901419
5351454
35028
5630873
444709
121007
2900385
6142011
4759281
5392628
4531670
5630867
5345627
4213666
481546
1984737
4038793
532043
4518168
1018567
110658
803452
5279925
2714123
4558326
446868
7617881
721065
5350911
5381031
4826946
374979
2901108
5745599
717902
33053
1337882
2063630
5354295
667965
4533325
5981525
4005381
2137889
2366581
7191264
610672
6905128
605016
4516738
30892
5980622
4544742
610063
1965114
2863014
32559
80224
461371
606051
6051323
446826
6652999
5187432
5279886
2342278
5623056
462512
1905731
5500275
5990182
32595
461590
661178
8156934
437180
5990881
1884056
5208315
5348366
132722
5324714
1478497
818296
5438392
1657697
1147844
1318049
4549672
1984359
1931930
4134164
1903310
8124820
1895175
3752886
3760857
660269
1902371
5992783
120906
1984746
5726671
5990857
1398348
1561350
4434521
5346545
639972
5432641
364617
5599220
1561356
1233077
1901550
2577235
32260
137198
3382021
4531193
1978811
5984733
3210034
32900
72527
882232
918843
1903757
6889502
5352642
7992055
1903958
1117782
1903739
5995449
3857987
317269
7621885
5327531
1902944
7738025
88249
5352852
7594136
45012
1670854
1055835
1985184
5324594
3346142
2998621
1979147
43896
7003444
2017374
5981555
434091
7017690
5352822
5612565
2903419
1904258
4558832
5573257
5997168
5750243
1903823
4795165
119075
4319866
7339293
138606
622216
30274
821521
5248142
5346023
1561344
3226922
879865
5345093
7739630
1067478
5345705
3755880
629899
2137850
132599
5342633
1399160
5326739
1906788
434895
2480056
5327459
5353764
5990815
5342357
2954178
55323
1903832
6993532
1900861
25860
1488732
3028073
5348408
381585
41342
606277
6438602
1904054
65486
7955975
280601
1435081
3222601
8157602
3040620
33122
4522997
120120
164743
7008075
1901451
5153909
33050
1978835
202456
1984731
5279922
1882273
194056
4523153
279790
4840959
5346824
5352750
620470
5325692
5348405
5990809
5327147
1904036
3382027
3363094
3295232
438623
307477
368580
291358
3770483
104173
5993581
55637
5344556
8161458
7940204
5982392
30824
5324480
72524
5347145
2062949
31877
5599514
5352588
462707
5405765
1771317
1399166
647246
5344430
4528553
120132
877864
1953357
5351301
3683306
2928174
7014042
1859247
138597
7026930
33206
5988151
6611866
681549
55718
5334347
5353908
3345676
16426
1905740
5326751
4540932
3039563
3895382
1943044
3752871
6478815
5324327
1905722
2572396
1889985
1509807
5346542
1957730
28516
5325593
7988659
1894151
434022
5981162
2835972
5324228
5346815
462713
5352711
121085
4542858
1397023
5346011
3058938
5984127
5344766
1143510
462719
5630864
30883
285887
869845
4532318
5335691
1903748
2950570
5996358
5347130
5352732
1114553
29345
6656119
4548656
5348732
7791909
708198
1902962
32526
3346805
5353416
5325089
462611
54284
120995
726468
8162676
6197830
2460357
446856
7693005
3281408
7016174
1397925
110799
1504447
1733521
616336
4403273
5995611
1945746
2898367
3880167
118910
5352768
5345042
3092139
45000
1101838
195978
1898883
6778769
40940
2094917
1943264
7737218
4826613
1398812
461841
121025
110793
4516765
5187441
8161302
5511882
2158503
462593
1179151
4728355
7009429
7746926
649067
1562019
4614606
285953
285959
5511852
1677734
7004881
1901023
3881067
4625257
434007
5342387
4333900
1059118
857627
4540378
5980802
6235365
5348606
4267558
367198
1983670
670490
5984481
5376947
5982968
2901638
4529731
6015583
5324969
1107391
5732375
3382057
3735727
438941
1398884
3783803
5381366
7181022
462680
5608677
2939190
370196
8162541
5993698
4544733
6040093
5348591
7511232
107376
6175538
279337
883211
4543698
4714143
1902662
6620772
2329110
3280553
1904009
3044612
5323916
6890215
382295
1167631
451526
2330553
2060969
434115
5352714
281360
5324426
245403
32610
194065
202701
4335924
1984716
1946494
5983818
79468
716259
2880568
369893
2124091
420468
2476931
461458
1937447
277100
4516879
618965
80110
5982374
3203048
605877
32565
444718
1903871
610666
2017464
120855
877786
5327333
445629
5346017
5345717
121001
4540788
5351466
2339110
711270
446823
189930
2032429
3011053
65507
5346551
3030428
5352480
41869
1903811
5990899
5352804
1395740
5982224
1092984
610699
1901182
32765
1092915
1902959
121010
5325092
4334104
2021189
1904021
5345645
5995197
5324345
4535424
2032399
2762070
5998137
55685
2480065
462494
5998146
6006750
120144
5982719
5983109
1903781
6655708
2137856
5324330
6654100
41351
529131
1399648
4520474
2566575
5511909
2930615
1398186
2975201
5352552
2571145
2021090
1904051
3899018
2018178
3877207
5352582
644836
5961080
1528033
5993347
5336084
1903880
1790873
5347133
1171221
711213
5990833
1905719
2021078
33212
1953754
5993722
3385068
468728
122618
438770
5346548
285968
3294058
1399094
4516789
1507665
72458
420182
5455177
537569
5345003
629902
2003342
1526638
439502
3765466
444700
4238275
5443445
872217
1101943
715822
6911373
444712
2620334
1258107
647360
5203718
803341
1883261
5750342
3743604
1903709
374988
5347112
28533
1903946
355338
2859838
2137847
1857193
1171488
1846389
6655918
2859409
267846
2047317
1561341
5326346
2463586
2903769
434037
5511900
304697
4516948
818293
4546965
369646
1691461
181947
4520204
915475
289778
5352657
5347094
1903943
5788342
7988656
1936408
435018
2571960
202725
60687
20059
1903718
5734592
498923
4533346
1903769
5324615
2571802
5353311
5352396
2041101
617884
1513252
4536363
32380
31446
1903715
5352741
295049
5325557
5406273
1561365
2137811
120030
3915192
279400
33119
4540142
467722
7746611
5348462
2896514
420510
4557934
5344442
1903062
3228257
8165280
2606721
3879808
518058
132701
7738034
915490
3345959
434010
2040142
5995425
5404490
305433
1055739
3057419
134829
5326541
49879
7579582
5345600
55215
4516510
1935224
7023826
7751408
4852901
5324027
7511406
2041060
1488774
7296457
5477190
5346938
33673
30889
5105139
701303
7204480
5327213
4848508
33475
3281417
7015315
3396620
7301697
1976638
5352477
4543665
908832
29597
5352504
5674114
4550713
5352594
5439833
5511876
434088
2566345
610291
5630876
1903988
1055832
25515
79732
5327552
1504390
280260
1561308
2708967
5985733
5352441
685049
6196232
2955718
30328
468725
1903793
5676400
24907
5348600
4516528
2993118
5324843
818104
6748773
5990851
4826257
5994913
3303184
3221461
5983103
1398735
3120632
72512
132686
5352729
5848619
1903841
5346812
7182318
1206392
5987716
1904949
1903886
5334242
1906042
3385054
5353794
7812894
2585230
3752904
1903847
63230
1903772
2366575
654729
4524247
660009
31419
5630843
2557765
2480038
4134870
3752996
5344370
2896511
5352585
1903937
2618207
2894741
818107
6567557
5995473
636871
7746248
1098747
3755895
6550680
4607069
1858807
104008
5352375
660272
420444
4529722
5247249
5352651
3735730
1906785
285658
434103
303574
5352780
29234
5345069
2343545
7008672
660663
5997399
5630846
6199300
4277395
4329695
33466
2304799
6544951
307227
3380520
4530782
5987974
2054186
5347013
4529629
1807521
919796
5350902
4334657
434112
4213702
1905698
5818363
3362956
283966
6631792
4532273
32619
7903583
5990893
1978210
2714126
1903856
4516822
255176
434862
5983911
1946821
444724
3835305
1502099
5511828
1419986
34989
5279919
5352654
194107
4526118
435153
6713775
1909560
2711834
6732199
6290611
4552443
1901457
5348588
5503775
6886956
4628150
6012794
8160177
5511885
47802
5984235
6014101
119099
6314758
5352549
4535116
30694
684839
4533391
2700116
5346341
1677053
5993440
2993892
3306433
594171
1264321
4521766
4531628
2967547
1561329
5325179
4516681
4516639
4542792
7021422
4529512
132563
3346808
5983133
7357935
5326934
3058359
4541812
2853680
305442
1257318
444703
4135343
8124817
1906225
6142017
2123176
42954
1983622
40091
297563
3783983
5990800
7022339
4333449
5348441
1903973
1623527
285962
7955852
2618018
4781074
5352591
5324585
3000069
1995808
7738055
7483920
3880962
2955608
3030425
1690891
1688968
2577415
1943135
1979060
434823
3363544
462782
2557588
1909695
55667
423843
615194
79585
1903724
589436
2571870
7180521
1899174
3382156
5346185
1904495
5210800
1901853
5346539
3346629
610711
1906237
2709125
445269
1906231
5324642
4620597
670164
1690870
1979156
2124094
1904042
462536
7989103
5352597
2571610
3494986
3007405
661029
5984586
368577
5326451
7016168
3203054
4516858
2476889
7692498
2572110
4541162
44862
1816478
5511825
5982356
5985466
5346401
1178414
462743
5187444
4531688
7518320
3160900
1901820
7988512
5983100
2012529
701429
33376
1201191
5323787
1903799
1932095
1366088
32134
5990767
1903736
381480
5324393
1903673
5352627
1857784
1610086
1125124
5460219
7270677
5352522
30978
255197
5993707
475944
2894750
351943
5352825
2462380
3045113
6202155
138645
33428
5351457
78316
43659
420477
2542893
5353854
462530
2480474
31440
498554
2993634
5324309
2021081
4538716
4522973
2476898
1178911
7207381
1976787
2701151
5989459
660734
4529401
5325569
6259819
1984773
1900451
4536542
1504261
2862224
6269147
2137871
5345720
937356
5352513
1905680
500837
5995431
31407
2960585
1178405
4175037
4619985
7127341
651855
1900825
6260200
5993695
1903844
5854663
3382036
5982401
4407756
5993296
2901973
420474
1277381
5980193
43523
4213654
1904006
5348597
5801212
118907
2136857
138612
32957
2896463
631103
1903784
5511834
4865964
5349458
2997187
5352501
1965105
1946800
1965135
1493193
1898910
5982908
3403257
2019133
118695
5327321
3437793
5351292
1899126
189906
5352414
173470
5984277
1788385
4056300
32592
1399672
3116723
5511915
377054
7469711
281090
1816400
5346638
5325722
5348747
5325674
5352870
2538890
5351322
3316185
4555826
2931898
4531526
8158635
1906201
1904015
3752883
5981531
5983938
5352717
5372697
681649
1903082
5750027
2271464
717893
681552
1904477
5729394
1903997
5982377
5345063
614782
4134173
4516717
2926012
1657703
3340253
48450
31416
462575
1901050
5385263
5344547
283972
1905728
5741649
189924
31790
1131572
4522967
1903862
1596390
6196694
5750252
245723
6382584
1903763
5352378
2849817
5995446
915457
1340090
2893844
1902209
5804516
5979074
55445
47787
5993899
1904687
1248250
6051935
5334245
5351298
30951
1906297
3617380
5599112
1596850
6105223
285974
2993811
132665
1887543
1643635
32119
5607116
5995056
1154454
3120665
426193
5990827
2331802
5324840
5348741
2898322
119189
2874165
5994472
6015580
483267
5599070
181036
3294055
41842
2931850
2898406
711309
78343
2671975
4334182
4827179
825970
4557836
5993710
4516726
615455
4536504
612880
7032035
5352858
4185588
3058147
5351472
1674765
6526539
7535798
1903934
7843132
430715
303834
5997360
1059121
605610
88252
5352810
1901850
3365629
1895181
816497
374994
72515
6197140
5310768
6170779
5990167
5352744
4540336
5348735
4628724
234632
5352405
1931939
3042491
1562022
4531676
3619127
1604205
492204
673476
5353413
88742
1381201
88174
5996307
1678514
818119
5323934
2018860
3893726
1078669
605766
2619795
3280406
527994
1078684
4304390
4333344
2361339
434886
5994385
5354070
279151
495556
6197128
4228074
3228248
1905638
462527
2570790
500031
3879772
4826991
3076720
5613606
3619010
16895
4554587
2898373
245726
1593952
2315257
5385053
5351460
54603
7296379
5616662
721068
5998158
123467
5344202
3030446
1977727
5324738
4528550
5326454
5348729
6063392
1904063
1121076
5347268
462803
2898919
3210130
2320114
4531184
189933
2912113
4440804
271550
55646
3686969
996459
304730
4059302
5345009
132710
5994513
55661
3363604
1229071
7960177
5352402
3003062
6451572
1903865
280463
2439518
5344859
4516714
5348447
2123239
5405936
462539
5327471
4533116
2860074
5345693
1117578
2060831
5324423
6197752
1392106
355557
4543650
374997
5945358
33664
2936267
3382039
5979047
711264
446871
2926241
1238743
2304731
5324198
4013305
6196781
1903829
5511903
7613022
1249833
5981567
2184534
1946953
3177200
6749668
3362962
1904057
3415712
6710423
5346647
4490914
2873350
4535086
1381198
5352672
3707393
1965129
120986
918831
5992144
5347115
4370177
5861133
5187429
120275
2950576
93884
5986774
462587
1339985
446838
1883255
486305
2935554
6048753
279511
7027458
5187438
306384
6534163
5990179
7540236
6872065
138603
5598554
5385395
5349452
444736
368697
5995434
41827
3346133
3455020
2596571
2305075
5326544
6046486
5990830
1399559
484894
4033592
120897
5324789
5324321
5350083
355563
1901032
2896947
6029556
500010
438761
2671969
5630384
5326361
1992990
5348477
5990845
5348621
3118428
118707
2137373
6268983
1657460
119102
2908771
5367217
3752877
285911
5346827
857456
2343130
25530
3293461
1392103
3009752
7955990
5985631
5326724
2858937
1803560
120849
1581561
1903814
7513840
4516876
4333658
8161992
3225204
444688
1967735
30570
474497
202683
7013730
132575
5352777
32915
4522970
7181820
462521
2476904
8200581
462551
2341693
1918476
610519
434949
3429024
5981552
5990185
297569
3363541
7016118
434937
5997174
30981
4449167
2276463
120822
4527932
1396967
461656
4529270
5791878
434892
8161941
2859120
7736996
5988160
7186506
605829
1055859
5345105
7843910
654582
7667038
26163
5347025
434898
5325101
3881070
2993545
5324852
5511837
6175042
3186267
1906791
5324515
2467845
3752985
32089
5334239
5352483
882078
1295846
5982404
5985754
5345624
1397284
3756393
5630837
489616
1946461
1383153
3751473
1903787
5348372
3382150
5750348
5324009
1903766
6175544
4861420
7795427
134480
32140
4516687
5346929
1561359
5988319
8170210
2018836
1895703
3225687
80215
1657634
1434997
3030399
3877898
24848
1901329
735933
2924014
152351
1561335
2334708
4516885
5352801
484270
4097464
132683
4557566
1883252
30624
3057425
1977804
5407238
282775
5630828
5352567
4017761
30697
4536105
6039937
1434808
2898073
1398537
7025098
4531622
355566
5988655
5348402
1905695
202632
7955909
3281345
5247781
1251614
4530180
4557521
647482
5982161
1675329
5324663
4305882
7738346
5324363
4529156
1902188
169563
5990839
5324459
5456328
5989963
203088
641754
6652750
2618021
5346407
660254
1936909
4304665
1903733
1056322
1339982
7852512
8234842
4823117
7013634
5996901
2640132
3363013
1171500
2853614
2571849
3737714
4329722
1411050
462515
5981528
3925614
1374954
1501832
5352432
6929045
120831
2899672
364838
921800
7008093
30821
5608683
367210
5618493
88240
448350
5326223
2629661
6563905
1120255
2896893
2858772
289166
4891282
2137340
5952693
3382120
5995452
30676
3382081
1965075
4544739
5599568
5660191
54079
7613397
937368
2647563
1903676
7578352
2476916
2947010
5327144
1903805
7719924
82735
45009
5995062
5345630
5996160
462572
368721
33670
446889
629905
5325182
5751239
4335930
5998194
445995
1901026
5352855
26214
5991658
938446
5326283
7485034
2569239
4530770
447207
3369811
5342939
1169375
1895172
3735709
1361846
5346026
285878
2467597
919787
721056
2568627
2929077
1903742
31434
1903802
1985019
130606
2106282
2999712
138651
5327192
4543707
3783806
1055865
621318
1806985
5982158
3281423
2859047
30564
1561371
444255
2880140
1903760
2476457
462590
79528
3011068
5994148
5348579
4516780
5754858
518067
6550015
7832602
2093931
2019049
283969
1392100
7642649
3040111
3752859
4529106
5505044
7985433
78310
3382054
5324831
7184233
7511013
357097
