3808593
2312833
5367053
7869089
8058811
823231
5742132
1523149
1583010
1965475
421108
7881919
1215333
321393
2762715
6427633
7084602
2950080
5592846
2122448
5465652
5826000
1908919
197890
5445995
2578082
2101036
7906325
2239858
6467736
184598
45132
587849
93735
6210140
9882
2717260
7052262
2354487
377117
4920939
1125388
359713
4571334
2231801
6438202
4413402
5773701
1309118
7209709
1176302
158395
69628
5884333
3725248
2955321
4374907
5675404
512542
5737236
7855333
1939488
4266605
1789525
1938403
5488363
5604919
5551873
5852940
5320509
5408486
4713812
534499
5424729
2010054
1588359
6369718
917759
7036995
359780
7103391
2841336
2876497
3737741
1966859
5408474
6913021
5363570
4243581
6450979
516628
184616
1593066
6652447
7051485
5652618
3304037
920948
7795097
829693
524270
5313936
3214645
3483743
5476624
5366950
977741
7690285
381003
5993992
2699430
740060
5214452
3615312
4098212
513218
3129075
4475768
3555225
2325679
5743196
314323
959618
60262
5428848
3203614
5613426
5744757
314450
6801482
2003111
2702548
236456
5461297
1408491
229905
4652221
5863018
2696852
6282785
1113948
529260
1205557
218261
7432533
3778161
7822877
5309480
1034939
6440504
522525
1420045
7689284
7053560
6463504
1113972
1933631
1334793
1087139
5124169
5499780
5376353
436194
502890
5784519
6295166
1332633
1667879
185979
1446546
512569
1931511
303915
3610704
3714262
2017726
454181
5346077
1215327
322682
7053656
2321662
2072264
5744760
7052812
4604806
1420079
1593126
1882155
7029375
3578470
6206882
7036384
5770442
6502445
3630870
2052139
2372033
1104304
1185379
2419299
2371
3385647
834514
6500954
8070664
6424869
79915
7469667
491705
7915402
429159
4374282
7954232
2368860
1408229
7918620
291768
8063521
825697
4920506
7053106
2765963
3993029
5360076
3570441
4607075
4340493
2791409
378090
2490291
6442695
514375
739230
1597213
2234393
52502
2035945
1232793
3321110
415265
211668
2061465
7870741
5790502
3656903
1099715
621583
5334557
1123357
666075
68983
1924252
7584848
7687853
380068
479523
5366176
130630
5512050
8047698
1174026
2614644
5611558
122764
2136203
274125
4904933
1982529
5870189
3044350
1392058
4672855
3661121
1463931
1701653
1146073
1907944
6638575
646322
4353515
5837007
770620
5310049
816151
2699414
6451713
5778278
5451554
2712587
7052710
3614646
2775236
1035375
2634370
2215014
265850
8280186
1439110
1289448
7689294
1908970
4071366
1678299
1842623
5484243
299498
3673199
5934662
1420806
2516620
5743190
1221070
6979147
78005
120319
3317617
4161562
76189
2133359
3908657
6909932
2554990
214416
5997096
3583110
5068205
3233202
7477474
1290022
566340
5831987
7053530
1931490
3766862
8117580
5546997
2933877
918095
4938117
4411234
2279557
507532
6539669
124784
7678036
1653284
127590
5250761
5611585
1644303
5508972
1437854
2368836
1236836
508902
1497653
289193
7412291
2070292
5111195
2600913
1774686
7912627
1973991
821226
86605
69625
6175380
5202899
6266155
7277924
1989377
7921091
6206885
1056571
734824
8192659
131313
2284150
5805194
1207857
6297345
3746041
7053545
8040917
5357535
3108914
865169
8315320
7689146
6433717
744351
685893
8014016
1819129
1684359
4147121
891634
463395
2512236
609742
1373334
2699438
164324
6429986
2125714
3943108
195512
928421
5611576
6060271
732073
3372708
7053506
2034006
3435651
1092932
609790
1842672
8285940
1400931
7226096
252754
436200
5364590
3765403
247418
4509553
8211277
8196928
7951077
2244138
7053100
3372552
34894
1232742
787399
5822039
5614087
1106173
3427041
4727299
131883
6467724
5602682
3967086
1867608
3725616
302708
1697021
2230321
5837082
4474395
517063
462225
1238234
67131
4246166
4058082
771288
18527
251899
1332537
7399709
772749
7807728
5802226
5606511
4069165
3414558
3574518
2129093
978641
484933
5346074
238048
42307
3453663
4985345
5482856
3024915
1308826
8029970
5576076
5857543
7052890
373541
731868
314432
3558219
6748986
821059
4755584
2815281
2450659
228572
861097
1551315
7818860
7088619
6257095
487023
1215339
1080975
789680
4005767
1668022
1028858
7053509
7695043
5857516
2217898
318642
1188926
2332912
5653112
6211215
506447
343834
6945096
1516491
7588093
7176607
2783343
6270348
1818268
5862276
6108435
7794727
5379321
2634301
7657920
7675315
8312034
201582
7051812
664833
5330498
1908155
383032
4876227
2157594
972329
5835661
4603950
7004551
5606133
380285
2332102
201599
667893
1923615
6873409
609290
4552422
2573872
955411
7832281
7050937
8202219
697082
2591476
2091105
446028
1185403
234480
612616
7103874
5601742
110815
7637863
3745468
6204720
2134658
484585
7053524
2100750
3556469
5736574
2512865
5835666
5859505
985809
7053727
6908332
6749050
740052
6300930
184628
672655
3234834
5408780
1686864
5408489
6024547
4605214
349561
5972571
3243283
6353772
1783341
147662
1610795
4125631
4920411
957873
1954170
5852945
272818
5682196
174883
4604630
2695415
5504849
38456
291933
3584547
4845708
7019458
3270559
1423732
7701710
1927095
807746
918531
1788101
5614082
788543
725420
3694552
2054286
6735758
7052827
3441515
198845
4602950
7613514
1368054
5333189
1314100
2622295
24245
2313024
1641588
1113966
193303
807929
7867592
2617302
3318063
8088307
6439233
1025231
1941103
7533871
2587264
3366209
3572706
540157
3943638
2285592
1130207
3134681
943693
3586516
17748
3632365
820922
780069
1194963
193384
6520601
201611
7051800
2329736
960430
131325
5400192
201241
8265218
8198976
6118233
7696534
2219923
3995053
3437374
7591897
27870
1923475
3582543
3312649
7224363
1004811
2853422
1813987
170917
2261215
7913778
7053715
7459606
860782
3540249
4168085
1763120
88312
5114701
1514733
3943633
5390818
1346216
599659
125315
102084
7102916
5854429
5366749
5872265
6355373
1566525
2229322
2027105
6908481
593577
1272896
390213
6260337
1319710
1819179
1004682
1712599
3404674
8192755
5334560
379730
1833414
2251038
5365253
1923108
1662893
793056
2784998
3767906
6929778
96090
6463467
5743193
401132
1867679
7052833
7588026
297443
5642894
1674727
2699468
527387
1583007
1232459
3482434
5313216
4775440
7809477
34909
6209561
4082979
4421088
1022985
5627603
1742249
2702188
2837669
155127
2771015
758678
7566384
6458110
583474
4604603
4980077
2217016
7051239
7238218
2764809
3586597
1205071
421770
4603394
6123119
1308901
134958
6296671
53453
467952
2241419
5623608
1020881
477868
2554289
5363817
2343326
5745735
2251240
3535954
6768223
787274
419216
5564239
860881
7972872
7913964
4924187
7053097
3163988
2368857
6215395
4270682
7719579
1437878
2096574
623322
4131803
465277
1308949
1866516
1124038
5181427
3204176
1913385
5365307
6543294
8232338
7052816
2222815
5332236
1271817
3381601
465418
8201029
5285608
948084
7052019
3386061
71183
4419327
3533306
737837
5239798
1914809
2101392
531987
6300021
5535168
5333192
7878004
1225371
7318346
2162247
1046872
1187678
1704540
52836
5871205
2659140
5860956
2525024
60905
7667832
5536069
6547720
8173947
5080785
6869489
1889385
5507696
895068
1819176
7594586
3742615
2235274
5313945
3435284
3997025
920942
176808
4772578
3392094
5546877
4172127
538085
1775979
2528467
1020711
1272389
5240072
3551386
1848591
512523
714633
2715771
910733
4937911
484468
747272
2332228
6912092
5451121
6534579
5615126
820850
2315598
1306637
1933404
316075
3515400
5355115
7587805
64551
212309
3926549
1053618
1848856
5882741
67200
1329053
3764770
1818271
829057
126405
3444494
375682
6298771
6825890
2066771
825287
2701560
556225
5505855
3440161
7171383
1893289
5366008
2780341
3500327
3761546
2691749
5767775
292941
4345467
1885373
1798673
7602815
3251473
6184894
7748176
1489140
2035661
1867626
6348285
3479650
4371893
5424722
6424337
5822026
4805824
4974040
87574
2657167
5739611
4047478
6214700
7051170
1583003
2565279
5978470
6268794
3179106
4036307
7897421
5096449
972291
6532469
7181412
5653115
798031
5908504
8337000
5799154
1910261
1852867
2657006
6166966
6521645
276968
5333180
7051222
2232463
1235796
4147163
6276290
821290
1232766
5363630
2050013
7345388
5313189
6451020
4314743
7154235
5363757
6300933
3766052
891523
3446671
5164798
1080343
1912494
3908813
4133229
3745406
2327433
1206404
7586300
734826
4473887
502061
6413942
6902026
1398
1884189
4604624
860875
4595641
3583011
545577
995400
591743
2297310
7501136
512400
6908643
1408054
5333186
1139815
5606682
5616109
512963
1124247
532438
7678030
807714
3503786
7324547
34128
2363560
5250196
3967111
7726015
1401102
961948
1037997
337514
3993172
5963938
5385255
5287544
353164
2014756
4714679
1982328
6570801
4055881
1939463
978683
5791512
1923735
2871635
447429
2255788
1117802
238888
2049976
849555
2100183
199843
4147690
184634
2336187
4436213
5690109
6414552
5654754
1339829
8332795
7918590
507583
3527472
1668027
6432654
3183727
1206488
5313207
3294310
2933085
4655108
608858
8028724
3378622
187960
7358731
193460
8133710
6484064
7618945
933657
5863015
5616211
7100832
3428813
2336377
125491
4142287
7053446
1424113
7731076
1525076
5852946
1613534
1093512
2578669
7678058
7512751
5637110
8133402
2514618
2788754
5802340
1863702
732478
6322567
259664
5398227
7224509
2272952
2946714
77585
6799538
427171
2319682
5059539
3581736
3554759
5627291
6501894
188114
5387968
302604
2375674
7053554
42310
5812242
6874950
4067846
4458086
3169782
5483784
672766
67239
5424690
8047956
5876437
5487434
1963411
5363525
1745888
1234777
5835664
7053647
1497708
491652
1803467
1664927
7696816
5363871
2361194
825302
4952078
95225
2054298
5415599
7630170
1923610
4190754
3708062
6875458
3552593
1148875
7052809
7050925
1309045
5241092
847356
2332415
4238167
2517252
365959
6287577
1621875
139152
5104157
3573978
5687491
291283
271059
2674194
827867
9842
3739669
7209679
2100231
3566135
1349294
324066
299903
1296090
1492893
4714669
5364199
8002638
5287741
2327900
6503935
8173737
6407409
2634271
5997135
826585
1236812
2622316
5919064
3110817
4594435
5651019
5670943
164809
7608116
2680924
6547722
88318
572318
7882720
7053518
5648610
198773
6206888
3996929
637685
6213379
4134850
5502164
1915857
2642832
34391
2183833
1988013
691173
1202867
3260878
2217730
52935
2365206
3745474
98130
441425
5380779
5366966
826261
1833174
4925594
373535
861362
258125
438905
5241359
2855722
3779722
4755791
285094
7707918
7278125
4127241
4904508
6411726
465280
4958460
6315696
5510473
7587748
6260908
5566496
6470450
184637
1421793
5357977
3676012
5504117
901569
2760270
7945533
6263972
1033963
5365826
7587939
512394
6522655
3667369
3674961
807793
7605603
6900158
3801332
2175950
3665111
978665
1847714
1907322
2975737
3981508
1421094
2576845
2877114
2681763
5963067
6869700
4566150
7053521
4159737
8095417
2331983
69589
225469
3442371
1928218
4134390
933685
4131531
2237320
2996626
6519651
3986939
5614267
3496912
251301
453181
2046900
1981668
5125491
8014277
6434027
38366
2336190
5366038
8202631
3386957
6449720
22101
25048
6386117
7918036
5915391
2571571
2047121
8204657
229742
3240381
825414
7914777
6426385
5831468
7238215
25707
2038152
442280
7534615
1106346
5419222
566066
7050943
3375394
1648874
1924731
377003
5801102
725423
3745471
337510
2549842
5319960
1788843
289085
1167132
3582536
7617526
1408162
7875877
5538944
1817579
5509845
1035408
1889418
6102202
7628036
5452040
2950083
7050931
4134015
5671401
1013362
2204933
5087645
251935
4152490
338106
1185373
2762934
1990828
5960368
737840
1092804
174003
1945062
7756781
232161
7588116
2100145
6463471
2098707
4088514
1674552
2368845
5909656
107866
580137
5490078
2240353
6411186
3579566
7384348
5962963
3586900
1897815
7207165
994995
849534
185946
6294263
5315713
6773219
3566767
2679530
38351
827862
6220853
821980
1823532
24107
3506127
309817
535942
516898
2260994
3532114
532342
3240635
245286
821966
2152359
7914778
272636
1819206
246185
198196
1700091
470610
2368840
5977104
3583635
6680637
826258
5997111
1109540
6914798
7844863
5365601
2342993
3245331
374482
1013277
1873313
3745228
1575461
6698700
193390
2112880
2779
3770002
1347947
6257101
7979
1933957
2405035
1775179
477922
4646994
1759025
508298
3507381
726636
5366507
377572
7906316
236426
3239204
6413677
3408371
184613
611013
2178541
346489
3447123
6402350
512511
816794
7048036
6255996
6250619
2263642
1967811
1186540
1923907
7946707
1182981
2039152
219511
7053091
7542782
477916
8293703
5380923
2784074
8028733
110880
2515850
42298
5615181
2254283
252142
1723546
2854265
668
7053512
164787
5727430
2238497
1982520
302606
322419
1439071
5309261
7011631
2368842
2327840
2098521
7808094
31736
959641
2549839
7053569
4272381
4353831
529509
6209120
2206729
7788214
2205215
962858
4607144
5617130
132005
44238
1401141
1674610
2368852
93242
2091270
758675
2350625
7226404
2043028
17505
5815522
2775536
4551798
857261
7816935
76120
3755154
193456
917816
4857178
491732
436863
5364392
981408
6852170
2719071
5077177
276642
24248
5272906
895665
1669043
486872
2103434
1464048
4126678
6606983
1703124
4130585
1936007
7052830
511349
6562830
4799014
1788864
98698
1113888
178751
2206720
8190983
5365217
663667
6524745
949966
52821
7526813
6455604
2259095
3245489
5533922
2547232
195654
67390
221000
387240
7051228
86828
1774719
122761
84778
1204006
4607126
2122801
6549886
338077
243463
3508192
2761109
234018
137330
7757372
3798409
2584228
1752867
4190749
1298665
3983367
5321442
301905
512687
6189562
1253289
132257
3317620
6293346
3507593
184622
189765
2780329
2464679
4531340
1669022
191913
1221067
131223
1885118
457467
1048444
5613903
3579569
6053237
5863009
5576079
5420313
2604487
3998209
1034944
491545
4125634
563779
6147475
350541
201566
1232715
2221981
512733
3531260
7688688
8292680
184601
732580
54072
3581459
5571910
1274290
7050946
2348764
1113930
4159925
359
2476429
5113677
5250466
626818
144310
7052116
5413852
2229303
2010803
3513968
4507320
6939086
2653621
64682
528231
1293251
1651676
2961592
1093035
1030664
7885918
2047239
193381
8173803
6939575
2255950
1789498
2995333
5617149
101055
5863021
3269283
2173920
5744751
468045
252172
4967559
985804
3425228
5364072
7050940
4042644
5797444
5745663
5331994
1172841
21490
1277828
2333764
526827
3436145
8009401
1034947
6894097
7051254
7696695
3559257
3583002
2551152
679629
1309087
379889
2228989
5606680
5380846
3756821
1566932
253040
2482859
67210
3385948
2384425
1748732
5509542
6214694
2297314
4335816
6434503
2544149
6387108
5364555
4360970
979760
2209038
6674659
7693885
939795
3796786
2697914
2426786
6269258
4376575
3831302
1360270
2160565
6338767
6078327
6452532
7443398
1452619
4315865
7580326
6123140
2136932
3984524
6550534
7020201
7587873
3768133
5680344
171265
5700070
7380834
5937177
5616007
3439116
137225
5396912
2902079
1345899
2218271
4387946
7608134
93812
236417
5363967
3653919
3594090
2973662
6677443
2261131
7342676
5555208
1582617
7913961
905690
1034089
4244652
6437669
3503822
3014791
7568179
1406643
102249
3608229
6046174
3512704
2976379
2150014
310995
7051230
5364999
64553
7587864
7002117
2336448
175542
302318
5533679
3417680
3734334
3745403
5616214
7534570
5057576
891678
5365979
5997139
2241937
6266029
1602981
96815
1566311
6460216
1159575
6442689
7209691
69604
860732
5454112
5435995
49419
7510141
5564450
2129934
2743305
3743326
6507440
302999
3214729
86743
5489465
7523432
5725364
3131841
3571079
1493382
3746165
5078023
4362617
1914719
2551136
2166880
1234736
491382
2418764
8217364
5424725
5366029
3598466
5653526
5367262
3662659
5543429
4653198
210084
194830
4623967
1848796
5380842
5398454
7773476
7053796
7052923
3481405
3745252
4537871
2152113
4983880
3510376
3438320
252139
7693777
4418074
3256035
7761676
6478495
2422928
2348969
8009678
1307503
540163
131451
1933852
5737712
1236863
1057576
3448159
316541
4474150
6130128
1071813
6327049
2554899
1634973
1923994
98704
1637067
5857456
831072
3387893
3381402
446050
637700
7572645
217806
6450254
714630
61458
6049620
5555066
2185058
3321292
6895796
3509714
3940930
7678054
5323322
196761
2475212
373427
3580278
1308175
1462809
6512848
2226086
2587942
6908487
5367247
2368863
5454991
6459959
1124172
5092932
7201631
8279611
7274907
2986510
4051422
1873423
1995989
199191
1152834
7655708
8049891
3816320
1982289
1936013
7678045
174824
3246119
2368854
7678039
2567265
1561637
5798858
1851394
6012746
8155577
23435
685387
4655045
5453852
6764700
6146653
6144744
5381339
7678021
3660584
124388
3262886
3504081
1525166
540160
854950
1645479
6261262
4163459
6239467
536332
572052
936315
6892848
5901635
8173934
1788861
5611573
5315308
3752129
514604
4134650
4986108
5273827
4067806
96107
278291
1895927
7050982
2324011
5553877
3505278
1465025
1821722
5364017
5316200
1615391
2065134
3737738
48776
4155619
1907151
5365247
6190936
201491
2497153
5740737
2145129
4906859
768667
3040215
201593
2162279
5519319
5346086
7637865
2071358
978644
577141
71250
4006596
3419580
2670625
5579774
5333445
5411
7816322
4823264
3146134
2235634
203989
5364672
1877266
86351
3270515
2223301
860764
3128459
5313202
5367166
1649898
3840394
1084018
34906
2245669
57672
6449368
1674597
3581543
1051811
1425852
1737347
185910
7616323
512463
2698598
6484061
284916
122756
2047111
7051893
6259108
1848805
454310
821151
3410716
228536
8008759
2336334
3945199
369652
5363928
4008771
2310150
1939753
322716
752450
4606253
6346861
7052028
4714676
5639876
34319
8021582
1774723
2168051
5366620
7363345
7053653
3764016
2762708
476682
3450791
675214
7901705
3533108
137509
4476529
1351280
3747154
7975806
2094340
5863996
5564452
5366062
6504339
5408477
7283894
7583707
5860638
7512083
7879109
295659
185588
3750364
7505272
3425015
1836721
1406102
5365118
184626
6414708
524221
193378
6799561
6795840
8265249
1914379
2047257
155322
3662991
5364389
1093020
5365871
100571
3317995
6774663
1296301
6119094
3203611
3432732
7516482
2042461
5846572
580179
539504
8173920
6758329
5363801
2124729
708941
2098955
6449743
2060924
1475900
1058435
294971
253899
7384509
2232736
6368612
7678024
2169644
635828
353161
5364668
1957715
5334554
1906677
378104
737822
2619157
1088577
204426
380212
3129137
6762964
292659
148600
185949
7457318
5365789
38381
457093
3296934
7787366
5852949
2099140
368
4878538
2298787
8173938
5839410
6911318
7215029
1125789
5363799
7110353
8173516
2317810
2204769
2243748
5738487
821124
2131258
6689872
7051872
2335272
5825952
511346
3908465
5863873
6463441
6478977
5567516
7053437
2841471
7292121
45957
6273462
8086314
7696530
8202036
4558458
2754749
7818594
826267
230382
5419972
4606214
1751854
88344
7053515
453224
1866465
184610
4206310
1837006
3374544
7052358
1383814
4435347
390242
1045582
3386535
1079017
7052836
4351204
7052635
3764721
7678051
1487882
4513239
2778738
422721
1567909
2687489
1211106
380113
5309417
3545351
5997141
666099
1013583
6911715
1166268
170907
1038144
7224885
5366933
7053435
2688643
5365478
6354120
102643
3386963
5411236
1494394
1016145
5559797
2606258
5826096
2713250
4822718
3426188
860711
7050802
4167284
5798209
1308172
2905464
6450687
4055884
2220425
380123
296232
7696528
2321673
7053527
5337577
4227434
7735081
2042307
5657745
55943
2677357
7051870
6449221
4339603
6316053
2935470
507860
3386960
7053563
1931520
5857492
5390947
3433248
2117782
7284576
5764724
1566516
1835790
366203
731661
3909467
3182667
4916517
1401499
2526903
6276292
36596
1308979
5423009
6540793
3748353
5561780
8012888
7181439
7603388
2643629
110817
229974
4270619
7052226
829054
5616716
1340166
5085107
8190355
5077141
5337580
5853267
3321193
