8222275
7548830
5981498
7930242
8087976
8154364
7644789
3284500
8328508
7920836
7656190
8338599
369848
1062048
5064388
7915809
162177
7539952
7795466
7611927
4492428
2129531
2638117
7562662
7598416
8115705
6200077
7849265
7875053
4785691
213562
7598350
2225990
7881889
6086892
7821593
7783144
115734
5857687
7644006
2156129
6793687
365171
563011
7974079
2567758
5346119
369896
6423963
7523043
7973999
7819104
7606929
7736447
3322761
397230
1003042
1021074
8095606
7674858
8172268
304721
7900241
7654962
2651061
1425304
8264090
7619620
8270503
5790026
7539979
8105890
7716630
7885660
5423463
7556483
8169544
3866701
7891709
365162
7537996
1922404
4197335
996817
369712
5539368
3146633
7565821
697735
7853342
2475727
7875266
3165387
4497732
7539914
7729267
8142901
438569
3665509
5346125
1484183
2431838
7514779
8115820
6038240
7747202
8219366
7689320
7973891
7726212
2084215
4341851
2039334
7857412
4009821
8105899
7689299
7663894
8287774
634010
7975581
839553
5714433
7774506
7650654
2978202
5794592
461548
1866569
1983505
1663182
5337658
7765561
7619761
7619344
365177
7471977
7831425
7873736
5452277
8142986
6656017
5339432
304747
7837709
7832419
8105896
3855091
8324567
4592060
7582789
176554
165645
7856454
7531171
7644645
8336465
697732
444358
6230026
1993233
498521
5537204
7539647
2580264
7635669
8154463
7656818
29396
307722
7654023
7747199
5554157
7874946
634016
7905199
8006175
7699046
8227975
7552604
8088047
132179
517612
43887
7772680
2729556
8278539
7956647
7736441
824956
8105947
5445863
157849
307725
7538972
4351757
7744115
7537945
1916069
7719573
497216
6287149
7503625
8154421
7556513
8105407
1955717
7805928
7829867
4341837
8115918
7659674
6464755
8146032
8125540
8105944
8087754
7650648
7603750
4341845
7324646
7664857
7944754
7799526
29402
7915902
1305709
6423865
7705588
645226
1933389
7875248
7619626
5150103
7915917
7881712
7938755
7998862
7534966
24515
7567154
8241529
7619347
8296434
1397296
7647516
8154457
7783153
7736462
7550077
8087856
7552353
7652604
7844023
6447834
6606078
7689425
7661585
7842454
2107541
497201
1228432
7531105
7526666
7619635
7513164
8156659
929710
7585750
7674481
6335964
7719579
7812894
7873718
7531138
7550083
7503789
7720664
1626134
7567663
7537963
7539996
8115939
581155
8165799
1734572
7603406
8113670
369857
881853
8105905
8006103
934615
1425301
145645
8151743
1867273
5379075
7705508
1510582
7729594
1021086
1626179
29399
7712412
7526687
436677
7783108
7523477
7577902
1170084
2554607
2245366
7502140
7542276
885799
7647519
5788165
1778915
243191
7905190
697729
7539985
307728
7905091
8178011
7635547
132176
6423987
7866247
7552628
307701
8078936
8143804
8116146
3240773
7556492
7783105
7754478
6429533
82771
7825625
7705651
7689401
514441
365165
3535015
3991874
6700101
7654968
43947
1735999
7521086
8230087
2272471
7644192
7849292
8091123
7802633
7653864
7674625
1694267
8024429
7562416
8154319
1425298
2700785
7695130
8105902
438560
716258
7643775
7619662
648594
763811
8059153
587723
7635582
575946
5857273
8304756
8145709
8154448
7670349
8025256
629640
43890
7635657
253992
253358
5596366
1432508
8097328
7661734
8183626
645223
1707500
7721092
8105893
7736459
1700905
7730194
7766700
7905139
7789093
7503813
3020322
7556507
5845838
7681320
65864
24518
7538062
3009432
8309305
7657439
7539449
7517927
2251325
1709378
7572671
7875257
5465663
7656298
43881
2714948
91992
6335994
2247664
7831765
8074859
8282390
7656181
5950976
7539982
8002430
7650645
1943771
2569322
615712
7619629
8154322
7689293
3986156
1744683
7915875
7542222
7619467
1264728
438566
7556501
7844020
7680423
3721322
369851
7552607
7689338
1802651
3467912
7851816
7861945
2569181
571173
8029350
802256
856325
7956218
4190429
2576671
16423
8311368
7600588
8095170
7521146
7656803
856328
3730951
8124172
782715
7580617
2440724
7792718
7844008
333937
7654950
3600140
5412668
8314418
1161114
7816066
8180133
8125597
7827178
6707332
3388138
7884100
5316919
7538387
5337676
6318036
304727
6185507
6945069
7586871
7707885
3166272
1894079
8343693
8003321
678481
8265039
335871
7844140
3225261
7551580
7766664
5015265
5952432
8253868
1231729
856322
7891622
304762
6312214
8167798
1062591
7579726
7525770
7689326
5424332
82776
7919193
7902818
7915938
7531066
8212053
207142
1692434
2641920
7982698
7795472
7857634
8058751
1305517
4088756
7663939
74830
856334
5451731
3002091
8154598
8241532
1862502
769705
8178014
1719724
4668387
7872069
7875242
7832368
7857493
7744118
7638409
8282414
304724
8125519
1368813
7855909
1569387
73340
7625562
304733
8262179
8024435
7635663
7783117
7596618
3979867
7736438
2286635
132185
7885248
7543998
8183449
6539538
2467158
194988
8253682
7282119
7577911
8254000
8125579
8275538
1886771
8040810
8087240
7619653
8260154
7993654
7698170
8260055
1425295
8106871
1246301
7783087
7803173
7857637
697738
2425478
7783126
648591
7538017
7537993
7714340
826920
307719
1234780
7526615
8176206
1976874
8025220
7873709
29411
7963896
192436
7556510
2861229
4823174
7856400
7689329
7783111
8172166
7830831
3167513
7754475
4442263
7536854
1234724
7895515
8105917
7665385
8105938
7608089
1228304
1227629
7831038
8154433
7873742
6111509
7566542
5531388
1802354
841557
8059063
7748318
1100473
8227972
1920689
7753518
3825143
4341848
7526582
840728
1738403
1937372
7547006
2647064
7537936
8105914
879424
7802996
7526612
7891367
8321736
8135431
2228860
7808461
8142934
7857625
8143028
7783114
8018480
8264078
7509791
8264075
7619902
3349823
7956275
7550080
7619611
716255
7872386
2489818
8090853
7748315
7849295
7045517
8278467
8025176
2553992
7891616
7856385
5408165
7819045
7531150
8115775
6423869
3127204
7783135
7793365
3882420
7366168
7506506
2278809
8211909
7938752
7580209
6111449
7619659
7804491
8296476
8154370
8116077
7783081
8051947
7816845
8026648
7674819
8227969
7689467
525564
2623616
7875094
1422945
7647513
190441
7656806
1527675
7830828
8154445
8028969
8236360
7915935
634004
7685956
2587426
7949233
7689347
7872072
7563493
7674622
8097358
1976871
7517924
7523049
8266272
2193825
29393
7810005
8115766
7754499
7930573
7661821
7905402
7857631
645181
7912611
7689341
7527168
7619644
304730
166537
1935592
932327
141598
8105410
2474574
7608173
8040807
7482283
4121489
7537972
7855906
7517335
7726140
7619623
1007521
365168
7579849
7819002
877528
8266269
7644165
365174
64559
1305739
224678
7619338
7500038
1802363
8025140
2185672
8095591
307716
5857669
7973822
7902821
7905217
4341896
7875174
2737889
7905513
7565812
7561533
8336462
8115838
3443895
1937369
1424334
7674789
7915821
7526603
7875198
7582765
8121962
8040804
655638
7689254
7513962
24512
8154604
7681389
497210
1970679
180178
8052031
7619764
7539905
7558051
6646539
584606
5910333
7688583
6038243
8052037
2599693
48448
5346128
7736450
7510644
3599849
1425307
8154367
8314427
7818978
8115999
7603391
8278428
7619656
8142989
2637237
7689275
7684160
7857709
1833868
8083098
7875106
7582583
7857622
7624899
334044
7581190
7681383
8172666
7965929
2822302
84149
5346122
7562737
1423083
3682232
1865716
7506599
8105920
7535792
7614381
6024628
8029329
5326337
7832545
879427
7837718
8228832
645208
6954711
567801
7562716
5596369
2130580
7568628
840442
7766658
82785
7875133
386950
660018
3453462
8179121
7542225
645232
