1053200
5574064
2090097
7317999
7075123
5564770
3806596
2356701
7340003
7345705
2807649
2514523
5392983
4145139
2028055
4830503
2002550
2138544
2184435
5890324
1829520
2488173
846505
7340324
8025613
2813303
3004685
1763435
232681
5369383
663065
7748924
841735
24382
4340469
2600813
5509056
5554943
172722
2308825
1897163
380925
2252065
916394
5539211
8137472
559243
2948173
216427
7892053
3189784
7567630
7618348
453881
7825321
276675
7594991
5532401
1280607
3147603
7703081
3666088
1603039
7153736
454452
1921028
5930221
2279803
6230129
7681809
5019838
6667182
7636495
2740108
516626
1659987
3234477
3265829
5374353
3257705
252224
1990490
7580578
2626769
1611190
172744
7325951
1999633
7797444
3419752
447813
1060783
7654360
2780020
2186041
5420552
5613564
4621576
996832
4347787
465806
4359251
8149150
2309740
4707535
77760
4211292
2734786
4692046
7505504
7819944
3693241
5313375
7526039
556083
4145166
2595186
5861692
1014120
4266491
2181167
5962143
7544753
7728538
125932
5078475
1990522
7808602
894030
2193336
8296383
3021746
475749
395552
1374541
968960
2757971
6935717
1942454
3584444
327174
7999916
1759999
5677134
977597
6645103
948267
7907249
7258620
17883
68427
5779745
4127675
3371661
2769909
3822503
1514269
2151879
7560820
2070406
7094284
2171119
381850
8010702
5613053
948393
1043735
110159
5493235
1152379
3621083
7977754
351177
3231850
6881904
2159223
6607367
5878944
7817977
5333538
2377476
5409239
2171028
1825967
2049373
7803948
1740282
5513654
4073957
7669729
751475
4830069
4141264
2838505
1740279
2118330
6606852
1910535
3375780
5339063
6283099
7855833
1821752
7430352
1606526
2494989
82860
4221356
1948485
6428368
76716
5419713
4163304
1927486
8035177
2820313
2231394
1358622
6429003
228512
177717
2081468
6930549
4576077
3205292
3004664
5908681
1944471
3164770
230058
401705
2087600
3164766
6073675
515768
8304714
2483213
7943603
6467161
6169767
5062346
7716630
2167433
5913594
1968595
4318391
1928284
6456065
292194
6468400
1557278
418020
2401612
1316147
3457251
7080571
56474
2086274
1919910
5535005
6607264
648588
7833132
1658591
7126228
7546445
6005153
7560835
3968187
3164728
3167274
5474166
8283309
637487
1483789
2447879
4241968
7880828
4148045
