1736700
163126
4498782
6242270
618550
42145
1606765
767189
980994
3470623
7692160
151663
3414197
2562012
597122
8041958
3701334
4501309
403049
2234277
840379
7872218
1315154
8286082
2783091
5960049
7452813
59683
1319225
5789362
607219
2884452
1159233
2235301
1933734
2620124
133007
5355832
2701954
718534
463502
599988
1236582
4405449
4915824
644144
5571970
1325133
5670393
571908
7294582
7637960
7607934
1309636
2884419
3722158
2264834
154240
7291157
1295924
4407382
772800
1439413
197093
2187551
847911
3844117
6396794
1357889
1081107
4835858
8029599
1676626
325096
1566035
4564655
6099125
8140892
382399
3235766
496381
6442076
4124583
2173619
5055332
5237998
8127477
932016
7602351
829888
53636
2427462
7073165
5855937
2224063
1674803
403741
2150532
7553706
2173481
5960534
861796
6057518
5689214
3250544
4127432
6941928
3233097
7666481
2798874
2158395
6167089
291095
87391
1660372
3746918
1065178
2691032
8713
2122117
6435278
204698
4650504
1078378
1465635
1002674
611666
1346031
201714
6933878
5530414
4011824
3574768
619155
142126
2390079
1558015
5565236
826415
6518383
1035849
2651761
27537
1494772
977965
171979
2425478
2261477
221335
3483180
7905003
2154516
4564224
236749
3231885
26196
4134629
6838367
4268150
6994768
7288919
7897592
236587
466184
464125
1765534
7902650
294567
5861839
154320
2780536
7667979
1054034
4409269
6793337
3796160
5856658
1504012
176887
37559
6238468
796689
870939
7735865
2343025
6444989
4419641
3540557
2611189
7335872
3698541
3214795
3830135
1440612
2758192
2779398
3981224
4704460
596744
1401394
1972354
7615556
2436061
3156580
228533
6755268
4827553
353426
7578349
854431
1575655
50085
7801709
2783109
1220795
3658526
491877
6781285
3398225
843848
2154299
1541851
479635
1493346
6118386
2876653
541630
4517100
6213033
5806449
1308517
2298751
353803
3839566
191228
3566657
7436389
3984335
59707
64149
1499759
8180831
5863161
8143147
1955657
5796290
5184296
7544867
2555643
2612746
159221
4083766
2506074
5543258
613129
265921
829787
3830156
15478
5067260
843251
7454810
6437408
5915511
2012974
1997037
5182517
4265170
229175
924864
8172094
219221
71374
980956
3406483
7293017
6768123
1640273
261747
5855523
3771119
3670389
7833741
1705266
1838989
894630
6873754
783503
4623875
490786
2222530
1078382
664250
487094
2987422
1358115
8097023
2511787
3942162
2170669
8162367
1668375
3687944
2579834
864616
8284490
434467
2689091
799981
2853665
35607
479872
596670
3160903
5322694
109098
7042562
1686091
1834222
283378
3625473
7727337
8623
782863
806862
532592
1928201
7422125
925526
144949
250999
2838620
2237416
249835
1928349
2310276
984079
6177364
610096
1996377
2686314
6045384
222262
902357
6358174
5871407
518504
2226383
390502
2330392
5563717
188695
7467786
967739
2126393
108722
1053322
3862026
2424097
8171416
1165551
422342
121196
234596
15655
7943326
613120
5361975
628703
7731404
24373
2587144
959907
5555378
1349178
3842725
8183575
7515078
8044827
2820348
2703142
435509
1589150
2183406
68592
67899
5884758
840160
1999978
4406548
632298
806596
1029035
2727209
529095
8256908
4753719
2265572
8259713
4598605
1796236
894627
308419
1845259
4384629
1309720
4141463
307355
6768687
204824
7159751
7289877
100150
5565971
275251
6184282
5861541
5866267
3540536
7773315
2871748
1274009
476675
7069554
7341254
5568945
6830196
1552189
2131243
1333335
1721723
2468460
1029350
105996
8128765
494972
1625728
1108844
1127644
5903531
1436169
4046832
1912972
1515299
1186021
5370523
6436791
189816
7410129
1921990
3980747
8047980
7083635
2824971
668092
2593326
2733233
5460014
5438600
1620715
229199
6068244
3501173
5541846
432964
3820137
155871
6843752
118160
6183632
3174030
2685463
480919
5914418
292398
1886972
4012963
3246773
6682249
438324
246914
1332983
1504005
6687316
2601186
291696
2761495
390568
3329992
5529163
1243650
8198840
2621259
2442257
136441
2868284
6757178
1348442
5709321
1293669
2392820
1632225
3980885
2550887
4317485
104044
32741
661887
480203
849099
1589196
100255
348299
8249469
201068
68342
2053919
3051886
2230795
1443161
156504
460977
2017771
864574
3540683
9158
491313
7160850
7044457
7292309
6415401
990649
5947777
1307876
6789125
5403259
1053960
1268023
1088498
99991
517473
7821201
4008640
196826
990424
2233890
1119027
1890694
2905066
1503706
41216
1891373
2869528
1504184
6775588
6704445
58923
66960
5521834
1566684
1187707
3704805
7500495
133634
6607528
542602
767285
1078390
3214075
584032
219560
3574456
323222
2716927
478939
7954794
976441
4459847
3882790
825652
504549
86563
8048786
1010886
4270167
7230112
1289270
67045
2332168
2169771
6941596
2643560
5438431
302579
3394385
1236423
2665470
6291464
794415
3627627
6415736
2701947
6425194
2463604
7009384
5488085
1002707
113111
3667408
5961944
96156
4685170
2753820
7909832
5333076
6872077
4420163
484354
1973478
6736453
7044154
7172636
5806943
7073150
3391561
5399796
99551
4552935
3573580
749737
2088494
1273839
150192
5693597
5331136
5879815
4446017
2520325
2803910
2480144
4162877
1238000
7173351
6579768
6937000
7561602
1017518
71703
1805269
510533
798323
4093945
136471
1769437
7909835
1307864
1215881
411337
5337841
2866821
2254814
6433136
8256780
3735440
4548539
585292
4596548
3750845
990720
206183
4363603
290483
776836
924823
1611227
5799931
2984819
5493178
1535628
1493592
3847974
294444
5419830
2854706
5331131
842530
2744442
7865221
2975942
1014534
172852
294625
5590669
4533367
294326
5949132
2408637
5104032
1725498
219855
6227785
577656
7174255
5562330
7321999
1926928
1853077
8134734
186314
2699237
6153287
754901
497175
815306
58986
1134187
5286663
3699467
1203545
8947
3507668
5545262
7486415
3007698
5459974
1010845
777747
3235201
2133467
1705260
6354261
7597220
1635787
2162788
69085
69241
748274
989257
7896287
8205384
6989483
5332250
2036839
466157
5911034
7801403
754957
5369996
861814
1805251
2167985
5138597
237095
3865328
5445540
258754
1243775
489953
516104
107887
5862213
5460451
1614122
4164587
2757075
666218
6327801
1231786
7907069
236881
759594
6891093
2753615
880476
1819295
820761
2336307
115367
1593456
864413
2364248
2444679
1956304
1027882
5422770
6775472
7561812
5532256
924832
2599831
1205647
1944013
165170
6390246
2035455
839860
352839
131409
3842010
8284724
2652198
3967306
2153892
484645
3049103
8181031
7683122
780153
3655672
97435
6146662
1293609
2236854
4713797
4873434
969834
3230226
3249790
7343127
583804
368376
4435303
6297304
1054062
843845
391730
1425370
575326
3734525
3771026
970032
1493619
463581
3197763
23692
9275
686258
2206954
1314556
6166404
6437168
5676906
4514224
5499367
5755320
2689483
1647807
4541812
1064768
3451714
1092256
3818989
3948750
577309
974843
1748227
861829
1675188
1273702
4400150
1955239
814931
5512739
2659891
3373448
4270245
840250
22950
2769876
940965
48761
7345705
528440
1070929
1810772
2777120
94359
3214856
1410972
1247916
6359607
1675491
5532594
256391
2177802
502416
494623
861862
3180764
2168248
4014730
5815741
6513659
4155910
761709
1368133
3643768
7562584
7062505
6988470
526680
7908784
1727441
826744
1371135
5331122
2045590
836305
1522684
5838018
337586
908525
66048
1040441
2778263
5698559
668064
5533760
516814
5552935
5539578
20566
5681066
3572660
7686295
970023
237273
1314596
2035328
1107172
100461
2205975
2102339
1135353
6197755
6995238
793720
5227986
1272479
6646524
68564
5200576
1426520
3410476
925022
3659498
7674963
2046423
4334321
479830
7906822
832193
1319794
2623279
7562069
3160687
2118994
558237
7713344
1273155
6428369
636613
5313324
3400147
179685
2557729
3816299
2206654
297651
1831755
980566
143684
5946851
8233854
1826450
1036257
71667
7759100
7906081
125234
521219
6203023
6846872
2886228
3600265
7101904
4359036
5762045
1054079
562727
7702052
4134644
1040447
5309650
4143872
6442866
2975115
4257857
2250152
8315912
1104532
6930669
1576879
417254
864353
170956
1185013
3468197
1221657
2264671
2782734
2807961
1494436
7559787
1236573
1338760
1295404
990702
7966175
5906854
809035
1638456
7102270
572223
861681
784295
215040
989250
1105922
1107980
1401616
3166076
2154510
5565218
6409246
450042
8187312
3445464
2155293
3056849
1615642
7648215
171964
6675800
585205
2391384
502557
5737980
1237465
249241
7554183
2215444
2260285
7935375
2159813
1309262
6431313
3646228
4416634
3594365
7909815
8089121
862652
1892792
931480
2237450
1295086
6782084
4164106
8132048
6928512
556438
5251968
204803
1920849
6171471
3499487
1410537
2329993
8061427
9013
763417
623505
1464991
390425
986661
833553
4164388
120037
7242945
776830
763655
4145779
16378
6845353
1153685
2470377
2986492
6182236
593669
2099939
1081487
258763
1626297
204743
7175913
5533623
7291765
2770569
1640214
188968
959994
2662818
1467687
3821455
678736
561012
5857094
221206
771924
1819363
308701
8051423
4541326
113545
1668570
170934
2126521
2171797
7091287
5614342
7818811
1819309
5775833
1566686
5789772
6932134
101580
623637
781207
8276624
5860782
36224
2099507
17789
4597351
7899887
6846007
2764984
6760430
1436408
1205287
686168
1494242
4051877
465134
216526
119904
437516
8182502
1056841
5554937
2664034
3662859
5091041
1133873
201795
1010775
2202483
1439368
5469824
1677422
1804181
495603
5102579
583895
1012178
1274610
526122
1403411
217857
1187
2068818
948954
2261337
3535747
4266829
948984
471973
2052535
1712515
6934004
1307364
2779801
1029206
562622
2185163
2869868
6043732
3574180
559271
2461267
466211
484828
1966974
67995
7500860
3763662
3665524
237231
3366521
1237649
7254383
3737412
6239799
2288760
1577956
1942661
568114
6102455
1187680
906282
8264045
2323896
226031
8061439
6206637
924730
5471344
4261796
4163243
1064877
5727613
5610910
5655310
56171
203846
7294042
44673
834913
180436
5929827
1185056
7340920
1571181
1053994
876230
221258
1405770
829900
2055507
2781076
5477764
3162031
991230
5052110
2272973
7707527
842376
2126671
3470355
2326161
191375
501200
1173543
5526421
5412833
5051453
1167033
5887781
326350
2882815
901635
7458530
57095
56945
585184
8051411
6766046
459402
2600290
283429
668071
7555504
7014614
241714
1780659
1765684
226094
2501256
5961472
78137
582012
5732831
3231899
4411441
2228951
2550133
3833691
5744512
6043588
788572
2189752
403256
8251196
1699000
2264186
2165401
2081298
7697199
184423
620242
6401396
186383
3232467
403316
1196373
5856720
1781900
391146
864559
2338235
2883737
2871107
5482590
2294496
8171396
6154378
3962572
1194374
4979403
1150037
7754822
2702449
1874020
5035054
27822
1205883
43887
1805272
1910648
479936
1671518
656098
4529743
6431231
2864609
1224765
1243668
6751624
83683
489526
4160609
7879706
3182464
5862459
2638787
2112377
2965496
174171
2311385
4502237
4652160
2586130
7500849
7545179
1782160
2311390
1614597
181354
8052590
2693183
1152477
1085602
6702196
814796
1675215
3323061
2821849
2985606
6964738
140196
190947
665485
2186596
1745965
2102384
5075086
1308429
1274190
1818580
76791
1941380
4225074
8251894
2170011
464644
2126702
2632223
782748
6943079
125763
1371045
1910248
7125324
5343902
482927
75627
923102
1698721
825640
3177670
221200
922493
2641638
1080567
1788964
3371531
2769216
4931012
860792
1870689
204582
2723831
2328332
1320220
1523725
1295975
683098
8145832
645634
4144099
567834
665488
4150509
851564
7535708
1967337
2865587
5910612
2034206
6406095
5859720
7538564
439867
2863763
931690
1110104
6432762
5388006
3184008
6689698
632596
2744544
596493
7171840
3153034
6846152
435398
1668369
1410867
226707
4598209
2754934
344997
4375012
4653243
447601
276747
1104481
1414010
3430821
381929
6781276
3952978
8125087
7236436
1493076
1933491
2599702
2413218
978840
1956451
382966
4067806
263130
944786
1139314
2167895
4163452
2754218
948268
340725
390700
2254674
1477007
7979509
4993836
4650612
3868
4380913
6196013
5233309
3674988
24376
502593
5868878
119789
1028089
3865580
2710129
1694319
3996092
7611718
6352855
1417213
291259
326933
4357445
4354825
3816851
1365531
1825065
6842201
949152
2206321
585193
183878
7401196
3622100
2231687
613000
59698
2085
1899123
116110
539935
2009913
7935179
7784029
4200280
7637425
76545
5336294
125588
5885980
6818249
2318417
1105924
375807
2807661
835550
424577
23184
292143
3282929
6941361
555804
5430321
1884691
78146
464101
7703624
5427693
6342057
7659921
1315981
2930972
842686
6416802
2736563
1228080
5554109
5965950
116479
604674
826405
3352241
5338314
5443505
5845347
204866
3439320
3237804
115352
1025438
2124801
183026
959796
1635009
5909426
5919405
7935653
2565214
1410804
6150150
771544
4366142
4351601
1940093
6220799
531164
1243697
6339206
4283787
376609
2098278
484816
8186383
548604
4145076
2284659
5907196
2266537
4598290
7824154
1308494
1917678
5782597
7907404
1316567
191993
7665177
1444332
1983059
2431372
5559476
4928625
45147
2865969
133446
1410840
6844337
5371015
224042
2207464
89885
1929790
1927436
7735311
5534936
145282
1523808
476856
3971690
2234506
2413188
5502118
71642
292296
216879
7318281
1167090
2125828
5219121
6934298
1535334
173793
2673466
154123
1820432
542542
920131
3180916
5394130
6800025
947851
756156
3954435
5565581
861844
21985
1072204
226052
611154
1264730
3248261
1383027
4675426
1272809
6413956
3366077
1432857
3820142
491172
3687806
6931182
98142
6937363
6935925
2595926
354503
1314064
131630
1524035
3540022
3048423
83720
442454
390643
1577832
1671336
2242853
6443888
1686587
4838220
52833
3170887
1688824
236824
516739
3481398
2218076
559306
3665307
1668767
5485429
5562705
59528
383005
5689208
2113931
5557525
8296311
6433088
6242464
6404159
1491962
291182
9906
5494740
156315
83666
1973871
8148839
7583351
718948
2870009
3393500
242238
5114932
186125
3656112
7873465
7356087
1274098
4204548
1071130
8171213
5126510
2987294
2781161
224840
780135
86004
3151257
354811
424452
8009711
3674097
5086158
2882281
5156643
291111
1410695
1902701
379664
6513690
1419236
554307
970092
7285302
2333104
4140498
354485
1296402
7291100
7470629
851483
541417
5853694
7363057
3021761
24340
5737971
70204
3771127
487310
835960
3573442
4401913
5104362
1765536
13961
4424452
391751
2479239
246295
4934574
7288132
221836
5889990
6763786
152522
4933141
2776964
1493337
3048408
5069968
1499750
7909903
3983646
56351
174433
6050112
6458041
698455
220014
4445210
297733
7045235
5368771
7820024
6425189
3854486
768474
127878
689540
5931239
3176266
95971
909520
1495224
5359835
1765359
832855
806695
2271931
2049448
111751
1026814
7941618
473520
502192
4419554
5635704
5481795
7659324
1682548
3989086
1246743
555593
6928973
2160993
4496946
2098656
21987
3641595
1262147
5960307
258360
98740
3672289
4906508
541627
2543013
760357
541661
8138367
1981608
4721385
5385725
1605531
3162148
525308
8184011
5226800
986118
2418373
5613466
7762256
4560180
692715
4156502
35500
1579747
2614614
148798
3592173
230166
2725719
665554
1542724
3818239
2223678
3398102
1250343
7659102
275131
938455
5036191
2242015
420072
8926
1433061
2466874
2170005
3767016
540477
3591233
4004783
21428
1668567
1893174
2091179
2272417
2147297
4409425
5168384
2028465
448500
527460
963283
3793695
376776
4220761
815348
2852720
1512512
1667843
105978
3486971
2234453
2976148
2262594
1279963
8275313
1383304
2261693
466483
2537874
423957
13935
6298852
431246
1603063
1916078
4165570
5914943
542578
3456747
1309872
4266832
2702629
1332859
546830
1745968
1238791
480209
2787851
6664095
731301
1494760
342550
6535619
91462
3010243
1505852
1439290
937860
6660763
1281551
7907384
1033871
504554
7708520
2573666
3245205
866721
3412995
501494
1616626
797791
4185196
477520
350855
2706720
6228135
1940697
5314335
1956986
6313319
2234321
881719
555989
5390275
115396
5893546
3999000
7909821
7317044
179419
1461240
3664305
1797178
4261587
8229931
1243632
6397165
204941
4149966
272037
5677683
354580
1346573
5525856
7598904
819304
3024438
6226704
502482
825601
342640
241689
2273523
601994
5360182
1968801
850865
2716179
3223184
2270366
6431684
6167698
1108880
8193502
4667085
4555192
181288
5619772
161982
1423165
4692378
1494538
6279668
6746199
3166290
557914
5657377
7929061
5129649
396319
2154879
5244283
418089
1804127
8063072
1044468
3548581
1994306
4162281
6322489
1416306
2333710
2651566
6073932
961786
5789081
4153357
1101351
596691
2125582
39419
5569690
771785
5931323
7913857
3130111
7907827
3810004
864733
1439332
3441997
1925579
2272811
3574022
7521278
3824823
1703670
754075
2069915
5800057
83740
1410808
1402493
2222734
204609
660684
1036203
83545
1489656
630889
4359814
464207
1338967
623645
2617098
5203511
4460438
7693204
7500671
6458542
535258
171515
926182
3241549
7611033
2488677
1892081
5359834
190543
6468135
1494719
5339912
2638006
4356022
1710379
5513009
3150046
1588541
2224105
3994072
5960394
8006355
297124
4737464
553090
465762
3973119
4886640
465932
2741866
1596300
917488
5854018
6671163
5104041
1519593
1403181
5237529
3132471
6923
952600
1166925
6498621
1003757
976828
144788
4956725
7905933
1606241
28294
1685622
4159162
3447098
2081174
116363
4190793
5732843
2652528
1173348
8509
2049325
7294246
2293486
4147502
2990010
5484558
6438448
2000431
6327121
3843475
730649
157022
842602
2715644
6789020
7294240
672832
8907
3492051
3462332
1818444
175125
4733639
2081914
439927
3814382
502563
5314799
685673
92312
34617
70038
4161595
2254873
806215
6428658
7668264
6294949
1237451
1922144
1147004
4272693
5358688
2783083
7435510
7582808
4551819
5789364
5340410
56738
291116
7173714
2800915
5878175
1522594
2600094
4421527
4345805
479966
1243709
5854378
1647269
3479597
8524
1504016
794942
1994770
1862164
4270740
2009817
205795
4714352
1307737
2074390
216560
621246
1513264
924688
840017
6254179
2661832
251169
2058799
156276
960430
3450399
1740882
5880865
432874
2238892
3592865
3968195
425383
5114549
7905257
1754491
5340249
4699991
4422479
477229
83569
3573267
7044131
5569651
7685295
1364791
109137
234125
6934480
1651298
5127779
1237103
5553992
1963949
4264453
377385
3666277
6647241
2101359
927222
1566435
611737
76888
2156355
4969996
5331116
4005591
7691526
908067
5856420
5978329
5537615
480058
1466123
1421397
116494
1267733
1686732
776776
190796
600162
1994155
1883592
1273477
6348767
5109659
1853113
4473361
422895
938452
4500791
4338283
1309579
5394369
1917454
413340
522906
351051
5862630
1782333
2175854
1818451
7566204
226013
214715
6313492
7447644
2600811
2156786
1163486
623532
3320861
2697296
6060594
7585636
5789913
430115
1818479
4148097
7294865
3954818
7291145
752300
1342021
7335318
8932
931252
2195534
1577398
2120442
2905940
2776379
591897
7229558
6943130
3051970
7534596
647449
7294266
579927
1571481
2338100
515702
188657
6604569
5737968
532742
4597321
5330070
3285646
1922353
1383295
466331
1470914
279101
5487023
1220593
5657382
1763520
7802148
583769
308953
8092463
7420759
442389
197666
191103
8194987
3986474
860507
76836
2159726
2232663
7340297
972454
6195839
1032125
7818004
649617
1070757
623616
2957093
1108109
2156632
4139747
21889
8194148
7644312
2474439
2892080
888882
636604
5802211
23960
188773
7953308
2127904
205694
353505
5331120
5359381
1025274
795026
750904
7090514
4198369
8128972
515989
5555328
1494482
7472022
1415633
1378537
2715647
221173
500052
439855
59409
2206408
4219153
1434161
7134808
465561
3572539
247043
2231233
6215389
1381563
1744460
1781999
5977341
109068
57341
398703
3282659
2164079
612967
2265542
188363
970395
445863
351222
6782516
5861211
1410709
5084957
1706139
1819078
7054875
858224
1664595
6573834
1579929
1309640
1728746
59010
7805817
161726
1316667
1070061
7671895
1274748
2223337
5096319
6722178
5642515
5400369
7323469
52777
6934124
5859723
1072546
1006024
3994771
2248781
1275226
2762900
3334464
5362694
5865082
6300642
225830
4006662
354039
4336961
2338105
802685
6846710
7631396
1436659
2308996
122121
6502790
648138
2613728
2094919
1564426
100072
8171754
5709796
9300
1106831
291443
909679
2613347
858864
258416
7291067
1440322
1754499
3167735
1308139
6436652
257072
5428833
5930021
8304486
561987
2268307
116058
5740147
3447752
683215
6430743
422787
1272998
383149
225697
6158747
398712
532946
1969062
5662385
6034381
632975
5359239
3223803
958162
5767485
7755096
3166584
2707561
842408
2270195
3977991
6331562
7815773
1536502
1392857
7141716
4415465
5023844
2128461
5073501
1109928
611428
7656508
6777456
2397596
613126
6213131
7801397
3675958
2225769
740003
2228556
861685
2583247
3479044
4553594
6069333
786531
1494832
6327301
829879
3233778
886550
2609045
3642073
175080
3595822
7073627
934053
1072414
3534044
4163795
125621
796002
2591667
191960
2599934
337744
3249180
7863549
9666
7025453
439734
4023464
1054359
220717
2242453
9040
6419021
1664772
878945
196743
533668
2237915
3490686
6527108
291786
7103057
2244860
1614655
6793460
2174843
479178
5861280
5903534
154293
2140892
3596013
7688900
2651148
3283567
587104
192745
7707056
1410822
792962
1714366
1101135
2052489
8194300
7430351
1654442
7084605
56913
762410
1790858
1896098
4270574
2801582
3668528
2581553
5788669
226172
839748
6204759
1263233
217867
7181466
3490012
2070106
2864513
2294280
6206148
2116019
7409304
6358203
1955683
994232
205779
2245309
4464674
5930890
2260312
2697032
2235562
826569
5801482
1676720
8207437
1793652
684327
6123993
6300306
1468665
480269
1774461
1399349
1515726
1267562
1002916
2702041
370943
7907597
5912595
750946
8776
5336278
584047
465950
4161429
225854
1280263
1657265
1560130
2626204
1023635
1728422
3970038
204492
8197454
2329258
1712527
2266418
774671
6797474
3208551
7102193
6167087
1775068
5858418
806629
6422320
7854056
8131602
3789202
3765229
5523256
1332377
6093626
2257155
439763
1237370
1040149
5038365
2139006
827552
5316931
7295738
1818667
466018
6977963
1495024
7013322
6167074
2049228
7910060
6965308
676149
1956466
466088
1272716
1823784
914072
3266150
5534376
1056934
1548299
468871
5874631
217027
287547
71786
5429492
829621
237791
1503774
2773192
464605
1577977
6418123
6149081
1993923
4199950
347730
4556336
1494727
1617516
5829647
3344037
5775045
2126719
6940871
2157930
24325
322790
1417714
7717027
130408
2334989
16784
3189856
5414245
151853
1609493
100231
2213179
5960599
3170441
1763645
7295698
6368396
220885
3670044
5761955
107207
986124
607411
5569264
4143271
1417941
1309717
3468549
8260178
7453029
7519314
450192
956811
2653421
5381760
7972791
5590663
2811083
6704349
7215303
1309738
292194
1852145
2865700
69908
7920827
914329
1665
3376677
3286281
1087631
525305
5590174
8165487
596553
156291
3154532
599229
745466
2883382
157388
5420700
1391510
1814699
8129136
235956
2666405
7361642
150198
8262989
1614637
1566730
1265
4499736
1410762
6115855
153161
4497306
6316539
1053729
5341427
6192561
3656748
205299
3459642
5839868
4747594
7043641
2731768
476845
6855679
5866432
1294795
1668959
1763664
1993735
559013
7702519
1174393
1272941
1273215
583247
2116963
502252
2652105
303780
204746
4255008
731712
6499700
1542620
1467453
833697
1051223
1865877
763439
1902230
5533098
1043301
490816
173766
533080
7294703
799162
186461
539017
7202300
4935832
2862803
2101192
4516720
815351
1309726
5967063
5525032
2629523
7422133
6540684
5962143
849703
2914992
3507630
6159463
5962382
164110
2715047
83698
1230731
2261243
1243555
2807469
4143878
197941
28251
2173182
3233215
466151
7041817
7043980
1887837
5656372
5863609
7694591
2698253
2402267
3659021
7558357
863465
5612374
4410508
3592091
2116615
2165290
1765605
1524139
100144
8090192
7807259
7096638
2250624
234164
4005074
6780977
1054425
792884
6939638
229965
2201760
932927
3206585
980086
498656
7304426
1249617
752327
7178356
54558
503884
1705335
5175274
501446
6443142
1159767
197581
730616
3731349
1567171
5715124
174308
3316868
3618145
776821
1916549
520237
8129473
5552443
1424164
1819291
2131752
1563791
7042099
2702564
2782361
533241
6119121
13957
894615
6345807
2081771
7585155
8107372
2555892
1307821
188538
2172343
1577719
247391
110248
5554064
636577
1644895
2413799
1004053
6112214
7437469
828450
5746506
6607731
59324
894660
7804196
3909056
2432003
2483149
21079
2272955
96194
114820
1407411
570107
3794761
7630399
4190823
5959735
1464934
2217263
7909937
1668216
3770498
2616214
6443187
6212400
5897819
4475685
7273425
5766434
6608492
818905
7818858
3180036
557934
1010877
480257
954709
1470117
5105756
484801
228530
544887
801992
4306649
1088355
6667338
1314175
7967015
1243676
3534850
600031
3264668
17478
4551858
2802098
6266036
828498
2808729
2609639
747595
8307425
4050143
246743
3386301
461011
902351
5795764
1097781
3539551
8171539
7950957
3744271
198046
1254825
328482
3771121
959317
3246277
1242240
541108
142354
218068
69320
6935876
4324545
825643
191237
16744
6215555
854395
850212
5901400
1675329
4157067
6166000
125468
6502261
2781494
100099
2019954
133552
7802075
5485228
70779
7454301
7954803
7845830
6515726
1963979
5878668
2289086
5391737
2222368
302678
6021954
251670
631202
1666691
3947269
2702134
369181
7104572
7032684
1921787
2070664
7654157
1748254
1348720
1586473
5096382
1273365
5568099
5836413
5916054
6420483
1960158
3601118
6401483
1784675
2557112
3050015
322210
894258
2887227
1529903
5474615
259426
250810
7665276
1505287
8089583
2418318
26690
5671488
899891
8089723
3234523
8016959
221314
5787158
7691038
6510745
435966
1249653
611638
7598992
7262311
1434844
1494556
678568
1364821
1237827
1312336
2328424
5484217
758765
1820993
1708052
762707
3243162
6708232
541111
1805091
100009
439897
116560
2600652
7040093
2127019
1477628
1955914
2161270
380435
3662362
317937
70029
2044591
2100687
7909222
1955215
2114106
221287
4420293
1490926
4197329
1002910
439690
7525453
836582
970124
3481002
5654631
2252858
6047216
5331927
5218540
2215438
542527
156411
1243542
4985988
764345
909355
2253748
219822
2823319
7021740
448767
1364304
5390850
2338342
7107384
2760525
204890
479223
5500785
1426736
1658612
5742508
479906
204917
4164157
1918701
1428005
468638
7413607
5860773
406917
7552528
859860
514327
515992
28116
7397671
665503
3816350
672824
945642
5857570
3106529
6459323
619382
582790
67296
236025
7072811
5359222
1345839
96448
6423562
359016
4150717
479134
98157
3175037
1397629
2249121
560558
4653086
225869
70017
3993038
4592410
8090600
66948
977324
8017535
4291004
6991112
8268001
718822
6961109
967743
4415516
3842990
3466281
1133861
1554906
237346
5604427
452840
563928
6449917
6060899
7273476
8264505
5853507
5915560
438537
5018383
632286
2717788
985896
3971041
37393
792461
527500
2252383
1203482
8266283
5865475
1028594
2181005
1971389
5645350
78140
7073612
2835641
1364345
2997005
3189859
5821002
2217766
3183484
829924
3500790
939037
946792
5844961
1805248
1728428
1847506
1677452
3763179
6220592
3196723
190052
1584659
1774790
4110341
8116841
1787370
1089293
5178883
354796
219376
7702023
792833
6702050
5078268
6876827
1333155
6337334
4266433
466567
4616317
2234061
3392248
2652756
1964141
2637943
1494484
8065096
6054896
2611221
466078
2270225
7395913
7075391
1251099
3161841
6142941
1519555
5259109
1234892
1332075
1337858
627832
291200
7000482
7931929
197413
7867511
894624
615829
7603881
7460277
7362418
2513171
189831
5353275
8283746
7522065
204174
189802
1944769
829982
1647421
7677713
4154619
3177278
1424677
1060771
7044607
156557
143746
244914
1309681
2180353
197314
1891210
686288
6435724
159256
156294
4152466
5931398
4886185
2326399
2162058
6069889
5488084
8006595
1241661
1925872
376151
8188891
2178925
325092
6600757
8719
3699211
2176258
7843360
4437465
7908105
265996
1247876
6861112
1705143
110331
686312
618952
843755
172849
1360646
6238106
5795926
5716117
403714
4774522
2256174
613084
532566
2852855
235948
1272825
5931027
17039
4639775
1237901
2126831
5505921
906288
4597530
22492
3432974
4123831
768986
577625
3704845
1712548
1148058
972544
6431987
116453
6537914
980883
5884805
2818672
5103500
4356655
1972732
2251742
7044835
6587419
1255294
370387
1886783
1674715
836482
756576
6426106
7691265
547315
3443579
1194524
8201429
6685196
672303
7611147
767732
98989
924153
5024546
820272
8171194
612850
189822
328527
1105960
521825
1220502
2756114
1705278
920200
3504533
2806067
2761185
1554176
3816049
221935
1237593
6043081
1163
390610
2164797
1996902
1018715
2651069
894636
4380835
3487660
4675244
7188040
3456482
27573
788581
2804355
2255195
7877996
232758
4687096
585301
6770247
2232838
7507642
3272871
1237373
4597340
2702807
4317889
894651
4901234
7072943
2101030
808308
76485
7095043
7987948
465503
5456538
186288
2155173
69295
5392001
6297294
5571632
5366304
236921
1899718
6260636
6657458
2217542
235792
1852913
2266529
5543264
1101450
292317
5331049
6183452
535751
2561562
362927
7726407
6419552
6151705
6347285
2124804
1236742
7172926
2010902
1020214
6876818
502647
5105741
7904615
3269732
1230708
2392375
4002499
864496
1334728
7545397
6702041
113701
5935542
2765126
6418726
1268010
5671228
1933883
2435962
308491
1495149
2107320
4005714
17278
4595573
5106575
4996101
4462658
2069301
466295
5670347
1523014
6313050
174672
1494041
2778443
2205893
3288575
7792200
533704
297464
1823240
1043211
1319283
560453
1153222
1611214
50682
1972546
3660288
196832
4593791
1237613
241572
6701626
2703680
909353
5858775
568060
171525
5931003
798634
5722456
7933029
2227318
6436550
67293
2309020
3663303
7840989
1462247
686189
5362973
1675288
20296
501195
1024228
1242071
7954444
5553581
5878082
204624
466408
5077629
7927531
438719
6664182
466086
5851335
5102606
6204804
1728752
2872231
8590
5860321
230061
6400008
8063524
476089
3390575
133202
5112557
7342815
582241
1611220
1940373
3675141
1407256
9053
466190
3816389
327048
1262043
5506788
273678
6115516
3928298
3624071
2235295
386216
5403597
5618097
6342609
167926
1902665
1969020
484574
2257495
4517513
8923
894576
3443621
7724980
7825643
1790074
990646
6908081
924992
5965333
4594819
3086194
3658038
357800
76857
375825
979963
5338587
1460222
8045765
6038593
6984807
1509199
908814
619128
69950
8048744
246349
5859507
6296502
7909797
5235524
3660467
2651377
2107790
540317
1962974
2127466
1361890
6203710
7705693
4476033
1584604
19216
1492965
5678112
5886053
3756507
2233687
5096025
540531
3797893
1705045
3351299
948114
491447
1538870
1233600
7044991
7553309
2717175
7610511
5202809
3491068
5789277
1743728
861754
233922
484780
7674953
1602972
2185954
829951
6453483
4036187
5360684
620491
5110495
5562761
5391799
2272640
5320470
796140
2780684
1040684
265882
4516834
429437
7693588
6740854
100138
494968
6428395
1379116
1299080
4256595
221275
433014
396942
7910269
97441
4648485
1183364
5227989
557926
4630151
4259464
5473559
287535
7750039
4406953
7877163
1118755
2433969
3825966
515572
482901
5332919
5929938
1494212
236205
491726
1040776
3538355
1273008
323266
1244808
8127930
7572938
1360670
850301
7909819
667515
341757
4595842
1902671
7951801
1596787
1287020
484750
1410615
2547268
533251
1896516
6601840
331273
1383178
4340655
212914
7716085
5039368
2279235
383758
2983625
6801418
7705654
551667
4150213
6670610
976825
539320
7353390
5699447
5767494
7907198
7845839
815558
7659301
3374371
4614264
668187
1247742
2864622
5931054
6942012
258757
5831890
1494550
5559386
5910357
1384628
1063177
4306005
480788
258317
3376581
221125
2150463
1834079
7662736
4155407
2806944
1443721
2701231
6005246
2827904
637640
8656
635804
751225
2998726
575291
2770930
2397772
914191
1309899
2435590
45153
7268045
819738
1309627
5496836
7527914
3737165
1674561
358926
3488963
7801406
2219971
2238601
4122342
160872
2155284
1793853
792470
8078757
1956263
56918
1880127
133655
4147545
4253140
174486
763033
1421419
204704
5560678
2148538
6908140
7484692
7333759
1672539
962100
1492758
1181277
7697249
223750
465682
80047
1688891
7908358
4459660
477928
1272623
174445
1237397
464731
7546170
5590954
2044762
2814043
4263073
7909172
794870
3583709
7714486
4260619
4639342
5253278
3181564
5919576
841931
3807616
4418057
1316647
972619
3818968
5020156
131522
5555141
545669
861079
5861544
3674169
4288819
504142
228545
3557251
480541
4455011
3656298
7521508
820518
125748
112199
532931
224048
241794
507473
662030
3267537
923685
1606941
1462629
793244
3984260
203790
1972523
4258717
5257701
2182541
16789
4442081
956633
7216041
5781820
504367
490379
6047413
931693
5876524
2466217
2777239
2698322
1955583
6939521
2180287
432097
200300
1421271
340166
896578
1762991
67125
5314173
353487
380450
2019917
1672576
5560846
139734
1316579
4501701
502381
842344
95150
763478
111469
4405113
3485300
6934241
669521
835964
2332441
4257860
7064468
337579
408016
2129385
502551
7626623
100556
7901150
1417920
3509502
894678
4950531
125671
4378153
6467886
168650
2672902
2283172
5248881
221158
3247450
792797
1040652
4063532
5918157
1365114
26903
464425
187701
4546992
2284950
6349222
327429
1201780
539015
515719
5693975
4841311
830826
3489084
190792
2757779
4789641
1560158
558041
8197289
163505
561463
627468
5214858
825104
3177685
353414
6343640
5653761
741475
201780
1040801
2247226
2097293
6524481
8146170
3738025
1737269
1353286
1893361
862336
6151767
383469
383520
8256857
4198981
976059
466188
558506
2220157
1267766
5499306
2128483
6544242
6203026
241611
2313848
2129949
525302
539290
3530683
3538104
4501932
1966268
4191371
686156
478385
7712647
4134540
4142486
4149372
2120734
6466830
3885363
211725
3621028
880389
308914
7721477
3676755
3239620
2283305
1560222
90659
136965
5930736
6344450
7495110
2672894
3283642
1288423
3449525
5759271
1965929
7004854
1125028
6995422
321170
3997654
4163012
820245
4269547
1310029
686261
5412857
1349143
1783328
2101834
8195437
1509207
894633
2234288
236650
2762013
171368
6093987
498365
7109506
490560
3189850
1928400
188621
4201644
822069
920193
909604
5093883
783301
64143
154260
1493060
1223038
1470417
5910657
3494865
1848862
6799622
5671711
1984626
1196935
2576955
6535999
60301
160543
275246
1125034
1494043
464023
39304
2332425
620470
909280
7232417
1353254
294573
1613102
2264967
776848
4982881
1338728
1696748
2553577
836435
4887526
2226376
5734706
69944
233762
2098290
5519385
178833
5567281
1309375
5011082
2224255
6182601
7952597
2758099
1163583
5670482
2976272
1273228
2593001
1136677
5773628
4595959
3908987
4530746
1942568
2184089
2775959
1078348
5032768
2129114
63923
3926356
4262173
1215758
302647
2262086
8186468
764719
100084
4566471
6166768
825673
7766882
4199524
6450486
174111
545034
849252
2629475
7388327
2017901
1125397
7906952
4050737
1674330
3521928
6497890
7694068
1835514
1314801
230197
815600
7735480
22014
2101888
1117362
233784
1920471
7419838
1230273
7237588
5936148
5322221
15551
5534657
161301
7072274
2241327
916396
815630
2155123
1109483
7654544
2381463
2744811
937869
6750922
1173282
6438320
5528582
2024540
88132
1961284
7636772
2665798
5611561
3658604
5445483
2036092
5563735
843753
1244883
2987183
1494268
229746
2232859
5964031
57053
193756
2772659
5076599
390571
5522967
6260445
2351960
683095
6678262
39182
1801688
916312
5359844
415615
7682783
234044
1002919
751062
4021264
5548819
3670189
4126290
1607573
17835
3223301
683188
8063515
798673
671525
100129
7099886
4418610
6426011
4411341
5070195
1228109
1410732
156453
88066
6935453
4150322
5496037
2266540
6818188
3393503
6675806
5625088
1053979
991446
1184965
389966
7954038
4033586
1440379
1957310
1988423
7123748
3981011
7089975
941878
133070
5067953
2186478
8064519
1579745
2338694
366009
5331146
3975509
6761545
3670272
7790685
2176320
1687587
5866408
36945
798604
7611327
4885582
3446266
3759366
353910
5423135
3309014
2240179
4596776
23058
2813986
1548684
7285224
115160
1522691
2250930
7696669
204728
864906
1065854
6990448
311105
7420627
4324731
973322
7761917
463536
5709489
6532586
491672
5714632
521267
7550027
2934826
83560
3049082
202285
125276
3871245
5848104
4024442
350772
1580023
995935
2237385
1557997
361080
7044037
6934875
116518
6073536
6253836
769258
1519854
907984
5537495
97432
64790
6435231
955096
4103856
161392
225670
211789
6182752
726372
2699660
6846823
2674921
5365472
789311
923671
6753601
7201722
71676
1612946
2773518
3572618
6168258
5856267
2554711
3380095
2260139
74421
953722
861778
3239537
1653875
6416257
1748890
204725
1436196
156324
4131579
7928394
6494479
878011
105918
2126822
2019944
7939028
2133665
292417
2260788
414854
7341016
171703
2272313
1647612
6182912
5625701
7821350
2971737
1332531
5535270
6413528
611689
204537
1030209
1602203
291690
6870505
6408486
2224789
23597
894573
329828
7033331
76350
1519904
8328878
635888
5615666
127312
1687527
859662
7634449
7891963
1239577
1028826
7338327
3557751
7829647
403813
2179423
22521
1420359
5361970
241682
5772090
3668086
504151
502210
5930173
5815242
2258532
2125622
2175162
1331304
4196968
2869997
181781
174442
552083
175592
1417902
7909216
2182564
7451133
116432
114838
2373579
825614
1345117
763291
56657
4557107
2252798
36430
8171767
1504914
1688750
2018328
7566200
466369
1244976
221134
1349017
204776
8152162
2613275
2758773
1421280
1911110
2112155
353129
2113878
1589005
5514590
7726046
1916102
972423
71608
1916945
8191866
1754067
6421285
892482
871939
234047
122228
5129667
409273
3696103
2699375
2130223
6743523
4302776
7672153
7524474
3158346
6900193
1566742
1151802
7954265
123547
479052
894825
5417133
945345
6476103
7726861
731655
2099166
3244605
466357
7041496
732002
2781288
501644
689513
2865555
42411
7877364
5506344
1440328
1047388
319277
2242153
1780564
8089734
979914
2853674
1773880
1825031
1426793
439731
2716395
7435528
171150
432023
3419203
4596418
5460844
1085572
7307925
3414547
2241318
4973491
3658472
241284
1916481
63899
7557229
1551570
2278617
6951200
327402
1308016
3428934
1047492
3995733
3267648
6250867
6932137
2756444
2185748
6148555
3697342
814466
1107235
4266806
1017931
1047486
526071
8306260
5969053
439903
4714455
4753396
4121366
2166475
459749
7282128
5528015
5112572
71811
1890523
2549671
7420696
2171658
221224
197590
6314971
1566534
490824
1332845
1227899
7801935
96905
71799
5357757
2275124
1309807
1316471
1084955
858999
5494432
1309801
1273260
1774743
226289
6154992
5477641
1101303
7124256
479229
5829208
1633611
7098513
523045
2684916
3174603
7823320
1243703
1546808
465743
4554492
2863632
930737
6307592
3233332
6428385
273891
1465674
1478801
7542441
7906934
58767
125258
3730786
87905
540433
2061487
7885114
5397741
3908093
4258330
2019672
186500
1488552
2668706
7697542
2237447
1077398
2613201
910946
5555300
69959
58983
216960
7029545
516083
6676008
4466662
6700452
6075421
466168
790933
4838125
4415193
226106
886577
8089586
2731769
20488
4875436
7858732
596282
107860
504458
1061037
2197355
4623675
2523487
2228164
1374700
1149096
152069
466328
899662
1829151
7156017
221020
6256872
6122729
240645
6931795
6789930
2611411
533273
217031
2886098
1107304
1026956
602003
7363857
1664566
2999535
930698
2603713
3820146
223985
3162133
4096872
1477175
193837
6576066
6800957
4388192
6464018
2253879
237204
466148
6877154
7505431
7920103
6303221
5929875
4161981
283480
635483
5785699
164225
3674384
1502418
843800
100647
1824906
1224169
1712674
2763045
171380
1273125
146480
574285
7532500
1519943
3432386
408532
7661237
3194069
763324
1803233
5564586
5404106
3580644
2867408
484862
5964942
5689053
7555330
671957
1116974
229220
835981
667347
2613350
1410600
5366307
2241172
5861922
7704120
5534639
2688877
291265
70123
532683
6416805
3768516
1566926
1229710
5480901
532916
1961012
5377246
465689
3367960
297371
514291
1196556
7545135
7662370
923144
18251
3647828
5671234
4343756
1774817
172003
2831226
403720
6936304
2757867
112830
2238221
480577
3997692
4875450
7043646
4992725
211818
86100
7881955
4996944
2249820
5365187
2205329
5102468
6793923
7819386
1416249
1689573
1439335
3158994
2616942
5357395
6921631
5517853
6134854
396220
435404
2511288
2099402
7411310
481585
5969038
1583405
198977
5181098
194255
5855085
1874480
2239141
6845908
225761
1237391
1439260
6774570
2205687
8315816
1493100
2827765
1251870
2668952
3848670
292344
4640361
299960
2154513
7645044
54556
2699828
1370434
131091
535417
4496018
6676037
1910605
156237
920253
7743737
1407653
54434
4530879
6238109
5857696
5502843
619055
1308476
4326652
6394466
5713814
5124166
1243772
1823453
1267712
2779831
6615648
4130128
6600615
894654
2827573
2743630
2435441
99892
5204199
2174855
400568
7727562
5242517
862045
2212447
3364874
7517551
101840
3288422
6180079
6312900
5535002
2767206
7661234
502663
2629013
864547
5702566
1983267
8171759
5871157
3658036
2988103
8285485
6437984
2181102
2769038
833635
1575792
3223442
1085689
8626
1423194
1081472
6149457
2759802
4158955
4931764
431255
7897148
189828
764705
1402092
1085876
4911390
1043827
7704112
1151057
3839521
1494724
835225
4995508
2153630
7503424
5452178
226341
2725937
5365679
7802081
1415654
2242845
843869
7801592
4150281
171488
8842
6342652
1999912
2481487
64283
252499
439687
2644702
1041404
6443981
125393
5248772
2658786
727887
1118871
141619
5732834
997238
4154728
2599306
1125046
5289500
96793
3438437
1012670
294570
1927573
2010237
2102813
8170765
163801
2047572
2054035
184391
2139271
122210
7282395
2206435
7809032
154942
3795605
5918803
4107629
5859853
1382988
1679997
6430728
762421
1434866
4410973
761549
379389
4717887
386839
2131381
7027945
1026989
359248
466142
2270673
39301
1011571
980880
4220151
6760921
1060262
529657
1815509
848061
1494328
2601015
1729666
3249967
762330
8306150
5369668
1874683
5873928
8014532
2123436
1651824
484822
2679038
4571268
5658773
76806
6167908
1053942
5717277
1493053
6828256
731853
8013475
7281980
1028049
5401129
672714
5738031
15739
1968534
3528924
5794607
1705282
2611840
2129528
4886002
725366
6500280
6743703
3161860
7783786
1877209
353889
5800961
3537483
6201485
119783
2243412
2600594
5929649
69933
6875150
1153516
3443179
3735461
4416494
6175034
1267778
8050166
6933039
1765786
6934009
4363149
383845
1980810
923632
861655
5930101
4474144
6433241
1421349
5405226
1348117
5611923
7000485
3183191
938461
572004
5073456
907980
758786
2234261
3985947
1146274
970287
4555131
4592163
7690297
632412
8036529
4211157
3349692
7292184
4644306
980640
7707901
1937682
1041629
1494661
2600034
272044
6656973
4270952
2332600
7505677
2867584
1087034
3690751
1424451
1758585
7878975
7188390
815543
2697311
4996715
1215740
6300381
3350984
5063747
1041461
201077
6051964
7680972
408514
2188274
3767004
308512
2865760
7223802
1963928
771558
5786501
100093
6053215
1384260
2809809
246277
1774856
6436559
2699381
4050573
1420383
5479417
2820392
5525332
199894
3448447
1273101
2546861
470014
6264934
480722
6513755
4068722
1226277
7495044
546818
487088
7661324
3761031
882736
623250
861732
1075878
7157353
3864274
3108973
498425
1748887
4944488
2238148
5010940
142660
627596
5640200
5338101
7907947
6434488
108370
1392649
2811278
466497
4009793
7343804
1136656
6423030
5208953
6504420
8162727
5137103
6641428
670540
6961428
5640515
754870
582345
5260389
6567209
6436546
422691
3533912
7550425
5856888
4933497
1611196
2043763
4158098
4164101
4200431
686297
2653347
2082784
5860779
314828
5154602
861850
1886156
238900
1196511
627643
6499479
501515
2259941
2847302
35426
7586206
7874745
1267575
527809
6937581
5787164
5356371
2547859
893677
6462252
5391036
6432843
2715942
246080
516080
717761
7338321
96707
435786
1272959
2720022
611749
348209
3067132
5655089
7506039
385016
1702967
1267655
1368382
2627243
2252891
1197601
474909
226091
215238
5670500
869052
58977
76488
1668734
409402
97989
683080
1874405
5003967
1728773
648153
1438062
63936
8116447
2153072
3533160
171509
1520003
6430519
5591245
5554721
5879527
1030069
911892
1911634
253229
2164342
5105430
19324
3424835
2757363
3563040
1488248
3241373
1047887
8118625
3770181
191096
596285
225812
1519538
5732098
572231
3741481
1494122
7072979
5493577
7845846
6476170
3380523
159088
152221
2308306
4933449
905545
1087409
2053265
4597177
6722409
322207
5847281
1057045
4444103
7862975
5553276
99898
4049851
6859778
740129
7648212
3271260
2078061
7006408
1247610
2666486
2823206
69290
5681207
5969074
6912851
5656291
4291019
6463723
2109315
2321359
2233617
5560885
161744
2396026
6643598
454142
2231921
5357818
5419306
8063305
5652537
665491
101639
1243706
590636
245034
249062
1442388
907519
1566592
7877719
85151
3956560
2182060
7753992
8870
7979276
619616
1921020
3573093
1474452
1489959
6847501
1053946
3574917
7638488
7910456
479890
7873147
880913
6846321
4136389
8089824
3620668
203694
6025318
2784087
3871317
1422894
466226
1296781
3007963
748310
4264938
77256
768467
1494958
1672955
1828352
154920
418116
480004
3227088
6942209
5560955
191636
2777488
829958
58317
25797
632540
521270
2195714
869680
935970
502641
1245462
5358962
203973
2587714
2552853
1045026
1407916
479326
1998073
7708310
1085651
6442022
4157242
5312409
6432408
7756549
908381
2804486
1273095
4254556
8097771
3434797
6433139
782754
1914032
2581670
464966
1139374
7845837
5863942
785146
2810615
896452
7041523
4449968
2446401
3437365
6775251
292434
2173229
3643386
6511009
7726449
657700
1433154
5388077
155881
5432884
1223041
4498672
1237471
806701
2124967
1316694
1249548
101552
236729
6914864
7400683
8241571
5653333
1089928
1651928
533145
4501134
4308027
96260
804456
5882554
1425151
229202
1029200
6291203
2613698
5712646
3656796
353952
862636
1284832
5522428
3631131
1125037
752609
4802369
403729
1488642
4711383
4592039
502335
2228148
1949511
1273047
1850316
1999460
3989942
6196075
1963841
612520
559004
5500630
2127085
6602396
1308190
5218521
439850
527511
909819
502341
5420777
8182309
2778617
2256649
7877014
234170
8016986
7201725
1981509
2734455
1696751
5871340
3962340
1371042
7406873
3371868
74647
2725139
607893
2238820
99447
650823
2152353
925154
1946680
6216759
184438
1532732
1101532
4032168
1712467
8987
8896
954934
1493983
5527039
4008070
5633912
846007
157849
1818502
245028
1961009
1512434
6372526
1660366
5367966
2270384
4260479
7359382
1829592
5856969
6443945
946777
2562693
581957
63404
2563668
69808
3254718
5361876
5395472
2231404
553264
172006
1478779
5711280
5912001
850844
6429210
739399
6230659
7533009
850220
3977444
2821901
5930949
526106
432984
6354265
116647
7935734
601472
403106
909363
78056
56978
2052768
4160675
6349035
2870096
4236048
1436184
612745
4749204
5297156
540361
651402
236067
6205758
5460511
249715
1645221
7288973
6689640
533425
823450
1395270
1533859
5499303
2075124
432271
7041970
256408
525438
2047135
2703148
1918141
3553946
1087365
4009857
1007604
6687065
71919
894984
2266504
203858
6934618
4687447
842536
2102146
4414184
1822786
2127251
1890854
7876410
1748790
4206425
2866053
1388727
172119
5690609
5256886
498479
156393
3656805
2448197
739575
4257855
5451344
4702144
144817
221176
7532072
2126725
7063906
1925319
2293159
6040378
832477
1080784
213815
156318
9004
194970
6403980
533017
502734
434473
575544
5487938
201705
3046760
8313051
1540891
2466220
4163473
3979114
502653
2773096
4560774
423954
1910138
740986
1712470
1422348
6888345
156342
71308
4262243
156351
2011627
628007
7289078
3674619
5801603
2759580
635896
6600465
8045081
6221547
4142567
226068
1748144
945396
1227064
6359637
6686095
3701376
2679998
89888
219538
1701775
225863
990846
5930697
6093745
1047465
4395110
7136530
8069968
6952951
2266545
843737
532667
379248
109009
5469791
465290
761871
5577981
187362
1971805
2176551
4114673
579331
7001986
1422865
754850
768655
1558080
7637943
2268903
7638094
106179
776845
2053412
3882123
2355203
3763569
4269328
439900
7288887
1818446
6207591
6939584
7137692
504551
1522675
2559046
1095636
1237286
2531321
6474116
5020830
7655184
2125807
2128250
3703395
6917318
4914087
3945889
2253427
3445901
6167396
1080400
7103076
2081395
335503
1918772
3987845
1681689
806686
2124780
487388
6918632
6220750
780204
5917402
829681
518529
3540561
1660291
163818
197344
56960
2151176
71132
1435159
4436646
6397678
2272225
575559
4154376
1167093
7096650
814043
4287865
3574990
821354
2159044
6849583
2094728
2810624
4894616
6380146
6205740
354162
101513
5999836
6269488
5868071
7318692
4544550
5756403
2238458
2699854
2139693
5080485
2615129
4930814
193798
457162
1186024
7073396
3086159
5088357
785045
1946977
1633419
532910
96740
4410766
924700
2070712
805108
5860732
2126963
864595
3574741
958876
2613005
7285371
3983561
5877709
237136
8091307
3129757
7689149
4996039
8169616
105864
346725
7763860
8181514
5864359
3624608
131597
5928893
1302406
7171567
7713455
4501686
933916
1443635
3965947
252820
5332398
3662877
1895618
502443
2572128
4149529
5658239
502626
156306
3265139
491463
7714129
153097
197989
6330415
4980697
1927689
1298414
382196
1186015
2584407
4400546
7784038
6428377
2188044
591885
6676966
4146876
5290543
3654225
2372786
1269465
3599245
1153468
2070917
386953
6682981
1247858
1101495
2070581
7083539
79295
1927110
2772575
1365664
908064
3535754
7421076
596858
4502676
3231847
5274955
1633416
4139905
2336235
6027636
2182442
2929817
4455754
1914683
7286300
3247226
1589364
2250534
5656909
2711893
2565184
326358
6106883
4154131
861665
1426591
429752
3841544
7676107
2611317
59391
5960948
6522241
2553855
926113
171787
484340
480212
5876638
6514051
4553627
3001232
85667
125769
2629
3564199
1203901
6430724
821764
4997678
2775483
6058225
864012
1233828
1036200
63866
2228433
7772704
229241
1534117
5498626
1053798
386064
5798936
4006925
3665993
5648321
1146793
95293
479896
2125513
487316
6921664
250924
87634
2045719
4071898
5861002
4410131
623589
6408477
832169
217764
2486077
261745
71355
8647
52442
4934606
933563
44754
403534
115166
7690480
6868605
5799976
6799474
6467414
3967300
5877972
3675319
745349
1003759
5885479
2468400
419083
1028729
7346007
406137
3540641
850853
6787109
5562597
532628
5320929
1536298
1910754
726021
6142974
5918173
7188038
745622
6149858
1712464
1308586
1410570
109131
466046
319611
1674504
686300
7112136
6767234
3107308
265903
5789850
2111683
204495
69424
4935964
5543853
761349
233530
1647651
824491
4502037
6432002
12321
2024211
1761783
5658840
2255529
1281651
2068335
421324
4753252
753405
7909805
82926
4353320
5508305
2182753
1374858
8050379
2601159
8068894
5625727
2257698
7683446
8192369
1531768
484784
1436715
365539
6760917
291065
1927379
1830156
259672
6532766
465791
2762049
1410178
1237118
2154462
6886723
4830992
159253
4307592
3250484
2447074
2236101
2266450
4939767
1749060
1748940
661994
2210964
815411
3767333
5862994
2107958
4994245
759148
5395470
2716855
7821978
3051753
7421062
8088074
832044
21842
925037
7644854
122094
2625963
3987281
6329079
7437472
6467889
2100261
1973335
1021215
535461
4593539
71032
225707
2238919
1357019
7583382
291206
3005872
5461820
771528
4269048
1273170
7959329
7382442
5864794
3234441
564307
4201277
8284711
841196
668006
828507
547285
7044674
479055
1921527
579939
2308342
7102148
7626557
1696628
8084220
3881753
7555036
559370
1381346
7713290
968992
795534
1291166
5617957
2169676
4531301
3815869
7706920
6937599
1470552
39461
371197
6350945
7229966
234767
5562795
1415672
4206924
5563696
1520030
186780
834896
4022134
171437
1410642
2361087
1927891
7270350
4980536
860001
2126735
437501
1528123
1013241
213169
6297286
291236
227514
2530583
505107
793232
5856994
4420689
3005875
154935
5309869
3081494
2598369
2055167
1215377
1101576
6221234
439862
439760
632173
309129
755156
5964118
6657205
7845875
1443879
4360476
83566
6398645
1283025
1424320
7767873
4411135
582306
782298
955894
131835
1130219
5564773
5855931
1795138
116680
197710
3679407
197677
1496935
95344
1234159
2128890
1338323
3595912
294076
2213791
969837
241152
7132799
1928260
283432
542629
7456419
7850653
861634
2237858
138834
8049922
2228646
221203
2870843
3843318
3676893
899685
601408
2147756
4008109
3675874
773090
2837633
6513920
6500154
227354
1990896
5320945
6936634
1522585
774647
979880
119717
1983178
237061
1976035
958438
381117
350998
3354829
1563728
2231615
5779177
3945812
1494091
2753881
828372
2562687
8299481
597929
720879
2433008
1267232
5862530
766246
294479
5426743
2246331
1346858
2698325
2326128
7249354
5331879
515632
5807401
3804785
485823
5493638
6429896
7419594
7372795
204806
6276037
1728641
291858
1363977
5341388
1025096
133988
3285770
2158302
2626032
1146894
6229981
456959
988264
7610559
76905
1706952
2775384
7335646
465899
8193317
6779175
549932
1222987
7552500
186059
159169
5010777
7070060
197668
1919680
5611957
806698
7608888
437669
1861169
5331128
1934242
799844
750807
202078
8321271
439852
3964121
7177149
1274220
6449380
2868819
6517938
972568
354129
229902
2697838
292332
6501290
246298
559954
551701
5907963
1698952
1325154
610149
1135257
1914307
188728
4630815
2739596
2054255
7980446
4140948
4143935
1221367
2652645
5117260
245678
6426903
5105768
2100483
3113058
1494652
6667297
4597753
5345813
834910
4488469
729394
8341514
1200869
292236
184100
1492765
2014730
3163751
449071
154947
5369396
5910668
89626
608920
7589648
4995510
814791
3824078
2702186
2251476
5866049
1892489
295887
3383697
852002
1748857
7676808
6259816
7291124
225580
7706284
2853938
2127587
2777177
6023507
23304
787875
145842
466247
5357695
1749237
832172
1273050
244974
291705
850466
7233703
3178896
1271175
7019467
1443655
4596175
924829
353793
6269425
917855
255170
1438886
6210221
191680
1942715
3146127
3287179
2232326
6722699
2780158
558044
6965589
457061
44712
1667993
125099
602611
2198078
1879090
2229725
6932320
956612
4677525
555303
7547411
198983
2564871
421240
7043529
7689122
7485423
782706
3677422
7913603
2233344
5726899
256453
465803
7578119
1333968
7556229
5871299
6681315
460326
4269659
1915054
1198088
6093996
484351
5860746
1526597
59378
3622385
8126038
455656
7252909
1696364
3179518
5761650
2612689
1013166
5858385
1902707
1092715
2230012
2253351
774787
3185039
2979814
5315200
4474854
4583614
428163
5563386
6468940
5410749
832181
8192279
237340
442674
1429733
3283650
1526620
6954594
7631420
1204592
502644
5037935
1494644
5248727
3673998
1436539
8007397
815390
337564
2129465
6580865
1443911
7767819
77109
807160
2780134
4404521
6939560
7128034
354535
56468
383466
7612004
853297
4262887
2257468
843875
1560219
4501908
7886173
7693874
4364834
250989
2755578
5709690
1957301
3573069
3442302
1633413
963035
2004777
623642
215034
1042528
538251
6218682
612160
1101261
7547971
1377917
1401994
1497911
5445068
472962
3998621
596676
7420720
484798
3249160
7073444
1500387
521801
5561695
668073
1956100
7369870
1900848
3567061
1964213
6671377
347739
136399
6511060
7911295
1117143
5658236
703090
2550154
5847978
972485
6952992
2699798
5861296
1585437
2077315
6298023
50811
179824
4150878
6211567
2289799
7713146
6108319
5963301
5183144
3666778
7090485
1566923
380629
6656880
628283
156282
2182438
6875714
237306
1524791
252975
211579
1203756
8128888
241942
6964871
536634
2234465
1017695
529426
3572841
1159290
8330242
7674469
91456
667578
96867
796389
2216149
4546175
5257739
3959147
1410766
790944
665090
2068303
8248805
3506480
780297
98770
1174916
1488254
78223
1296072
571902
2665184
5788556
1632233
7043151
1687990
700671
1214423
5483351
2869814
923773
5100735
3598597
1575825
87793
1993257
925559
100028
4677381
232057
3669315
6545741
1770331
2474981
1159894
1795187
8133483
2380900
814793
7533082
7032776
20605
623669
6182487
5440024
5964711
4558748
325284
7565121
7648218
3767538
583907
4145453
254224
16235
7362457
5461804
502201
7009771
1118898
7910112
596910
1247838
8311788
542443
644138
1439311
2328937
570074
2550372
748029
8047460
3393126
4284280
3284530
4014607
4145557
7869877
236722
1270121
254542
2567199
1243685
5549820
1899108
59441
1889867
680611
6600535
1274776
5855019
5553126
6245741
3958359
5855934
439859
165278
1997650
128413
644072
4527311
236348
3539155
8686
1196734
7459648
975080
1389855
3050909
2783684
8012192
35439
5163965
465481
6581527
4036277
5144472
3282986
1597045
2601162
1101198
2256159
1230789
224626
7485091
5929184
5525925
842465
4141086
3049253
7357391
6514337
7833610
1414001
2571322
3968782
477880
1910405
1433161
2233905
768623
1545086
1436964
910916
464849
2616624
5531631
1013067
4619910
6782155
686294
2159816
2171670
2053970
6325927
2067005
746875
6228494
5960657
7500416
3967113
954781
1710763
3979168
1954449
842305
2173361
324974
192071
7690111
2173894
2565468
354491
5929643
236978
3557809
249638
60349
35288
5034722
2429283
768554
7136803
2260658
4256354
2810315
4698478
806872
1199273
6070047
7375878
2886557
2699628
8148433
3204975
1185967
2179426
920784
221269
4687287
1072124
967697
358894
5095607
533387
2627840
5044459
5399357
6348009
1413447
8095351
3245403
5785842
3909179
5778224
5609908
1088340
1914226
241779
1091381
7232121
7727065
6049773
3944388
5796531
143477
447838
1439086
8089771
2240314
6465283
3531190
4190802
7341109
5419788
3671970
860924
4587574
2175164
450057
7879315
6766694
291162
535611
4573319
3051972
273801
3636107
5854432
2761840
945875
7518845
3232050
6574848
2308453
3458965
2308318
6107265
1445106
1963847
1322297
6431948
559943
1956849
4814878
1194398
274257
4501185
722834
5548047
2160382
3559157
6041552
1477649
1109757
8325582
2669357
726207
466154
865202
7909207
3485298
225965
990370
719167
388505
2564622
1626447
1653245
2774811
994063
7644864
4234739
6494783
559007
1214360
2505300
7317557
7904373
5532061
6402220
6787552
687181
743276
2760111
7102142
6431289
3361259
1251142
175358
502279
1575766
1820738
273357
1216166
501758
7728328
6439924
4529985
6164539
483866
1452747
7554623
5528968
2070646
2286757
4502383
1477172
1004113
1674780
8090541
4828655
7343567
1493388
4263845
1226328
4418384
1754436
3189973
468671
1489139
432085
6164863
3312616
4369906
197089
5062565
1250582
885586
7941167
3829098
6484523
2223609
4215799
1666462
1152081
7665782
2467443
4254809
556604
20294
1053987
7554276
5485213
1436721
6242523
3704098
1493532
7377718
448497
1386921
5535072
2766504
292276
1652075
35732
258104
1018694
6400698
56732
5960415
6537313
2842305
432091
2639654
6206870
2753741
275299
2629225
8188419
1880115
1017381
3382729
1236919
4980719
479851
8207258
7361621
2236815
2406210
4432564
1939523
2434966
739687
1014574
865910
5861410
379868
6338597
4309675
85700
587203
1522678
5341409
1152967
4259052
4204023
3181528
5064742
5488312
7117659
116545
2258514
2187154
139770
2600005
7419481
345467
1673672
829801
3735197
65056
1867422
1282398
686175
7531344
2234503
6439750
4289214
188887
2504895
6432404
358770
4250198
5930523
1477187
4850586
2482044
56592
64217
5709198
2028055
3985964
5194895
3105851
1272977
671725
973277
439846
3470382
1333022
4271589
7223496
8182234
5378871
2080402
2234258
5225054
6150105
1094865
5882636
5379773
1494757
2120850
1148881
2245399
2261331
1042079
1959071
5381717
7544226
7919971
6210203
7286337
2776535
2971495
236914
105733
5794473
6436633
1043391
1913755
1085735
3965761
7881695
2485043
925079
196950
6183326
1193284
414875
2823182
3487165
56540
6760398
4753409
8203961
189825
2600296
1052142
16294
292128
1520018
917224
601328
5356314
7693942
7608961
516242
4593877
8172100
7935036
226199
3156680
671396
956549
292242
1185802
1399965
980856
1660309
7637674
3456384
68597
207202
464800
1424047
2703250
1072174
1739795
9362
1672272
1955684
501569
1902176
1704676
8208279
521278
7786207
7814075
1589145
754337
7116279
6070777
917810
3621432
772869
3487984
2821100
1705189
5670470
521978
69994
201649
5714475
6436552
2054144
4500851
354519
246313
1499753
5425010
1101445
1436629
1247751
4991968
965119
2045992
1072764
442553
5376038
3922135
464176
161265
4473357
1874
4907370
934121
1914072
635768
2741353
3335612
5107119
161780
7865342
3385882
5690839
6396064
4541947
8189904
1410564
5188945
5460298
215031
1566738
924817
4950058
5527207
1199884
236644
1046609
1053948
3661121
894378
7708523
3821449
109083
4927454
6443996
447795
829834
7731561
2232880
2705758
5555249
3189853
4894988
768980
3260114
197746
2389645
1635682
6517825
3696136
1917246
6049770
8189085
4479971
1040963
1677941
5695911
564511
6423694
6847432
1987783
693193
4474386
358941
6116380
6875007
5742486
6496524
4003720
5859843
988882
4159180
1817037
5903549
3574494
7801715
661991
71700
5517558
1237667
1763567
636734
63845
230184
7092317
8169763
2755238
6444835
221788
2321748
922661
3822644
2186008
24044
6221158
3153656
1108842
2298781
6165133
1554937
3053102
964379
4137697
1064711
1308502
70591
2109258
5871151
1294715
8156343
7686435
508657
7976895
3983493
275233
442911
1493403
3363990
438902
5082552
5689242
739501
57958
1686610
8186981
1526640
7001172
7772558
4189405
967651
4418753
2535876
2624993
2071122
5828386
53217
8128534
6239271
587218
907328
880527
6683592
1739360
3764501
618866
109116
1479425
35996
5332251
5255946
8010063
6463940
2233677
156285
6476582
5813316
5553966
2766760
211516
7447139
2288991
4188789
8192274
4334477
1371126
1028655
5878139
154252
2599486
186505
5415305
2784473
198055
3485303
5542738
576964
2628622
7362433
832017
6121799
1118985
1267790
599389
4646997
3842981
6853467
1185796
1273209
6378214
5803706
183047
5397638
1018916
23040
7474500
909478
1105939
2063687
2017696
3754397
1056773
6477346
1899111
313381
48840
6381292
439864
6430742
5426498
238713
1237313
2330130
7353388
430146
5248796
2758295
6668317
7394705
542683
174877
1087325
4712881
3927793
4583254
5498080
2009755
5368477
4160716
1728518
8046359
532595
1588577
1733842
5658183
2178486
923498
1660378
853585
63896
5590249
1026947
3264671
226181
7708188
4305987
3048405
1101487
3663864
5856998
71099
819279
1524062
32681
3747282
196030
6272115
3376724
3967956
6758206
572778
7387653
39095
4592727
1295280
3283400
1363862
4592078
6933869
1493924
6580511
838365
1926723
3167158
258584
48698
2266511
7060227
6289248
3699984
233603
7146643
246026
1043256
7825444
17721
1560148
8151432
479120
515617
3436486
6432401
71832
990463
202890
806929
217862
3675048
5467014
8171071
1761487
126767
1967942
6027639
1486709
2701845
741408
2772830
1056943
608959
1263299
1233870
2114130
3991044
3333786
7744819
2480847
1043235
5860491
6191985
154899
154959
204472
2531711
1918518
188409
761804
299729
307352
237288
789718
1183635
1861155
5866051
2762207
934023
7523547
3659062
2271963
1108520
542440
479202
374946
532547
466281
569801
7551484
533752
1309834
7341112
468665
1982734
1309570
3246059
4152463
878948
771918
502542
3245394
925040
5914227
3989282
4320566
1194238
4268504
3398222
3487822
4140390
4156161
387880
54375
1203753
104182
825655
1852865
4163063
887440
2110437
225953
346758
970137
2175656
1940229
236941
3801618
1277227
2076997
2233326
2886275
2769325
3136830
2435569
4070176
2701234
479247
4159904
639118
3171004
2802773
829771
672483
104495
3108232
1123092
3660981
57235
5567504
1912915
6463576
1316147
828496
6964946
5339009
1641816
7806066
763049
22313
6976928
6935597
229223
5340044
354841
2311536
1272765
4144610
82923
5253102
2165443
1570122
188982
1267553
671520
459314
6431990
1916390
6967820
1307819
959817
7285422
6813444
629557
5570011
5200115
2229752
1085900
6385983
4886571
2537556
909359
487136
2391596
2210358
4143604
2864343
7289947
2699333
2294283
1971942
2186451
1928743
7845848
2457090
3620452
6801191
6443970
6930549
7281615
4083991
8149233
967956
1687402
2722181
2501241
6875031
859685
3247151
1060036
5337819
5552959
529036
2780151
2254807
1533462
7508017
5085614
4158958
533947
5509353
1084161
8088902
4406256
4192983
2012286
4687335
7310775
6005243
3984683
973121
6671104
2181027
1493652
858978
1495049
5094771
2555831
4151308
1677218
6828766
788566
174454
4078091
4073713
3955981
7690712
159184
225088
5333525
791511
5390710
1828276
1619107
490181
2701896
2430692
1173910
6392706
5701759
4648488
5256967
5796795
2868533
7557110
4266457
44708
1626411
5540271
1822430
2254082
466006
973367
1873719
2174040
129740
5634091
86410
7873323
275374
7644579
504569
4927233
5532814
2823676
8665
1691272
2049164
15553
3949696
7944889
3983442
244929
5460776
6791623
6412799
5069636
1071232
159142
1426389
1273591
491487
49157
7185904
763724
941561
7689308
1436784
3433112
35634
66993
3470658
3959189
2603199
2629302
3706253
1474964
2720583
1243662
8060311
1808834
2599525
2599297
36622
1493794
1515228
3107148
2129387
2329963
241662
3105923
6704337
1236744
1445805
2051212
131660
6847996
1829145
6846155
4702542
3181121
1775085
1174438
563906
719564
292438
109140
5624338
507203
864873
5532964
28215
292279
6431958
3192480
2003342
1293535
6199906
852864
2781315
465407
2187988
1032800
5508212
760552
6513262
5042416
7537125
396011
540686
1426637
6513917
2182792
2245190
864282
57122
759211
1393673
1566920
532998
906793
479232
2267143
3624637
747669
5510804
203241
6463582
1775976
583789
156403
56909
2221447
2270609
7043560
761953
6849062
7108291
7564555
7041544
369992
6427821
3676204
861061
4400156
54437
1522510
4262822
5520956
1686448
1823916
2587627
7631177
788590
4045882
3447376
1915584
3591789
1610363
2628924
7032425
64733
5902401
1160102
711433
5360266
1467756
1513318
1397314
4713616
4461019
4195594
2253452
1421734
5789358
8169700
2223849
1921700
3614385
2784306
8148045
2241541
247475
6961569
79130
6045911
7102621
1477171
1959993
6381479
83650
1363886
1993395
232582
77031
2612761
4760559
5913157
2254989
1433053
491340
158383
1443826
2601237
7801970
5498359
5091859
7354087
386730
5427566
923704
6238112
7113463
1249263
391620
4049169
6951804
792890
1893349
683652
843713
1309516
371105
593466
204516
3159222
183653
2271268
1179174
2011507
975041
7783162
7726993
191963
980889
1918806
4935372
1840053
850109
5909828
1508811
2807883
7130506
1194320
425402
588065
2038393
7536272
2401530
4331523
4538252
934116
3164513
861840
59722
1513270
655448
1709064
7654289
7784303
1748180
5395475
990535
159208
4933158
4929856
1781803
3482353
7477636
6394848
1577806
96836
963347
1443029
3799725
685734
5856698
1247985
5768753
1762058
577315
2443670
7341979
4876538
7982515
3961765
6670296
7902479
1153690
3160901
5690604
7909827
154945
380626
4199383
3942385
7905100
2328341
3203644
5856241
6295499
7396828
3712422
3593426
5854932
1194223
2862749
597114
4266400
907435
4733871
7708502
1503950
2801439
208761
686484
7507625
67959
5922338
2153747
5510962
1635065
6422228
3375549
5857076
1873704
5571629
912020
8818
7588292
3633410
5729868
3249307
5903546
2120402
1276717
7172582
2217769
366212
1493756
3745322
5374272
236280
1404486
8289766
861640
2600373
2327334
7075577
1823264
291114
2616182
5766723
210076
5331140
6429180
1203708
1047225
2113994
5369048
116608
4158543
2128447
1196452
861898
4479139
1954661
6961806
3540722
1452803
2221573
2003868
5568896
484630
7654411
3176307
1477622
3284353
1101165
843628
4523
201741
949637
6424446
544899
1926921
671735
2248021
7822271
829747
4089284
5928330
586843
2221444
479253
533563
631073
3509973
502633
6315293
1444958
7767960
6675897
7126896
624221
2070550
216115
635858
795492
792866
1972341
1465993
2355790
884982
2131201
4146889
6582162
3767204
257579
5156820
8020508
1911297
529419
2013414
480043
4260000
1054052
7612016
4165069
1445751
2151465
4530614
6551379
4502163
2973981
4623225
160041
8211205
1734985
70066
1910619
5522714
6500826
770680
5542159
5145922
5407523
862085
4145662
2560104
4429718
4404377
4361396
1078354
2764099
7806289
8021885
5486436
686001
973326
5084030
5535476
1424794
669020
1902689
6670911
3304547
1818440
6428374
1280780
3135999
5070412
5864188
6295367
4152499
6781372
439801
1096851
6167462
131657
5802097
56570
553133
7828352
6500007
6443948
6118509
5909069
6174943
834862
7284702
5865673
539008
1226738
125391
4420631
1988662
551727
7083890
1192256
4958379
4266799
2065002
2763924
439870
1273742
499502
5069588
518409
5676118
7032779
7818581
7374546
7935746
2887389
3519526
4204550
6774576
3595066
835970
828492
3845800
59471
8037071
1769368
1579211
3232209
480111
1308655
479109
7119507
3244644
2985612
1429259
1610735
292245
7951167
1494505
864550
8286137
2230552
2883947
1014501
8797
1530505
354601
5563008
1233654
7362291
7252626
6044802
2181445
204620
5613564
5532127
439798
791364
78352
4700228
1273900
1755561
1990594
2789070
4531271
7716615
2165082
390047
1183110
76617
1503953
7594990
4326152
1004500
7544211
7693231
2019357
945529
8176159
6489081
36300
730879
1410561
2235900
7173747
1220857
968231
815826
5408609
2733953
1913984
5096833
1674685
1920417
5865764
3366119
768989
3667174
975322
2267580
6865503
1296324
7994839
6674016
6358289
4575039
2778781
241693
172018
1921862
432958
7635505
1163501
5790329
1442514
1752692
601931
307341
390532
1423376
5382519
1829142
1101156
465851
1047348
1230454
7517672
842384
1295454
1922570
7363030
1889385
2102288
3207173
5861547
568287
2604993
7726625
100216
48970
353453
109071
847809
2868874
7692286
501413
275239
4003044
3046787
437924
764809
926203
1465755
2201781
1914659
767300
4487640
2182437
969711
1017452
5315547
225759
6071719
8198151
189450
6442016
4258727
847866
845844
5862015
2102062
2264541
251685
5469641
909511
5856279
2432987
7493421
1054094
6123434
2698373
5396411
125706
1575789
3704727
1029104
7688915
4375020
338097
1815233
265879
5686522
631294
679768
1193221
1958833
793959
255689
7531267
2130232
1490426
1063830
3055005
5828207
1963688
2840
7845522
5854732
1526685
2371577
572229
390538
100279
819316
1410939
3483607
6412948
1470012
866263
504575
3110683
1487320
2111869
4156604
451041
1649939
1096192
2614935
385134
672683
7224325
1395156
1317507
1995352
6447652
2255445
2702196
3983642
7821834
3842968
722096
899448
3574704
2101692
5566439
8076175
5878886
109107
568641
2576923
6406332
7674943
1047507
8185865
686292
1012138
64199
1749171
1955087
3251008
4596835
1119415
7958346
97438
1914668
266464
635899
1424065
480031
5553998
292225
3955840
2266965
6414852
2863529
4455664
3689248
3591596
5846133
1337667
3353240
221800
2653834
1509228
934271
5430871
5074330
1503703
2220371
6297348
103834
1750942
4268984
479025
3206405
1237340
4498663
6550842
4259488
1401081
59375
5613579
236875
2599186
3016763
2811188
667902
5862108
3986626
2265625
778216
5320809
2724152
2733218
3181364
2698286
403142
1202435
466235
1417929
2809617
6093994
4458721
7904504
502486
3846457
198127
1202174
7535067
4676155
7802120
2276230
842179
1560369
5930140
1834067
891639
7124358
2100264
952743
421159
793220
63857
633638
4050851
223521
508988
692809
1837239
8131337
115328
6767370
2865176
5521514
5854223
502255
99874
7241500
213371
2613965
1660431
4416576
1824318
6667285
7877154
476806
197815
516107
2778566
3479047
6934585
1028619
1087319
2675294
3814427
1436820
4306106
956627
5451332
2113926
142527
4612099
9170
4159994
6122579
2270315
3168409
1147733
5670800
2989175
7532488
6665792
1047474
5795935
6786388
3284852
7908345
3829077
2867312
7759307
6153648
2153364
776875
5024069
4027930
6941688
6416808
116719
5875669
6575267
3010179
5322118
4255194
2629421
1097817
49549
1056992
5917768
480034
1786992
7940912
5542269
6238070
2770276
390451
7044593
661890
1740168
2697693
7419928
139702
5234159
74987
275278
5552494
2671229
7040429
4692741
5064733
125690
5875118
731865
980934
1921124
6350645
5322692
5338431
5533640
774673
54552
2614525
354748
5074483
8127732
8059376
587200
6023618
2390969
5590667
922837
6501296
3132465
1418938
5657650
608157
233618
1921517
5498934
1522681
6670149
184430
6682252
1298866
5908417
1470695
4348727
76707
7344913
6071343
2761872
1954419
5476130
7707208
1819727
291250
532583
2082502
258437
1407605
6966971
2270027
201261
1728756
3383536
5111197
3600634
6691363
1054109
4632185
5746509
6581510
909445
683302
1804193
204390
189813
6675163
1464988
1436975
5862099
2174795
757634
82543
75075
6424916
3131626
1222990
1668295
7224971
3573327
899816
5094358
8329931
2699330
3203842
5929333
6908824
532631
3863628
151630
1043217
3193
3013
5576838
5566804
4530617
4126880
971156
5961277
8273968
894641
542561
6852563
2068812
4594195
2565705
6117891
6711138
1954890
6416811
6143040
7374700
225682
624153
5771335
4416495
921995
3251711
5460010
612932
189798
2701969
3849381
20287
71499
409612
1850537
25941
6406885
1415387
532981
1763669
529032
6211573
2666986
5829082
828117
6502181
5341597
7335782
176199
5369626
1348472
186613
5862985
6426094
7906518
7009244
5502831
1736269
6431969
4931230
445860
767768
17036
627483
1782214
1751362
932603
2236435
3928498
5487101
1424406
6443939
1367643
2881938
2223957
4153272
406982
7981637
1784936
6216838
1893731
5565743
240665
907663
5988409
1086207
3750610
972487
8106898
183029
64466
7910393
794939
250711
191979
307389
2267517
782295
56632
3192580
2757626
1021811
495287
6197077
5531070
7662238
7690447
2243196
7355840
1567522
1553316
6875292
1936426
2266435
7227398
1517956
5567284
823177
828636
2485496
8148463
3230994
596738
502282
6239267
1065181
758720
77735
2000191
1172817
5564359
3451068
829139
197638
6437147
4165659
968354
1621127
154287
847782
5821572
5657967
466277
793895
7685198
464167
6971162
303644
522657
1215224
3304213
579184
7043139
404130
5452995
3980582
3671997
237259
3338041
3942159
169415
7821981
5536266
6147711
1556738
1762904
8093691
2054000
5865781
6166613
2220153
1710417
1853411
1043838
3244570
354156
4597180
3164168
798638
5011016
7931863
3663361
6944816
69905
299683
764728
2411336
3619224
850829
204655
383008
7046107
7988455
3386230
7919899
637820
1593650
1084387
7372293
7505377
1640276
325065
2008436
370378
1087995
1294736
1041370
3434131
843633
1088334
5656530
2068083
494767
2557262
1028047
8194308
3323868
7906510
131304
2701419
4971331
1728812
1826444
7032681
437678
5480729
4646838
6933722
5445377
4697928
987185
8770
817016
579442
822210
558185
480010
612524
1853083
502689
2198333
2147817
329202
5853657
2601331
1674692
6419510
6449383
2117857
665216
196731
5554128
7345702
7376518
6673624
1610992
7644857
6402296
2885572
3139104
3739094
6431847
843704
204163
987828
6570930
5467787
3128121
4761863
2617674
4418838
7420561
2768954
160026
563894
2074387
8306533
225673
2101790
4161153
4932863
750924
1847614
859840
445057
7909829
2244630
456177
6397407
679434
1194232
7289472
940794
437600
1925934
439930
7294483
5755626
3953429
5855925
903822
7500524
4015736
3722153
2576039
101468
8231607
53218
584014
4188831
7563708
472750
7758720
1611218
1493119
3128092
1279697
5417283
4499106
6437936
986058
2005413
2853842
8340769
21965
6498257
876359
2166856
8134674
2216908
7187191
922013
895685
39371
1973413
1799478
6682665
1423821
6439495
1753067
7582604
5471706
481105
109200
1436563
8653
2215405
1102593
5337979
1644967
7073773
2864211
186449
6036930
596183
4500926
8089265
4596556
931381
5050038
2809890
3375199
2628964
507754
56648
5871064
6430704
7660912
7060111
8169622
5537501
1052695
4120405
4995007
8145721
7554506
6076055
7707157
2863734
906919
5796905
7910600
2469567
1823134
5316854
533695
807561
222499
4268411
7904865
7879956
1497040
2554307
5376460
1855121
1494754
954880
484732
480157
6307598
4259776
572934
7694014
6254384
466322
5567767
1029146
418062
3959415
3286023
502536
3501934
204456
4257471
5780789
7759576
5713089
6665291
2559744
5859885
3575174
2266469
750700
3361637
1009482
4764262
1320211
4418031
236349
593114
8089976
2698631
7000479
8171140
7110859
6600967
1281431
1029257
4416215
333886
6436462
774709
1029341
274260
3047854
1436054
4598635
171360
2236088
2982283
4252086
5176790
4639223
7044469
1294730
4268324
5964136
5930754
7865800
153546
3865186
1415614
196626
8088193
678809
4134425
651355
172663
5016399
287079
3944124
2390562
468668
501449
296824
2329050
6750845
596673
7904819
5059667
4879853
1012057
2020625
99554
960463
2281602
4418735
2613371
1825373
1194256
298715
3658590
2984540
6547039
5798337
2123395
53633
82932
8179506
437804
4935859
6045656
2398852
7175957
70113
6940947
6551593
2275480
1367568
191990
6117888
1007853
1101366
2703082
2854685
2563662
2665473
2220626
1956328
1596769
1220750
2170272
7741651
4954916
7118868
3175776
2674185
5735015
618391
7083546
2234361
2777161
990843
8232045
1821948
4935649
668067
204782
5698337
3530487
3981179
20944
7866789
3374837
6026797
1494865
383509
439880
2150610
925831
5858091
6054784
2267764
472846
8257893
5854237
6934184
496725
5870621
365433
1200036
750765
6961770
7544160
292137
1237259
762901
191976
442437
1432917
154224
2002129
1331333
3223161
3674193
6418890
1493494
6782026
1795768
5887510
6113092
7848558
466139
1452739
350995
2821770
2620049
4390911
5547681
2659233
1382904
6429813
6197747
465704
6916540
5487029
3997395
3667406
1932368
667545
2020160
3540554
121711
3248032
5655012
498650
22715
931986
6300177
1769280
6437177
464684
5494626
2405448
838780
6070182
7565994
2756404
6437966
6226698
2946696
448988
6657216
286911
4996500
2910362
49545
5263879
828558
6329109
5795463
3595223
2383339
6201631
115339
105598
1242249
2329239
3266411
1136877
125369
2319895
3619510
8587
2778746
414933
1237628
5689065
5413825
1273200
1298615
1194220
6539398
6424014
2871191
845420
501416
7559846
1243665
1085720
5423054
3984272
6789011
1825494
1185060
133430
955736
80029
479758
1819733
7865296
480397
977966
293353
7707997
1687101
2163250
584005
1429127
1835550
7291271
154881
1460401
1920858
6366484
3553102
7875100
4270991
7146103
50829
204740
3379353
4420788
1494736
42142
1804121
7104165
5183780
3009796
2395474
292134
5847367
5356939
7655478
5453599
5127872
3592426
429557
2111787
5361040
7335430
6117738
1252157
190841
1890000
6679246
2447023
245774
778259
4406685
5783517
5497025
7486391
1086713
1474961
5839818
5864720
7030816
5589892
1546753
7262091
5762829
3470283
439874
904158
1153462
322374
2621092
1281608
439844
1243688
6397873
3505182
2249641
342490
5461309
82297
1300612
1779101
291064
2052280
768420
2638078
460831
190794
2734637
619527
480601
861007
2206297
2272654
1698009
5234200
8186984
5077651
1431463
1436584
1762739
5182901
6431424
179139
5872694
6534594
4063900
5479276
1694310
4989219
4597543
4334474
77009
191969
1364972
1615592
5627041
6032312
6443993
7512029
4120505
2267093
5485477
829966
112393
1443805
1916555
191264
3108423
894703
2635178
8599
5800964
532490
934000
2697989
106101
6437348
5692913
160685
1125613
6226953
1712512
7926921
1274752
161721
1822741
2766223
1678706
481372
1970765
4190807
1686483
5825481
2743209
602677
7584640
278832
5888481
1611169
1913101
467302
819763
7539329
56211
6422224
1053909
100096
5106839
5422282
861589
8197376
1267742
367612
2697191
197983
6442929
1780456
8119253
87760
2806478
931472
764716
6136633
1579365
860683
1757085
456219
539317
6683784
2160602
7902647
3002319
6932436
159073
246147
476799
8743
246791
64778
134601
972452
292092
1410945
1555451
2458863
1994187
3820141
831873
171759
1968278
1416345
6294392
815042
764470
192002
5112174
372201
5878889
7294711
484570
6238786
28245
1331554
601982
23193
6428272
1429184
257601
7830905
5931785
771538
5552000
1412
8194166
5071105
1122631
5785545
1140135
650811
7728739
1407620
6467853
2196198
1872688
67893
225103
1647513
4141103
807466
840247
3866116
5331137
2182936
219464
3621953
320597
2186176
1893403
466178
184018
8007507
8236384
36377
5865925
5273188
8148008
7624989
4759185
562224
631989
745112
1451054
160785
7683526
1273269
2449796
4248950
814040
5088188
283381
5533241
1754119
336436
649662
561191
1546129
1790020
4418023
5328404
5845060
3507086
559140
1739143
7588313
5863024
8313141
2698283
225867
924790
1338975
2763226
782757
1716334
265987
7115721
4167360
596372
2194642
5656670
2164099
292221
1249108
1889654
4254025
1374895
1421506
676156
7082713
361040
1233874
1032869
1522411
9082
5794785
6210397
558950
1524678
1986747
7802072
1064928
113198
5807362
971812
3246760
3747210
880368
2818757
329876
204208
2810351
7137534
928582
5535865
2612753
105972
1166518
1032812
8312158
1085789
325853
7289466
454461
5874866
6443563
78703
3304067
1641807
945429
176175
497558
1650932
3763747
3957547
295143
2599124
6430755
815606
389900
2348760
3743586
3261044
83722
2165737
649088
958912
2095625
6071653
1837592
5798658
1137261
5737974
3461758
1207405
959793
172015
4575008
2809614
990642
1835077
2244671
2465928
1061058
100595
6298855
600183
839767
1467753
945507
6941284
2254088
1701367
466072
6424214
2011823
5359847
553845
6321815
843716
955754
93548
1795202
3575313
3282995
2122816
925088
1309810
2445138
122019
1080966
3669078
2068839
3809854
2173595
291125
6930201
1225753
277584
1950611
2175530
1871267
6011627
3230831
7521376
1230618
7289370
574050
464913
480103
765977
2702941
3442365
245987
6918150
2886223
7928123
92901
6299367
977756
989597
7583475
2928498
2223960
761916
1153055
213248
6767506
131813
666152
1927822
5566798
271037
894561
231154
6873757
480592
1696601
1029841
3911095
7822905
4267069
7907525
738602
99173
7288126
2003216
226460
2811642
4151361
5559053
8169388
1194301
7304783
8260338
2489309
1083614
4473893
824590
484885
7830529
2297539
52998
5684809
805202
5494701
403735
813219
1870415
2389673
1579856
80607
3814412
6457625
2268900
1674184
635825
1659843
77059
290903
805045
948285
7275216
1914841
2675483
2266180
171352
1467759
847953
365542
1435114
8045493
7411589
258230
7407803
5864830
7644309
124775
6559873
2242331
1295912
44781
8121668
1101453
6604563
1448482
1494460
7643338
3828481
189819
7959368
504148
2491805
1332053
1119030
969925
3304074
1494815
5949280
521126
959808
529610
5485771
2228947
7636876
690657
2383066
109146
7878887
6556706
4652434
466337
2812006
4712469
127484
8216013
7665132
2083541
6805277
5859879
3696457
7833621
6541853
970063
4160021
624164
6789442
7493231
99414
249548
471614
6789406
8128313
1758751
96976
4156013
1308772
6355593
2154062
2250447
920319
5879811
6423698
2213579
1685309
1994309
221680
2215882
6028860
4623708
5361263
572945
1125040
17317
439876
4408080
3440396
924847
833592
531925
7535749
54479
154210
5251173
7611694
6504927
631935
860917
7666267
2634097
5389409
7284408
5392978
2867624
1130425
6039624
2181075
466360
6403772
230163
1439074
6325879
7422115
3524982
5487026
1930082
201988
2168866
4842573
2805755
1238170
480284
4738802
1357257
5355094
1751382
6441825
4672566
1316090
1288009
2434566
502473
5300370
679650
2236944
196050
7214849
820695
99579
8205340
564541
6606853
4435961
6699865
6093871
125267
3983576
3622247
3966604
7876497
21499
7940600
3587426
498353
5814437
813626
1040444
465713
4594121
7043655
465788
272085
5418749
1057417
1050240
1435030
1183216
2853216
2225088
7177146
829852
1107169
480380
4596514
7242436
6486287
463611
226247
538350
6506475
2612659
7287712
2864511
1712542
5048179
6178729
2976145
556345
2190476
465929
1081098
1611151
1805399
2232017
860008
905669
2358725
5331125
274254
230229
3208423
5860692
218057
4164498
2599733
1036206
1768436
3551225
6663838
5113320
1338689
1787250
7726687
6768961
5930763
1496850
1503573
6775421
386052
4826024
233821
1614134
6116793
7556333
16381
1611139
5503221
2870204
514300
2883425
8200281
1519759
4997675
3052679
1140581
4436200
3866407
7817318
3303748
5866009
3993741
222526
815675
6540286
6939798
330626
8108123
2561531
4548545
1136659
822829
834096
276507
8264236
997809
4265491
1232626
631159
2652702
2354765
5918342
2497347
3509359
408304
1818277
2232234
204425
1579958
3132678
287570
6501644
4088998
1133864
2777273
6791979
5524270
4931136
1705024
3671412
788587
432106
3167170
7507645
6059310
1723166
5714288
479689
8200664
8305455
464888
8096359
6027480
568063
164999
631192
8090794
2220664
5662512
1653953
237809
1818416
6532371
1125400
3237813
5761726
2701827
2112096
718810
6425170
1243587
1316540
1539244
576158
1576089
1628159
6812603
665482
1910644
1534546
6724082
7149789
3385826
5026796
668157
5959544
44262
4841489
1958827
2424735
6653621
1668932
232395
2252914
7759951
291798
7732746
3989180
6934991
977984
437795
4614549
99962
229205
5340078
4418191
831665
2731562
225983
8131944
6234813
1105888
24331
2226071
1853116
1247808
934125
6324025
1454425
7893842
5540491
5714724
6961477
5035324
731688
2652687
2764396
1087220
866350
3814415
924457
275308
382384
861488
116542
258362
1668450
524207
3449467
3844146
4420542
4375008
7606054
4144213
54166
431252
4410809
236818
778710
2110681
3837668
1803165
791162
2120830
442419
858386
1133840
1236477
858116
2702239
3448441
4934635
5829028
7794888
6341922
1781246
2773450
4594771
5183381
838544
346796
187501
2226416
7422122
21927
7373227
1249615
2823325
1775059
5972692
5578489
1661588
1017500
8169308
3979231
4790431
1557972
3862236
1043329
7935039
67992
1084597
3621796
1668785
455653
761018
5870704
70110
558801
8128820
1422515
1640345
7862890
790369
1223074
5918926
4757759
472054
379805
564046
3663861
815431
8156351
861847
2309002
5057800
75645
6238402
3455379
1053723
1841856
799373
6408777
2229315
762582
679515
2188866
5420768
6146991
5486487
2218507
69847
834655
2698295
1440346
5686686
6415820
236594
2245396
4143208
1042050
36836
745109
4886755
94353
515659
7288889
2836
3741993
1087295
5541096
2258083
346687
1054088
287031
1478668
1832221
4927844
1661165
6408114
5485747
6040377
4165124
558940
613150
4510289
6192639
1769211
1916546
7087061
4655156
3245193
631298
3841199
1153435
990691
5951689
6222365
8045357
2058802
2218063
5552778
3855121
1493049
3848663
69991
142171
7405983
2231058
5340590
1712554
5492542
2679614
41226
7555588
5416700
465533
782407
6489614
6430731
3575829
4384694
63428
1370571
5889005
6212054
6005735
7611676
1522666
70330
6421836
4586685
5742482
1199239
257651
576295
3414221
3422305
2665235
6115784
101100
834916
60355
569435
16684
193724
86560
4465445
463256
3503998
2383497
1763564
2178310
1243694
5714938
4384316
4263707
3592959
6402302
4409595
6329127
6797223
2583043
3224890
1055452
952740
160486
5553300
6400851
5895067
1982322
7108569
4150685
6235233
8066051
7420640
6051760
3227638
201684
2205839
199557
1492013
751057
326889
2481130
1050339
7637039
5038828
5143413
5424795
7029768
7829019
221245
5451142
760537
1917544
5469811
2251982
4144781
8044619
5537696
2185951
4927850
1706788
1230028
3960579
1622897
5527041
48844
6435275
2981654
850835
3729663
7688921
1431415
2868489
2686750
3394134
5970998
7561940
2236700
466354
3387506
5337699
6419075
1874686
6336479
8179551
5426680
1808667
8250472
6210329
3837301
2565211
3690883
2702665
6415768
442711
1538111
1220101
2758940
5796276
2759035
2868911
7917197
465574
271950
353523
3258796
2269265
222973
3908501
779565
71697
2192451
6795794
1577242
3592247
2703298
3174930
2599281
4144066
8040813
205781
7197342
810389
4978630
5857186
6813213
2191642
2817133
5860776
6496993
6606611
6702410
502629
4938363
2297698
5889453
791474
71634
115196
109095
6436555
6506829
3841307
572199
6841987
2802117
6441980
6380418
2004939
2182589
7183954
254545
858501
2703520
299926
3419017
7104888
7100908
925271
1243581
8285
3136482
686210
2811425
71842
6431304
4295925
1513156
7665850
544896
259423
1191947
5363262
7909838
5273428
3696678
6940595
6513656
5068654
1886469
2862317
3163211
5960442
168461
7285665
1153900
1823291
6133813
1443855
2445296
199822
7422097
435783
3270088
6154475
5961667
477980
6534193
7651812
516847
1121016
1517259
8256905
1921664
1709837
6432005
4202845
1539981
447834
5363235
1659494
3756462
6063401
2189238
3015634
718536
5521133
7872078
829846
46898
3237031
265855
230404
7422107
532673
435702
156327
3334712
5787503
1362133
3179127
1911502
1046374
502479
5861010
1369652
1819300
6938648
2865942
2773573
2238584
7908406
828501
2205359
4134960
3672812
1269416
5856165
670465
1638627
7106471
1415660
2715574
1471004
466223
2254555
7290978
553617
2328359
541687
6569319
2763466
1913668
4878563
4115932
5341795
533133
1566911
1107211
7909802
5515408
423897
3667453
533231
6439286
1038910
277076
6797420
5931706
2865602
6106460
8170457
2260378
843511
3732912
6968190
1476775
2764378
5795340
6443975
3674856
3485256
7881998
842617
345302
5564113
403759
1755510
7564649
4152428
6426898
6708274
2487193
6858561
3176819
198989
8149242
3145129
1193308
205784
2702038
1013497
2268798
2186988
593
7609393
110416
6701461
7767651
2487377
479262
6687170
657403
4675972
3165397
1267467
4522068
4202572
1874295
1589229
7038207
6112607
2335218
840217
3378192
3283792
541649
2139763
382423
1194291
1284588
1014546
4936971
780210
6048805
6673115
213404
7458542
7370369
116420
2102914
4377438
7606071
231697
1492620
2070082
686162
183053
116512
2238835
5962856
906781
6340496
7161211
825038
861184
5453284
1536591
4336211
2160336
5142705
2278987
7677835
347147
1994986
4097229
8149424
3821458
4350504
1153325
3250368
2098233
2183175
971204
6154785
3048025
596665
236806
5502524
1046989
4594139
399340
1232128
6843678
2652677
1836430
1252700
6072698
2246328
1003991
6248492
7073096
1236854
5879119
4595102
3574176
2425056
2596217
7110454
2248559
5709273
995638
5860797
4266491
6434261
6751627
840055
6935546
3529725
7420732
1153726
6845482
1653905
593439
2233633
1418160
44826
4406646
6421303
182130
2012964
2129543
1522582
7092202
1782359
172131
3592288
7796144
6218458
156908
354351
583831
1248570
764744
7282838
395999
1231594
4777145
186347
849763
7676868
3504957
233609
188454
2776115
7604091
7503115
192005
2436164
6102062
8133651
6474182
6361101
2177874
6431310
1235940
241176
2871867
3678339
3573271
2397
1336530
4267379
1410648
5712330
1005754
1934821
2784607
2464878
7302561
5663398
5496851
391696
176968
1874717
2179847
236866
3252010
5936924
4681753
1492698
5860740
4990889
1203865
5821566
2489909
71104
5872583
934098
2800924
8145351
1273724
4166853
6381264
564187
5219663
686279
4935890
165441
1204140
4443215
4154785
6758885
7001616
7402578
10552
7099380
225709
484852
5420753
54549
7797439
1309522
596655
6379455
2108570
7199807
1954407
1152481
755701
3955024
175355
5929040
4553438
672276
3545585
190838
1558050
1513986
8222784
5188735
1293714
291287
4416414
60280
1439356
3309722
204672
7606562
188687
86419
1577354
7708094
344173
5486139
1603060
350183
5392299
861505
1634751
6995656
101660
7626742
6937359
2696515
7632054
949969
8147645
6775399
4156828
1188832
6430692
2981752
69868
1523842
4597441
5338398
620488
1587043
596837
6222432
328446
1604772
8256435
1174306
8221562
5865236
6925451
2767681
2491055
438321
4997373
2128078
2080033
3016524
1748587
2488118
6342046
4269701
211809
278833
7295272
1243548
2387968
3168139
1276859
860686
26148
7849966
1043241
7115181
292155
2214868
1973077
4111415
577447
2387375
7161079
5368861
5497928
2503016
398472
882562
2329263
1426594
7084650
3504305
6667329
1395202
2599849
3882687
810415
1263289
686306
7694275
76417
2127988
4084013
5860749
37387
64022
668040
2768219
8264072
945602
5911483
4406955
774704
1294570
533243
686396
617452
1263238
7284236
200658
787804
1895092
5796657
6503258
1215680
197752
2657319
1018852
2242901
1462764
7442639
679267
5492460
764732
6558801
63910
7726967
1272848
8154115
923053
2298082
891598
2224046
7388294
64205
1659524
3086129
4086229
2549716
4422270
5960313
601742
3499353
3605347
5785955
7845854
4553624
68684
236872
2769089
3865396
204657
7040063
6490640
1805413
572256
6891047
7391414
1707458
464990
5855526
718545
3575157
1873264
1499206
516859
8145961
791281
198040
1847650
2332643
4072061
4147354
826741
7344926
1698895
4570730
5765450
6051658
465806
7073435
4159934
7535432
4153312
3453693
2129432
583807
3960762
8091597
8151450
1750534
1113984
6757303
2225081
5862579
5569642
4655997
1422172
7562084
2486572
5880386
343992
2686523
1468533
591433
6222367
5553109
7421286
629859
5010863
3394382
620704
7096755
1195015
237124
7880070
515626
6432035
7676313
4931858
3437603
64775
2482774
6330049
1014576
6260457
156321
7067574
311123
1926822
5795932
26100
3253718
2186230
63998
5936178
1152351
935791
981186
6767510
1390187
237451
5480221
1383241
5360541
4349828
1692913
4597288
109155
5949135
4164209
3622656
2064009
1116977
799762
3970805
1047366
8159412
17796
815568
3657275
6760821
535608
460864
5528809
2868966
2971761
1363880
241530
401611
7950938
6191213
7909841
5654428
7904732
300781
1686684
7547009
7646140
292321
3251433
2250597
56598
4261334
6202274
2081375
8135585
1926964
5563702
7906940
308407
1362588
7394591
2034471
550226
3175516
1421300
119822
224045
5481129
2024760
6504370
3989289
5421633
1889598
6435147
1070240
7317512
6135006
3457002
281138
3540073
4665019
666215
5106639
3828630
6316114
747443
1969050
1687570
7195280
532571
456923
7690241
758717
2699517
1308994
1152765
59540
2687871
1205671
1159701
809038
7876417
1043253
1375187
522648
6391675
5563730
1553553
2601018
421117
5611966
3250004
3676554
972841
6343649
4904572
222738
596559
191351
6411755
7090029
7877157
4147952
2362072
143728
5464141
4356326
6851468
3530882
3825238
236963
6866127
