273246
4677627
6683621
59004
1511236
1152411
144958
4205649
35245
7868048
1688926
1706362
931249
949235
8130387
989005
6498619
564448
6322104
7566990
2280437
4691226
2725013
2761485
3987382
851327
5831525
7296475
6818677
1820684
256121
7566962
556518
383734
828064
5573539
58422
3104962
949291
2278120
3216754
2279515
6326179
1873103
2279530
2003504
1566769
1381372
4485897
1466722
8005127
6220838
1851708
2279495
7542613
5665407
3410707
3193735
102696
391473
1476775
1842316
57520
8321148
7821237
546748
321179
3410713
1607268
8333155
4205063
5573879
1444524
105340
5573976
5999241
2448723
2612949
2111195
6478369
7566921
6817582
256332
5573849
2280440
4737506
5431458
2278116
181879
100141
131741
3738765
2217585
1060570
584533
243637
8003644
6318395
5509758
2190817
1337273
2227261
551874
8178454
4205810
1072584
5905392
256135
8097892
3270161
5575259
3659708
2761404
2448807
2278734
4974479
6303420
7033665
168814
362158
1592662
7797759
8223861
7567102
5895087
3161500
626939
5573855
142099
6046234
5801356
4689677
7567111
5015684
5619313
5402387
6817944
7896079
7965596
16250
4810425
6142791
7920389
5573548
564250
3480654
5573889
2279247
545253
2611206
5385596
4202158
1042779
7122426
5792313
2281804
997774
2084490
196095
2760987
737708
7125274
143849
564229
539832
6099172
6183000
3167152
7593663
1213533
3259670
460146
2331908
782692
2830738
2233255
5764807
406967
7069781
5914162
223105
7000
5356401
5482533
3546522
3452316
3270375
7719645
3416834
571702
1928304
6538067
1652536
227774
1959791
105499
7502206
5018466
516441
932564
18015
5573777
553667
321170
7215227
482295
6222813
5894973
1986896
5700666
5573969
6758082
58554
2252822
4202925
2049813
949034
5716066
6818541
763747
5573834
5575345
923662
6705746
342454
3553118
4266626
2403418
411624
571686
664952
1915420
6989724
3452053
197047
181782
976628
3256495
3827264
1323223
5509374
227528
7215226
900949
929485
6246572
95623
933936
2779981
16694
4029843
1356840
5582187
7002
5575248
3984338
1088163
2291355
331633
560352
3171491
1250332
1934517
156958
2812843
7566993
7174267
5684771
6424892
2170281
1584780
1181667
7856904
69130
7568179
34634
7567122
1834442
983738
1607061
3005791
272780
7127348
5591281
99934
3410848
6413447
5575166
6540929
3502302
2761689
826662
5573710
8337178
256415
58704
2267971
4049583
5391866
3949810
