7796404
3664841
3599113
3299545
988372
7761277
6546363
1375187
7935797
7320288
3995793
5825070
7108017
1147492
7976327
5683206
7107339
3113225
955216
75776
4146521
863409
5520696
619857
1013863
4000433
3571709
6792345
6780268
458963
3595099
620647
2147732
4143432
1972458
2865724
1234643
2865509
2865745
1908819
2033550
4003624
3545029
1029312
7106198
22986
7934169
6430737
7727203
6688434
8064842
1230145
7977303
4995288
458745
277297
2325162
5093016
519797
7102246
1064720
2866740
1232122
7422148
5959126
5489556
5727750
6787871
1973077
3312652
954262
6101225
619253
3675411
5355139
476889
2866086
2539081
70417
4163755
3430084
6430758
6689705
2869020
3351506
2684219
1229653
3598891
7727239
6154946
1234272
1907248
502689
131945
6498734
620707
8070763
3996869
3994851
1829529
2863505
1233492
434526
1237550
1494234
2870967
6795304
1147500
7728373
2034592
1044219
447628
959215
6431618
2868770
7111037
1438919
807566
1042902
2865029
5421063
7093770
6781575
1599245
3549129
5354784
6154949
7082398
3664583
6502811
5420807
458661
4166275
5885033
2862560
8198699
6219478
4144158
5337514
197725
4004439
5142523
5403355
7082349
6431699
3571832
6290359
6687317
1013845
5788834
1233182
1234892
1908484
4650610
71448
3571718
7661459
5482455
5314583
5355013
7115642
4004252
1729432
815952
508402
508306
988906
5962298
6588256
954271
76260
8132384
635525
910873
4143791
3664293
5961262
2467074
464491
6397183
1163501
6431696
6356793
6690309
1088199
430148
3571712
6216135
7075114
3533297
3484541
5603321
6781277
1664325
5560954
5768121
7109361
2865879
71964
4007941
4160671
4163243
7415562
6684239
1186422
4144661
2867491
2863262
2862336
6828046
1230466
3989408
7422118
4449884
458580
2593413
619685
2467077
6549278
1907928
1017891
5788327
1230264
5768396
954277
4866614
7727254
2653408
140253
5963665
3556280
3230686
1229995
1236684
1236288
1186395
1980810
459098
18197
7952117
4866608
6684716
6437415
8009473
4165242
308680
820197
1235079
7343552
2870983
1230107
2573226
3996203
4002298
200575
3998983
7726921
1796098
5485110
5355019
4160575
6866356
6509084
593514
3600908
2782810
8285217
1147616
1233448
6503795
6851468
4003573
4155745
4598296
3996113
4005189
7796261
4431517
1907355
1342754
71802
4410796
2601171
6114350
6688870
7905696
6400116
1749554
1742492
5617987
211627
2147308
619878
76266
448920
7223374
2063892
6684734
5776911
3545032
4006454
6219041
3992893
1908118
1350787
6684242
4002463
1234880
5333075
2147424
620797
4406214
2869204
3998914
196090
5337463
3571817
5354971
6790648
2672109
4153268
3540692
5354878
1230516
2479572
4152439
7087539
1084153
6784006
8207255
69031
593511
5736734
7616650
7802118
140664
619086
7096518
4593548
34367
1057417
5789169
4792686
3999296
6931735
4001642
5795974
2870746
452471
8206447
3618714
619376
2872375
466337
1908611
3490471
6798746
2202392
1339064
2101605
2758357
1817627
2102384
6932864
2100405
954276
7727082
2043020
6412790
1964265
4284031
2706457
5336231
5945205
6792173
1907883
6429201
6504421
2870866
6444753
287609
1233155
7796362
989469
8195916
6932167
1286657
7542465
7935461
6468664
2864864
7096111
6689708
1091947
7796317
71841
7343269
463286
1686675
3571784
4162517
7420777
7655094
5959693
727683
1234703
6690286
6940389
6761890
3601058
1230354
4005747
1907710
3674919
2317945
5788057
3605787
467025
1350799
6684722
4214942
2862545
5657883
6766626
1853408
5878292
7932599
6686999
3669695
1869295
8014252
5567609
5330205
136533
1317150
1576873
1230645
1774775
3535045
6430483
8012665
1231248
5962617
5315584
3997689
4004604
3571787
6452341
1315020
2590424
2862770
7031186
5142948
3548151
6684719
7977354
7837461
1099754
7935794
3571833
7655091
1350691
6498724
34882
2128123
2869276
5490258
619664
2868036
1353307
4164493
6778975
2629730
4417198
7075108
7726733
1231822
7769990
6330866
7102205
4004607
3675399
619556
7077839
8008955
1234856
2468129
8014258
6590050
925745
484573
5964401
4767173
7420741
1907848
2129741
3292988
4214411
70639
2020340
4866580
1633783
6568474
3994027
2862380
5780099
3595622
3284992
1013860
1234954
1314064
7093767
3999141
6154929
6295503
2869949
6685517
745064
7657610
5567194
8014201
7901429
5789064
1972235
1229605
3544952
1908991
463978
460086
2124176
1972996
1231230
6437666
1230583
3536791
7345735
2946103
2864516
6417648
6434280
1234274
2867360
34448
3871630
1231293
6505011
8011309
618840
459059
2862689
1544559
453947
3132465
2990756
7796374
6154967
4003215
6686494
6413299
7977201
1672638
820279
7655646
1351216
7116279
198037
923335
123619
1908564
502443
7865311
6167194
2653358
2867037
619644
5422770
4004610
3571727
7416705
7342500
8125027
3872912
2862761
1909374
1990894
6479176
7726702
1233203
2853872
6408279
22727
6429980
2248430
1146956
2864337
459828
8135554
6691785
7333760
5953029
1230172
5484748
2661829
5559593
3544937
77813
4792623
5765833
6354363
3994728
2033915
8064833
7769800
7342931
8012668
3544971
2854607
2253309
2666991
7726664
8197256
672503
7726146
2246334
3571748
247175
4712882
7345523
1909000
3996128
2675369
6321152
6684246
7849722
5501028
4271693
1372217
1231338
5963306
1229893
7344456
5354914
2866089
7504582
1314948
6497440
246159
975329
1233423
3884858
6914967
1232132
