562973
2262725
431615
2274681
2495865
2770176
2077213
100828
1996677
1997862
2755676
218912
2064265
2216932
2265664
932303
1890962
4288565
7076389
2515748
3462563
247238
2048064
105000
1702232
2405418
3107181
1874005
165742
1738140
757530
2188068
3824194
2812873
8012174
1802022
2110938
2183250
4022497
4516750
3418688
2309632
1995940
373688
2049288
2395672
4972620
3672784
333832
3957938
1969262
995289
1464402
2726180
1942969
4540447
2405928
1362551
660254
558218
2378799
332103
561283
3455832
358203
4563862
1719866
3156104
2005410
3959248
3763110
953316
2531555
4025864
2006624
2526060
3943330
604944
1078855
4501383
932306
2235505
3622010
3989201
1256994
2805957
1925793
4160149
2480297
4722690
35286
3330121
1952039
2495447
4922625
39092
1873387
4234374
782466
5472161
73061
651349
558341
5428556
113803
3329927
558332
4524271
4746804
5532671
2462401
5898665
3105857
8132165
560351
2574993
4034050
2757390
3152148
4566211
2767182
2459384
2727984
573559
3986979
2082400
1709133
113761
2698493
3959093
4430559
321669
1350835
326729
2003487
4171069
2113518
281803
7129160
4192499
2003538
2870698
5079341
584603
3582128
4194832
844843
166300
2003814
6949488
3959051
556598
5161210
2139012
1950405
2781758
3451903
3665894
3913559
4582833
5034252
73070
751349
563116
3973306
5272174
3218709
3380484
450704
2816852
932285
182605
119189
1745343
3020526
104434
1928251
4027789
27252
1999111
4852979
2769822
4257138
2844332
2771864
1989987
173769
4540441
3177838
306453
4991014
2164827
574791
3394637
3209164
971346
3438021
4260935
1775854
1970185
2233647
3390195
2784371
3980522
2139280
2838124
4443758
4569611
358566
2265670
4031312
388408
2216289
1401577
37919
2138994
180490
760624
2009038
651478
2993465
2726429
3641332
7940108
555109
554542
1433972
4591955
4345193
1776256
2476161
161828
2357318
3233470
5064097
3520746
2243205
2808109
2139000
4847324
1956711
167586
8321201
3499252
1060084
571548
2387032
1926296
1779553
166294
39110
157226
4347584
2297461
4076165
2265616
2260127
2002838
3526205
2783460
3380472
2187712
376964
2632478
639241
168162
1181725
2139070
1707695
1681824
4846916
1950147
3526874
2401202
548325
4386668
2520361
929584
2139190
559804
104638
334002
4551711
1910566
7214681
7735754
3418583
2604909
4913643
1744689
3956263
559228
3166275
2113763
4276207
1997507
3818950
3577287
3910294
252571
5034255
3105848
4012503
2427067
2379707
4158151
227498
4489712
3241620
3959233
717902
1406272
162225
3928280
2203984
3108549
4411490
540952
1523077
2442913
105106
2081818
3251337
228132
3832971
2192439
5886992
3106550
4219507
2845574
5419118
61019
63302
1177939
395645
1702604
560624
3026714
6399564
3959081
3048747
74629
2382184
5125362
1737884
4930740
573574
2228394
3243208
3610704
4168995
2537109
345254
5218023
2253231
2055600
3624923
2082550
3106998
2104186
1605844
3048016
2012445
5658934
2075941
2447514
166537
3434766
3989600
4281205
3105827
7283792
4444070
4722578
434730
228195
765646
1118351
1606361
6676085
4828279
2284236
5652105
1999114
3510150
3418289
1396955
141670
3984446
2002676
1911514
2371532
251904
2380379
412247
2237022
2421372
1278451
3244918
1425163
2503168
4218371
7564849
2002703
1424191
165242
3884779
2636978
1400609
2734431
962446
1908804
1345803
2311244
2612593
929527
4443677
1705657
25530
768998
162162
2201450
392379
3048013
4281259
2241653
5191941
4386653
2752621
2615165
2113760
620611
3829692
4441819
2447607
4257516
2193543
2242586
385852
2784356
2604093
1996779
94874
274344
3339428
2764826
142572
4697922
466384
89876
2067729
2170609
251847
3161716
2231538
1225295
2278608
3107799
111142
2138808
2105935
258922
4160419
8318918
664992
1707533
2205801
4989759
3458865
2447050
1140907
1024531
104964
1935616
1808479
5430136
3369166
3474807
2269070
3213234
2727756
4992548
2407883
1434496
2114814
4370536
4773952
559204
592584
109992
4191581
1701163
5430225
4022328
3112632
2494355
5549124
1947166
3390893
313375
4030193
293613
2102830
3380469
931639
106580
1967492
1701907
1335120
140853
191060
2718547
4281322
7289622
558659
1606532
600319
2484883
3803439
936063
560582
4614327
197782
2387348
4174323
3261170
5557530
1493379
1295511
2597210
1231455
2398328
2140094
2235061
627127
5218017
1894208
2156129
5919750
2623
3989441
5797073
824761
1607992
1234706
239412
1545068
929467
6830743
2776472
1399094
162234
305095
2164907
3052651
4897345
1082561
2864625
1934164
558374
5557078
196047
5080005
929743
2764375
2158677
2768080
2775314
2139142
561280
1936390
2764423
8206351
1350436
559249
788245
483335
4086182
2777056
2492356
2515100
4133463
7864131
1671785
2240541
3261223
234797
3665530
600277
3634260
2762699
1371525
4388180
4029812
3017324
2164758
3419290
3975906
3978006
2572390
3403802
5950361
3968729
4525482
2662899
574782
2759014
1886828
252619
3200642
2712923
1240383
2138877
3391564
1919775
2605847
3216972
1967528
1258461
3156191
3871089
766911
3368500
8096987
333689
1304380
601063
16471
2678790
3739405
3841367
3206762
4675874
2844887
5885437
3275228
1886024
4984486
1933638
105031
4805846
1999108
3763860
4847042
35205
2510678
3797884
3161506
3693346
2197553
1701160
2775170
7394875
99083
2387035
1590974
3155141
3264977
2784665
39044
2001286
3406570
820323
4264333
4621681
5028124
403532
3478694
2641662
2189965
2173793
4677627
2830372
3959230
1399651
1508460
2480333
3364287
2770954
760465
5165398
1294300
2386972
2845502
620644
162246
3848968
558524
932309
1910617
2244285
2753765
936084
1250469
2829351
3516244
320519
1704338
3107805
2002165
2163273
162382
7732644
1928298
2092255
2183229
475356
3801871
768965
2781800
5476271
4680063
1933641
4492126
2224081
1851093
115687
2510476
931036
2003409
3107193
929734
572572
4208139
2678787
5890167
1278424
3500767
3110950
2724593
3006001
172222
626773
2055235
2786995
2152958
1249160
1671381
218698
660872
2488638
3636836
2542431
3983334
1182040
3875941
900158
2237031
2109585
145675
197971
2002297
3965638
2434761
4833634
2194977
645166
5408588
4929832
2520271
751370
2235760
3372407
5192252
3048028
823931
2233219
5013778
2326001
1062033
2164968
1284062
1255186
760967
3082382
1589656
3398083
103696
68558
4009460
1917585
2005634
4649145
2727954
1147138
2265685
1406980
2537328
1971945
2418806
2118781
3739408
5263771
1891337
751837
3841412
3973336
4028314
7532797
2784631
2871278
3871582
3278398
3389549
2829276
1898014
4951773
2264031
4992512
252661
2725309
3862730
4989633
1295514
3385455
2775407
1307731
3824290
2598236
2768065
4886074
2071946
2678784
2730075
1710331
6678406
1893524
3948245
4706345
3488960
2495095
4675957
2484853
2765398
3663463
4087629
106571
1910581
2002613
6701602
368837
1304227
75781
2423891
2098527
1934041
6322711
6506358
4810817
1183984
2974590
2279503
3639488
2002847
5837531
1020543
1568744
3156808
198094
4540444
762655
2788968
2164872
4220391
74092
166450
6857972
3107004
3155943
3479423
2765413
3144620
571593
1996197
4126744
2820428
218453
627043
5214605
1966699
1996063
3449410
4079542
936531
1914653
180799
3970706
99356
1041973
2271620
4882839
4510818
497177
559345
3148574
3108072
4968278
180775
2747789
723962
353808
779763
222910
7437541
7175245
2550360
24542
106595
4991242
2625098
2247739
3159246
4991317
1950465
2099517
572584
575979
2278671
3580512
1336945
3866499
5292205
4864555
2387017
2164833
2760465
4882035
3416972
2824511
2080568
929737
4985325
458383
113767
4913637
3402789
1982544
3618121
463957
2809905
2771244
37902
4162643
34104
3602297
2004257
4496681
2005335
936507
2047882
946319
558497
932315
3578368
563056
57946
104961
2120477
3131399
2787121
693136
311631
2099044
3258550
2092318
5425076
2164842
571563
1914526
2201351
1397200
626994
2563041
4987835
2008580
1950554
4711368
3964005
2139372
4978938
1971640
7214969
2520274
2502998
2138685
1479449
929326
1950315
1963823
1983115
3191975
1608109
5096755
5765517
3980558
3368344
5433428
198130
628460
2359181
4292249
2742194
1433921
3374765
932339
3706119
2842449
2809869
2678793
2271190
2774820
1726787
1247976
4540462
2506017
4480095
2014822
2784425
3796522
2138763
2816843
1934511
2784344
2430039
290795
4872503
618771
619032
3441713
431609
2892754
2159591
4814302
2003114
929605
1966882
4386677
5033115
3288818
2445296
2781341
2190586
159499
5489761
1701085
1645773
564738
2726399
389008
2504621
2710608
464116
4412286
3653430
3161757
5081452
1222059
4702032
4698230
5565878
587792
7216449
559294
463936
1927644
303938
3108105
4985805
2075962
555097
2108314
1914728
1368840
2173796
5929872
2371958
2578816
3230704
2069400
1970640
2698469
2933942
5020038
1631015
177510
2083048
3305638
1255196
2778764
2113766
2113757
220322
2422028
2238437
3624647
2664929
2173502
2045398
5561131
2712824
2622637
106487
3514667
2152955
1933764
3380457
2048923
3278650
2802268
5656812
2779076
3031215
2573016
2781620
2767089
6671410
2773408
4987796
6788733
1706215
571554
2188019
5969443
3984857
2472160
5084242
3648208
183386
1816166
5950448
1477895
2063958
2066088
1061382
4540118
3832479
2482945
602150
768962
5198951
1703239
2243661
4540435
615700
4515907
1189436
3108096
2738507
110643
2280789
1959052
1309927
105088
4540411
5015756
3694911
4645509
1933536
2052986
3486718
3973519
4525422
4244148
3813400
1703251
562628
3539083
3359178
530668
5081458
4163902
3258168
1724036
2720921
4536962
930034
2075824
2270756
4856852
2138550
2726918
3931407
3685635
2528074
1370652
628346
2433549
2948979
2005449
1931670
3155138
4023181
2776439
5702425
2821551
5206237
1887062
3362815
2067450
2496084
2013414
227495
2189667
2118177
1950354
3105503
3172168
156950
2145815
247253
2114091
3264291
1606202
3412209
4008592
2278431
2114154
2753959
3012124
2585887
1927361
3970212
1972960
763835
932288
54594
5217655
2780437
2194451
229419
1948934
2012949
2139927
5184341
256134
2975337
2645921
3139932
1341336
3799106
2060356
2729877
2011744
400396
2164797
1083662
5889704
573595
3486721
5461414
3330336
1233624
4331501
2164732
3263849
3980552
2536872
6196466
2291604
2357216
3107010
3330303
2974548
2237085
1950141
856010
414222
2948950
2380007
1702685
4376320
2194938
1519002
5226806
920532
2105940
561197
833391
2387020
4751979
2487101
2241036
4269316
2065941
7289628
434340
2002450
826972
3679120
2844296
2767113
2538741
4515868
5201624
74107
4099509
2372419
3456916
2003421
5749094
2844005
5825022
2425717
2169658
2289321
2242660
692963
956471
2241051
558686
1928083
929554
103693
2436181
4011923
2149629
1713801
841871
2408012
2350197
651909
2153679
2807439
4591410
3420027
2965496
1707620
2387029
2265631
5067041
4957232
7761322
2882419
3207522
560516
601108
1929829
763733
2205657
929560
4925428
2760513
5886800
4133910
4913805
929980
899735
2431145
2003309
2099047
573728
8170636
4281223
2510431
3256390
3019459
3662895
1394961
2001280
1987062
2507851
620773
3140931
72042
2138697
1397146
2774049
1912721
989600
2504752
2481442
3597414
3968601
2758558
3348000
2488059
3520530
2164782
2486284
4772418
3189814
2408989
2113560
2136765
3373841
2084543
1994947
3701718
4513131
3155927
333770
7963304
2005036
4527307
1696994
2308102
2370211
2985609
3455829
2081998
2010117
426511
2744460
2413082
929524
2158131
5263774
931600
3382564
4051342
2139325
1972125
3650881
2153054
3959078
4211902
2773624
2071973
1234877
7214972
114341
1246082
384613
3159396
965024
2515306
3153302
5078717
3337138
2750922
2172587
838410
554776
2265679
2813209
2820214
2528701
3741373
587266
2681634
403490
3933642
3631358
1231527
2049815
2758198
4540471
337980
4128522
3215096
930114
1971783
2003168
5806745
3333961
3941767
3052273
104943
3482862
1608037
1701082
1360688
2538565
6996218
3509831
2855059
7459080
326465
2948959
2223178
4208824
783003
3161766
1537175
7456137
3161778
1928899
1926290
3278605
4986993
1314894
2482675
5256719
4011520
4071225
2015248
1707788
4748891
2141349
29234
579573
1949208
2104921
2628606
2375733
3866758
2782040
2425517
762761
2744943
932345
2801774
3288452
3155267
4257087
1723759
4399839
452435
4271442
4929183
2974575
2045813
2358151
2198387
2824580
2778058
406375
1705546
2444685
1064900
2527555
3167534
106812
2138529
2186584
2003084
1950596
2780212
1998171
1996012
104952
2467362
3192142
2083556
2329362
931597
1735217
113647
2076025
3959072
2260227
1434199
3007973
2075477
345088
536042
141416
2048124
2138772
3290069
3105584
558761
582286
1996689
2705782
2811639
1996692
3816287
3991737
3462356
2211086
2002946
2429587
3429516
303927
575976
2372362
2002183
932552
4983013
3132521
4024791
2327466
3468827
4264017
1896128
109695
1763908
2764853
311562
2766362
2048076
5655285
1701730
2262365
3383093
2757704
839108
4069811
141787
6578600
4625098
340249
3048034
4268063
2604087
8283441
3557468
2024032
2615434
760381
3105488
4309684
4497813
2014870
2738230
2520411
4913808
3227635
1365289
2767242
279274
890776
1806740
2758684
315315
2050572
3479869
334038
2590046
2138754
2139729
4540423
2810762
4516582
98576
3490792
1434137
3813388
5824500
2844338
2387023
219092
598708
2377817
2591547
2165950
3813364
4549750
1711133
1341946
2774481
484183
4956332
4497282
5889313
1606806
2049126
5069793
3218664
1097142
105070
2181024
2844032
1399902
1508493
4545896
2198219
620674
2003571
2801005
929267
2005368
166303
2844212
2848363
3035647
1606283
2138547
2663487
7817827
2172033
4264005
3970500
2005862
3216714
2761428
814433
4031494
2502217
141667
3576573
3375064
3183897
2965526
1024783
2563155
3185711
4913640
34310
4212521
142593
1398923
3468242
1477907
4027574
2002186
3606070
561188
6702287
1138978
1552690
2272471
7509358
3284491
352390
2082107
646497
3108558
7046357
3922272
345079
318811
936495
345188
3470093
3805688
2864667
1088717
2217844
2751241
4270200
2005150
2453543
3166461
1508463
2514843
104958
3959147
3171140
4142626
1701913
25515
1406674
2361702
1280902
4337521
608280
3980519
555112
2612888
2057055
2110711
3622902
2510464
2392417
3160764
2738236
531695
2779061
3454137
3576857
3478649
3108555
2350332
4917787
3329037
2093005
651873
5386700
201347
2084344
1928295
4422239
16762
929258
368769
2052306
558908
2560973
106499
3464845
115722
110161
2502666
4254821
5564146
1986325
4460440
4426434
2619230
2306713
108933
2716950
4608276
2453250
6757339
5084239
7040093
3156122
5340500
931759
3168412
2845394
1934074
3539591
763826
4049271
5062478
3248461
1433933
2847550
2617377
2198306
3051691
2355086
183392
1226421
8322116
2138757
3105833
1255193
4109079
2754784
2770359
2194950
3668531
4578043
2164989
2768500
4808926
2065938
293382
2453253
103681
991560
2382241
1926287
548804
762682
5932149
3153296
3155637
588467
3160728
3497359
7665889
4939776
3106694
2759766
2405415
2003547
2782668
2845196
180541
1035166
1971741
619310
3925743
2644820
1466825
499414
3278814
2190937
2844215
4677302
416487
540818
174901
6688541
2347537
1890164
763778
618570
3479465
2245835
4003414
3161775
559025
1925186
2769261
4110256
180772
577232
2560976
2452331
2716947
6246693
1250412
4140825
3288380
1982445
1981698
2184341
3575198
2578819
3516866
2167399
2108154
2140640
3961152
2434782
104940
3952779
3509320
33173
3293875
2244297
2771128
4270203
2105932
3108402
2373418
2191819
8007055
4713860
3108375
1702058
2348643
5065025
3208062
1425259
1928851
141877
3653705
1427816
8284134
2781380
2164854
4106745
4150031
4250874
3017076
1060114
2138838
2164779
3256286
4548608
563017
3106688
104482
6302030
3241935
1894091
1499948
2777392
3483252
4722308
530467
1671315
2831178
3580515
4924295
968592
3124779
932342
4281262
2013108
343684
180793
1950620
3490978
7560530
2774061
1427645
2579543
3374442
1537178
3580518
4235725
167580
3544007
3161760
2005054
574432
3614361
1533244
4424195
304530
1705609
2756102
2003177
2784653
751831
2135843
3156221
1706089
2715392
3329879
762819
6775753
558296
8089869
2067202
1719913
932279
2823066
1394922
561221
2738372
1399672
3591153
5607314
4631721
3960074
2839340
2822509
4616010
4131070
2003246
2687610
331239
2184302
763670
2386936
2007498
2740902
3016567
2611474
3793963
4380841
3419449
2775163
3605968
2111289
558704
627010
1892069
5918518
4171063
3957222
2410178
113674
16468
4577907
558521
2306737
4569189
4219373
1990463
2356596
2080017
664983
7674631
2764432
4805249
5108763
2773211
751622
431624
104982
5438243
4249269
1969197
2803523
2009586
2826945
2845412
3973585
2521032
2220943
4547205
4131061
3991248
1950545
2965490
5202453
5273662
2349835
4133232
561564
1523167
3153569
1996015
2005964
43959
1702112
1704086
3973525
2111331
2191224
50856
2152949
2948956
159568
2071821
8003288
4732502
3106730
3420133
2258625
2012619
2083168
2584480
760673
2743869
1434331
1230824
144685
16426
1374200
2778298
2227368
2418602
2556454
1882199
2181051
2784413
73280
5878076
2546933
3155464
1323190
4686123
2089188
4067603
4151397
2235499
2226026
1220514
2507467
1926054
3167633
2050560
2139232
1278445
4474302
3335381
2769519
4397728
6998427
1701136
550962
5161261
952998
559207
329307
5260723
120030
2744934
3290066
1967834
2754073
4722374
397254
2781338
273195
3959129
2411053
289031
936510
7544442
229431
5191779
573501
2744478
4270191
2844026
1295544
2560970
4256458
7168250
2446875
3408129
247181
642613
1060178
350556
1950258
2138760
6152225
26861
4525368
4992820
3984980
460596
166279
1994779
3987239
1945404
1973859
3463431
826975
2139304
554539
1606421
3107616
3107151
1013650
1331653
2165028
113770
885872
396331
543964
4272603
2466619
4732230
961891
1867739
3105914
4411484
2191236
4986978
4209633
1934295
1999492
4012165
2164806
2389774
4693320
397158
192517
2065076
4205213
5138399
3026726
2817224
3156937
105097
3380478
162030
106526
3283630
7872663
3466043
3140629
2868413
3161772
3145569
3605549
3845329
4331486
1867805
2773564
2165373
4281199
573725
3364290
3488751
2403163
4027999
4257202
5331215
3168891
554758
1148133
3105770
105040
2053781
4281211
4993027
3106712
2755724
3288398
139968
37645
4205528
3106819
936078
2086286
2495088
3172701
2230258
947053
2346498
561633
2748998
3275225
816160
157619
1024567
3388948
4688472
3718204
2242765
763309
2101462
2324003
3449527
3962755
2083051
2764750
2784353
3390422
2985591
4012698
560549
2754583
2014947
4257162
2015863
227486
618579
1046109
4553891
2769050
763832
2015268
2086640
3048456
4986722
5064658
1480991
4257866
2007357
3970509
5658419
3961149
4065194
3959180
955222
4540417
1082555
2596935
3106502
608076
104913
2044984
5230126
1531050
4989723
4972629
1224931
389029
2754937
2716938
1618360
1315254
1508481
166213
157160
2165337
561319
2046001
1934242
4138950
2011325
388894
2431020
4562612
2724380
2502205
353636
1337204
1996149
3796417
3106387
2775437
2807448
3812827
2147645
1225639
1255189
74071
2563152
4360563
4257186
2325670
2781327
5143643
1705588
3380487
2098137
1219416
4552646
315298
4531655
559013
3104732
2760699
995574
1674970
2847203
1705624
5079335
3156946
388534
2084419
2362081
1926171
402391
134051
5062723
1933770
1374135
1701256
4058822
2804337
929986
1709408
3931425
4205750
4072389
5386688
2515309
5200893
1996173
2705304
35184
5161324
3156248
3241144
7289705
1409066
4722278
1606535
3144868
4174329
7531948
540645
3706143
4562653
3460732
2974557
4257073
1606481
4345923
3107253
6466116
2053577
2584761
1606478
751298
2501617
7275264
2262533
3329930
2431154
2118192
6311974
1729085
2579205
3600591
113629
3262470
2066889
436569
1331674
2253408
1704323
2788244
4265014
460263
3106700
406399
5662445
4257306
962002
3190114
19162
3981065
2771595
2485834
1250463
5575727
105009
113653
3108102
3558049
5950818
2847329
2532859
3454311
3966292
2581625
4501254
2504633
2266027
611043
2501803
2840966
2006468
5886776
1674937
1945395
2805386
558473
1546804
3462704
573504
2747389
3419892
2308105
4281208
2139396
1996167
3166933
2276101
5023751
2662550
2778587
1311122
2715251
5566579
2003252
4463582
4573319
2794154
4481529
1886572
2520435
3217822
827947
2048757
5767442
6315272
6668813
2776148
4042992
2411650
7104536
113659
104464
2754616
1006224
2047888
2497055
6394783
3712999
4126755
2081672
2501773
2048894
5654214
3408383
485248
2538649
396211
3605855
3730725
3107676
2234644
1944633
5236036
2600202
5277968
3108417
4210028
2065857
371899
2241823
4024576
2756111
2813721
2279340
2599285
256119
3875971
2747929
932414
1477904
3016407
2740366
113782
2563038
2481193
2198015
369534
929731
2776433
3807785
676425
2787442
106777
623930
206347
1005245
3989255
4291976
2121961
3108366
3822100
3968655
2139067
4746819
1370658
167628
2139259
1646497
2738053
3372750
2247035
108972
929536
2510033
16444
103768
2397574
571584
16462
2003180
1538843
218815
1903703
228749
3663367
1966741
4202919
4443800
3380475
2166015
2234995
5057992
7659135
3817576
4257922
2698655
5505470
3107424
2673043
2402640
2019399
2180605
3220741
851402
3795197
2154256
106589
2873511
3627279
1969053
4980903
220367
98887
4804739
2759745
2799980
627058
112803
2775431
2003427
4118138
2677566
4046077
3814424
2760357
574522
2265667
4646021
3628052
3973261
2411831
3156080
1538222
2262638
1775883
1780324
1425193
2055588
3492823
463079
2774091
35601
572870
619184
1010955
74080
929332
337702
4445503
2006435
4525443
855966
2755226
2007468
1888020
397146
68549
106511
3147905
1917961
2952969
2847188
1950623
3960086
2985579
2486353
2392772
1930567
2660235
3959212
4945179
619056
2907062
2114850
3395894
4444310
782556
2152961
3871741
4022341
79474
4973469
931729
104988
931591
2520414
311544
2357787
452063
1473425
2585509
2712845
7453324
1179151
2780407
4497405
57644
2784341
180502
2139794
2767551
3418697
99140
2512122
3959144
2824571
113773
1252193
2784446
2775097
1162424
628340
1738718
3693367
157175
242873
2053484
2729733
561209
3248392
2074849
2777104
2052444
6204879
2778500
559273
2774013
760504
4249290
4943669
3173210
2495811
1181749
541438
227237
4444208
2685399
279166
1220163
2781584
559594
932204
247082
2803205
2198024
2776493
2762201
6681844
4444145
4934829
561239
2139387
968622
4774505
4927729
2753995
2536591
4157121
1968828
104934
3985829
3694429
2139115
2526069
2274687
3807407
2715452
573486
611055
554734
536054
4000744
2778695
2248595
5534308
932354
2003000
91877
1386464
4979502
4100564
2004251
205046
2800750
483341
2477695
4252442
5601049
4418877
4903087
18836
3264195
2604084
2487161
961480
251880
2241204
543214
2203305
1561496
5020018
3954868
3279130
2747554
7675398
2001073
3370732
2604090
1061247
54293
1401009
3845731
627847
3777322
4191407
3694260
2081363
1952036
1787078
483338
931594
447501
1701481
3866484
2069889
1811302
572569
4396287
2098686
4496732
2184326
2003490
2766335
2189181
6681120
2003387
2311701
2003412
4991794
5036592
104629
1969615
1300190
2499382
2815668
3685299
4512649
2769023
113758
1950584
1606394
1605841
1317495
2168863
1998132
598720
7336129
3144972
2715245
3164863
2619245
2084458
1443553
1331874
6325182
3309324
2291582
4323746
4272192
4195888
929650
162042
49252
5551289
964292
104973
7172011
1996218
4093421
4353862
2480804
1962419
2049848
196020
604821
2288847
588167
4108525
2501776
2086767
2164998
3139857
4868123
2760402
2177739
1998320
3603114
5562633
2111283
2813203
4208183
2280801
1995994
2180944
3356509
1688854
3480936
1096512
3647986
227198
1031424
8045954
1963327
4310291
3171397
1996704
1910075
2779894
1900801
3458871
1968780
2153700
4096053
1425334
115758
6819674
1374963
3865318
969295
5368770
3276942
268962
104410
3260824
549141
4259886
2820205
5088820
549866
2076031
4161244
2536980
766006
2769717
2014231
2473375
1406593
4408023
6213069
3051721
2184320
43896
3654011
5097839
2776499
4271394
1702379
2196394
1946725
3870408
2830504
3278428
2526063
932282
3946065
1021116
558251
2164962
2263995
1330518
828847
108818
558377
2244264
3510427
6724070
104967
4017881
4491923
2762207
1120770
3368497
2247160
19852
3171352
315271
1910548
1989026
2138541
5116687
5104879
3733227
4805471
2194965
3161763
3731642
5286854
2294538
1382880
2807338
1460208
586031
3015889
2424406
396460
3962297
609316
2067088
1736158
3956476
5161225
5133181
3947841
4306883
2424307
3381014
2426003
2758759
436572
5450887
2046429
2253061
651352
3140046
3242138
3304135
2847476
4148934
2002094
4675913
1692943
2411680
2776487
1720791
1927665
4626271
3771932
1707449
2287457
141676
5041378
4027903
3961527
760829
2139393
947068
1997733
1460649
575024
682044
1950593
1944876
3969924
607432
922031
4348315
2271590
1726793
2581013
1957688
3961975
5142286
108945
1061373
4991141
2672599
1923159
2453247
1336788
109701
929740
4916652
4711326
6671437
929261
475224
279172
3639530
4196800
3983203
4030196
65558
6347129
1705718
1409117
1224855
1998434
1950138
16459
4290962
2227197
3019686
4279547
5638129
3259950
4290093
1915246
1342212
932312
2355792
3106784
3458877
3107352
2803058
1953643
758259
73052
1386467
2678834
3841364
2477610
1337222
1935997
1968431
3290237
2537888
1701940
3638171
554118
3380346
3107934
33170
932321
42654
4130326
5249568
3985665
619071
3189694
1539616
2491214
2526043
627109
3941788
2328892
7717060
4490115
233192
1234521
2107377
3343714
141703
4250951
2292581
4023481
855978
3718664
5655886
2066740
751601
6671593
2400512
2466371
2757725
113641
7655166
2724308
4175938
1702901
7547969
167026
1950581
1705793
936537
792134
165778
337699
3365972
5027838
1897845
5202411
5657925
3380481
1910590
3313888
2805389
2003126
26918
4500036
7666226
645163
929803
4751985
4347605
4928730
2164773
1700737
4069463
3084663
1254619
209317
2759913
2436187
3255701
7289625
2883156
2764393
2308903
3919770
1886372
572515
1688953
7640273
3729477
5715475
929350
5033124
1998428
1966223
2111106
4812176
2166448
6378394
2014896
5564275
3969602
2234118
145249
2327472
1692583
3981921
6310912
1422761
2563044
4150967
2520292
2803187
105058
5234739
3376893
4667588
247793
105112
2138694
2138553
2262728
763297
877516
2311166
4682806
2767880
2803145
554707
1961948
2844947
3978981
2290857
4594363
2755502
4339044
5402024
4488362
561466
3005620
2051161
4116356
2754025
1424194
6318096
855424
3144856
5016037
2428594
257296
2250006
2138532
2803136
2662496
3303000
2444790
929461
7873072
3137801
3420030
5255919
2620794
4188240
575778
2493615
2377969
4029752
4804832
126782
2171608
2689510
2080419
3177487
6697205
4241647
3949450
929836
2434752
3286581
166441
1952042
4980619
815811
2799580
3922278
2579750
4267670
173916
4076171
3052267
329681
1183990
554205
110562
4928908
180088
1341898
2974599
2138535
2377960
2310548
6584829
2337011
6299057
1961107
2271178
3161885
5185131
2400653
1394841
2217380
2847845
929464
6390
2781206
936534
6701395
4221232
2253216
4670467
2012943
5477770
3258174
2165022
2499943
1950509
5025733
5906701
2247316
2715254
930108
932318
2003532
5218384
368772
929557
2129868
2142041
961837
2008163
2408174
1702029
3587213
3602532
2020124
2101456
2105943
4997027
2829588
5020065
2158128
2747801
2166583
2271461
2071397
6443456
6835750
2262350
1890419
1251395
3624716
4333900
2228376
3445103
3712734
3466230
2469885
4562606
5051201
2361696
1976662
3384004
1896659
628114
4906340
2285017
3913646
5872082
3333065
2399753
2572634
105012
1741785
693720
5039890
3875621
1399160
2149689
4104526
2518594
1866857
180766
547575
3964074
1402481
550097
3955882
5687206
4991296
1776769
3622899
2152287
3534284
1700845
2195115
3837432
2527766
3715479
2777110
1265066
2390361
3186586
598151
4499394
4467933
4190787
1227911
2504012
179109
2784650
4444217
2764447
4347545
2886229
2434773
511122
3105602
558467
2311407
546730
3486748
2165217
1967189
4525473
2156894
3626765
2740516
1960059
2078995
3380496
97974
2756476
1972348
4491926
578684
514583
2829282
1182016
2847338
1249845
1915216
1423331
397149
3822103
3106303
1736230
2005967
562625
5146224
1303845
3040212
1707401
2678813
179237
145261
2201375
3845323
3173306
947056
2159633
1950162
3455901
6167755
1744641
4379285
6143067
2207158
2615963
4549717
2844869
39116
1224991
3375765
6775255
2141891
4243899
2089946
2776442
2076013
4117333
3455895
5624992
3959108
2750071
228219
2756147
3107592
769064
3165599
2014652
2811191
4005169
2758621
929539
4718894
2166574
3988708
2005303
2532019
693284
7324547
3729393
4246139
166573
2447505
1702175
3794713
2753989
3376998
1924386
573183
4025509
1083638
3000905
33200
5392905
563053
1979865
3051545
1692580
1998135
3162504
3970636
6671434
2164919
3144501
1219788
5340186
2291915
113656
4045558
4595321
5886971
2775461
2148091
389038
2002913
571581
2781869
2253243
4443239
1928266
1950174
2013216
1397347
6984651
4614792
