757723
5400999
2491085
6721801
3729300
3728924
1118928
689443
2494356
3171286
5636395
4850586
1517977
2581350
7662890
7666867
1272791
1410002
7585687
7126584
8040921
2829646
3823194
638843
7503864
7906837
930280
4188935
1294813
2259060
8006873
7507932
4450322
7706284
627632
2492290
171403
2426226
152654
8230084
7870405
7577839
3182305
2382416
7636527
4803239
252487
141943
2184008
8169296
1906489
2095760
3947886
739595
757726
7931986
4266710
3814466
8207468
2520564
981529
2445051
2744259
54350
2232159
4500167
6769690
6570518
3975699
8020678
5703654
2261282
188096
2350703
8156532
1948705
1817070
277100
1152387
2766736
5744150
3823208
8403
8036450
4309096
1906513
7716702
162738
4501143
1343144
211522
2747005
6166481
7817108
3176244
4689492
1659001
4014622
6166478
7963304
7322812
2401232
761650
2394395
3969509
1368900
92224
7705717
8020681
5896310
6317946
2350699
2578537
867721
1329855
2140758
4460879
1948236
227919
1882204
226527
5724169
5912302
7413541
237764
2805927
5512560
5320468
2569791
3049082
793420
8276
8143070
6355085
2143319
7636530
550208
3823211
7896186
2813923
4190261
7892
312850
7931149
7032431
6569877
3104958
7538828
930283
1048534
2308018
56759
2811257
1343183
7504318
1276913
2907062
4072909
4564623
936468
8296506
4689485
3814475
144426
4270565
3526850
2778905
1250076
4483629
2155221
205201
2180021
7657244
2492212
1319671
6772960
5520299
4289825
160947
2810417
6701808
541699
3829468
6884622
7638406
4046522
5165888
6363390
2053457
160728
6318638
324954
7868627
3964163
1519736
1343174
1998845
7821587
2070721
7526830
1318967
2307832
564250
3829465
2156132
7697662
1153471
7944832
742114
7873072
1053618
2558928
7284267
5528450
1584488
2865748
7946611
7885156
740898
5025734
906422
7882709
1906486
4504669
1584798
1906507
555462
563727
266646
1343165
2054834
1467885
7856985
1928367
6964406
64981
2389288
2578436
6694395
936465
3140107
7952505
7882718
5064916
2864424
555468
1928438
1928201
2198513
1648958
116803
5234340
1262185
550744
7494975
7635045
2521193
257251
1303845
7941980
5371521
95440
6391600
2265688
627267
571075
1227169
1319349
676950
936456
7406580
761066
7891682
7902281
5517841
2156141
141928
5600530
7941905
2115424
2800578
7674632
1926096
7537201
141925
7073097
1928195
2049848
5262873
2157963
4266689
2714805
2278509
3265564
7941902
5413489
2593632
5713418
5314254
7594544
2192305
7665427
3334712
6244133
2491094
862593
6317950
985845
1928204
2679806
1808917
4803242
2291041
3956470
1225090
5460286
1906510
6860523
1276717
6212396
936463
3705415
1930496
154144
8109038
6572521
6695858
6738435
3237813
2165850
2729484
5517845
5554106
3264291
6391508
799102
3698078
3369382
2164770
6884589
1906495
4552191
5498597
8283896
205195
2158677
930274
3218724
3052714
4570640
8231823
6884592
7488024
5523952
3182299
573845
2401238
1343180
544953
5715196
7559846
2778455
3949486
5897958
6884595
5143905
2984524
1906498
5538223
4199710
3392566
4910203
7931155
7553282
4196800
5518042
3048034
2057148
6884586
5408588
754868
1930493
3478706
7627123
2083920
6022483
153576
4502148
1077486
754529
5221202
5474921
4502133
3052717
3189904
576276
7128440
4109223
2491088
5557079
8048094
1616283
7645873
1190110
4336822
5624688
3829534
5864590
5474926
1240526
7675979
1987779
1574307
2760598
853128
42229
6282599
7529919
203529
843523
660431
7757486
6367168
6891569
4262917
7333647
555303
7562153
3245595
1335595
834613
6161120
2522789
5929598
7931152
6591915
1147183
7656502
6407273
211567
3290463
1563722
2634631
3620518
986043
384064
115327
1051266
7721597
4212083
4012735
627270
5026424
7587177
331197
2641662
7790560
3458280
1906492
337165
1886326
3823205
1280766
761402
3960086
1288466
2165856
181687
5897652
573844
6584637
678400
1149654
3163170
1702103
3960750
7568253
3267220
7578364
6242566
1905194
5641262
5913934
5648862
7967087
162379
2165853
2483404
1967739
1926600
225333
7397315
1145640
6507260
3170528
56540
7155545
341891
3829456
1445193
1343156
7637812
2329410
760627
221695
321284
1906501
7819980
7816153
976071
8097629
5498065
5400522
8230726
1295104
193429
7556547
3729297
5812912
4269014
3265055
35730
7666214
2487297
211540
830694
7140860
4190279
5372224
2778917
2862587
2383143
2485490
843652
203861
2068383
3218847
1329974
7637860
8166123
6234481
8015093
6955115
865439
57761
5770960
7180569
1703624
5719020
981523
406785
2053655
5474923
7555652
1343171
85947
3215587
3913442
6417166
2413304
1931670
5716207
3948793
3023428
2769741
5471000
2196845
337156
5538743
5493336
385885
2192674
4289282
1304596
4442526
4198714
