1754478
470365
4034611
4129395
6456835
1106254
2173173
159208
7736957
7152597
2966809
7552027
6353894
7007583
5343161
6059974
335365
6436528
6016101
3744688
1968682
513110
2998318
1296468
6770594
6027594
3652622
1485796
1268721
6609999
6202222
6273367
2329398
2772584
102651
2222131
2022449
3408054
8051411
7575567
803674
2255739
7082779
8029116
2931940
139281
5334530
2693032
1618488
5363426
5604727
7917428
6965460
7648602
2232580
7200721
699612
815844
2327610
5821160
8090360
8788
1940316
4534387
5208515
2064866
2751114
7801121
1938172
7117968
748759
7365657
29453
374377
2856859
6907417
2583346
7088556
1373244
203529
6107646
6529837
7504225
463808
6769765
7388380
6417426
5354478
8333008
6561734
1620483
2226484
7785295
5423784
2756219
4409463
1510029
4244616
3937927
1987062
1213206
1912440
5247183
251637
5046620
278869
6722837
379443
5834864
7008450
4373633
7785505
6514403
8116522
245954
76009
7299068
3397595
899981
282334
8136639
2215864
2227694
2206055
6379622
484585
1768755
145102
3422520
8069713
7939925
466048
7622697
5935082
7501032
8129842
88487
2223684
7284347
6045748
7231890
3028996
3192763
302912
1515347
7246678
3842782
442719
4557934
6815435
8045264
6535954
7462852
6320018
6359643
815015
4127426
257660
894876
7018566
4149075
4582260
2942868
7861105
436136
4888487
6013462
2427988
4498944
2468969
6527953
7595691
8052458
7825405
7361062
8154649
2168848
7013628
8332876
7366103
7727337
6512158
3771022
7634191
6293322
4289982
2143768
5704401
1163266
7544980
5311662
1900151
6275890
7962959
6662523
1010784
5804627
2024564
262587
5436952
2864504
3126739
4778598
2756246
5658569
685950
2702608
2057476
7741273
2898250
1936195
7560419
7632011
7492952
1584039
5328068
963837
3391746
832139
442541
749323
5378832
2265559
6776564
2047090
7528289
7576123
16297
5674192
5410455
4531541
362555
78364
5496170
8033491
1675036
2395622
1902545
6877769
1525988
467955
7115387
1883702
2619512
5965390
5760249
5914730
4556626
7888619
2255640
5718791
8031007
7131544
7939608
5435670
7523076
596897
7756221
2125603
5860248
7642560
227513
7950330
7295044
5471306
2769951
1767463
586565
6706066
6143313
7637440
7562033
3690439
1939882
3744602
6071918
1229992
764
3940093
302870
1239703
773111
4006883
2228836
7064630
1906495
1913779
8236384
6817208
7023688
2393320
7447730
805747
5343458
5331810
6029961
5459283
138270
5998886
5325158
6347009
7655181
3395309
6701539
79627
6236523
4766846
3508245
45483
2392098
1055742
1526362
8055210
6527248
7619836
5791096
3259315
6050310
7907477
2762852
2465448
6909442
5363633
2392375
8169245
2024192
1954775
897357
7573667
2202234
695654
5235599
7230899
2195585
2954851
1864092
494611
1734006
7235084
463593
1779199
7371910
2273950
7763010
4794649
1184002
1254806
927726
7508953
4333542
1272803
5530284
7018956
4793741
276669
5566591
7954587
6043518
4263821
5588417
5452523
815588
2337432
1929534
2100183
7561809
2940710
5476893
2053973
7576382
3738491
649608
6526289
405479
5320968
3765510
4396409
5487998
408973
7848615
5424000
5839383
2766377
2793751
5882083
8286228
8219094
3884101
1334817
2433419
1984869
636203
7335015
2929092
1077224
79939
6512083
6041162
3882606
5794730
1707656
4934930
3331924
5461906
5437549
47439
8047277
3539526
1408111
143582
4760025
6980949
7041925
320797
2760075
8290195
4170780
2199979
5912344
3023524
1349855
8147219
272375
612613
3769567
1176899
1221322
7765585
3688421
2301113
2924880
827734
1985858
7873592
2769062
6012449
879370
2253492
7390878
5649297
8119869
7938866
1123558
2980202
4461980
4064958
7817435
306084
3189267
2755076
7069923
2691407
7088155
1904669
5309774
1296051
3224593
7614384
6952570
2173796
408920
3424346
158443
2577343
5909513
3208963
7546429
5384118
2227269
3948470
1643758
2570158
7295532
7014102
71847
49870
3230966
2264187
5468635
5424341
279664
194832
2314139
5596072
5374682
1030884
2763831
5450
7987425
3268605
2932827
5945382
7026289
3658556
7910216
1905260
6042733
4540970
4060440
3764436
5358697
97579
3456934
7524009
6792216
2663761
5709747
3759266
2043581
1098036
4144929
8163213
5750453
2081462
3289417
7861888
7010818
8284756
731568
5548197
8002703
4145264
2455466
186341
7859135
8148420
759292
2627770
6262552
297977
2932347
2129165
1457177
5749697
239007
6322427
6814315
6902441
5418573
2568279
3539974
2950065
7284332
7564899
6307340
5351097
6101849
2270189
7941788
331285
2306518
8268877
3484014
5584729
2344944
953178
261102
562299
132149
1395977
7631090
4544166
4154454
2034051
3979555
6638535
2230261
3335099
5908328
5433609
972305
6899344
584170
7005709
3403503
795488
7300463
8345511
5363241
7384613
5460346
1097214
4121047
1684141
5046903
5754603
2326450
8199015
2078158
6139896
2777530
7593580
6896159
2962689
461554
2570161
7012896
6442183
1315713
2249638
8154775
5945526
1409326
7082740
6793747
6183253
1700956
6421306
6201967
6828124
3945198
2754505
6798602
5336582
3149519
814247
7696689
7807250
5880386
83019
1349086
2853389
5800212
6299780
1863801
4419612
7760309
2759354
5704003
8064203
2153902
2608940
6694733
5257355
2395929
139773
1488978
3980221
4128383
1772290
3963619
3588399
8193556
1504483
3437558
5656267
7103138
3265169
8160246
1558235
1911880
5989036
6062788
655241
7773766
4522586
6937485
5503466
6056102
1895514
6802563
2707321
749203
232071
6950557
3107619
2934110
522382
1511574
2468642
1912993
538440
4630471
827354
5392144
3769719
5818492
2868461
1833697
271178
1816256
58767
968321
977612
7507696
1692001
5455147
6059987
3380262
7643511
5015178
5567074
5496647
6697386
6743059
2670329
160818
4020793
4950444
7762247
374398
5326592
47262
3804785
1733835
2886374
5327060
5204694
5737359
2908308
7524039
6016
6209348
1418869
1850740
6674310
2621377
1771323
6728009
2243133
4334978
4172063
3746708
19228
7060946
5366566
6029547
2997692
28976
6276832
3967816
830181
1056385
2165638
2766706
2403947
7602249
7532940
6685834
5709312
6286366
2094843
4939659
425806
8069443
2311997
755198
43264
7904
173452
4537626
1288530
6487302
6610470
1985588
1332941
511056
3011143
5081238
2162484
8032003
7793601
3214992
2276688
1073336
5329934
5563690
2518236
8055321
3432804
8117998
4333762
2238931
6401850
5586543
7767069
279736
6838286
8121659
7778652
3380094
782832
985542
4268150
1637491
3241489
3909918
7306776
2289423
1965186
8217492
3971612
5908480
3687785
7827337
1905665
764642
6078081
7818182
7486767
6078006
2873586
1946506
8177615
8201094
7603687
3244569
2535429
5583600
8170276
6893548
6322720
7502170
2501815
2269481
2691179
7580410
47772
7853495
2215810
6245387
2099044
8028709
1131563
6675076
6981265
7108417
6269623
7316162
852768
1874235
45081
1931077
7042099
7206638
5047058
771255
5404631
4533445
830832
4557638
4077823
5111924
1462821
5657754
7765012
818527
559639
2930866
7185411
1930954
2469897
2925562
7049216
3068481
6024154
1150051
6498748
7022920
5325233
6061670
5403968
5908949
2602537
3542174
802795
3988936
6338940
3413673
5945388
278264
6661224
233561
2061436
3942211
1044102
1863837
33628
6727271
1701964
4414172
1115
1215716
5392583
7003630
6012656
2776550
2127481
2758864
2438225
4351417
5327435
3249590
7607411
6884418
2859111
5794071
804946
7469387
7023307
294628
5993332
3618665
4531019
775946
5025554
331015
2250582
778855
6632095
1204078
1123351
2837890
7457324
2405326
274284
2944867
5587062
3222823
1957847
1951886
5495940
1885067
264609
580756
3819376
2175044
7005175
5407763
8158871
6657153
8186210
7947917
8088554
2959578
1978216
5999024
4729229
2566572
8279045
5090813
1605348
6309778
7104590
7642707
197845
4311247
39032
5683838
7587174
1928896
3229465
5959141
3171852
5983788
7614519
6062150
8294869
5156090
316798
1758406
7015063
938452
428343
6678721
3690253
2228052
7617342
294728
3028214
2045891
7432392
1148821
5456616
5196712
2333491
2560706
5915670
7518227
3304802
7614819
3751285
1933873
7817144
2046540
5956185
1003341
1976946
262716
5400210
5382160
1923801
612751
7871145
2255185
5997072
2606901
4315373
6153711
261270
2861889
5858145
6817217
1620252
5994556
85550
1562019
2075345
1956544
6334366
596714
481887
7744710
2258208
7231352
5433230
5686483
5995584
7325750
222145
1770391
3964566
7440494
77891
1307791
1980175
6989155
2290093
2213564
7939067
6057749
5599496
6354459
6456841
5876326
3111099
5208587
7870459
1904933
944703
2782364
9043
3415706
689187
7375366
7907498
610968
1863798
38900
3423769
6527146
351057
7951997
4587943
6463549
240309
1268185
6237122
334689
5752033
3831578
6045742
1387734
4357541
1898916
6354705
360192
2873436
6336937
5679294
2779058
476901
5703171
1906429
6117735
7001226
3231760
2675140
7807110
1083707
5529669
484663
1618080
6382432
6196367
5573617
5327417
776147
3556369
473853
158857
6048228
7658415
5335181
3757928
3973336
6298065
7008567
313563
5471144
4417543
2059340
4521110
2707023
807950
5366695
8189682
2864174
5851557
2330979
5020587
4255592
8195207
5661068
5605680
6836992
7229291
2669642
565934
6197452
1418109
7738316
4147477
2185714
5345375
7225031
6787719
6199297
181141
7496010
5798894
1906450
3766408
5112170
5829821
5969542
2053409
5136282
6205365
6696685
5443976
3346510
6345102
3885974
951247
5310532
7959509
4021603
8268169
6408303
3244689
4681564
3234167
303906
5610799
2801789
2849340
46485
3292615
1255546
5443304
2729844
5992582
8332822
4382415
7511949
7877364
4399974
7048643
1602281
800296
139809
7362760
6142857
8155532
619893
1036395
2072950
139959
2261936
3748311
4931302
7990003
7650669
879751
4644860
6122504
6542637
5564984
7081214
1943008
67182
470230
2942393
518151
5741
461994
2712920
1269088
950798
2280549
5837284
918131
58473
2246930
3048414
841262
304652
2299702
7606455
2128572
7544926
5763417
1418667
3765241
7191801
6022041
1674552
6114395
7767645
7706563
7188229
8006196
665347
5047094
2313749
3008869
1947313
5407959
5630987
5409704
2898715
7688696
6081770
3223157
7315724
355685
5731454
7905846
3940087
4536560
267066
1594575
5945640
6025778
1416160
1539355
5400141
793420
4605302
119285
305310
5320239
4914120
2843872
5897385
5066680
5473592
7549965
7588029
5542591
3192619
2542968
7352157
6410082
1276729
6918473
3845671
3758259
1130786
3978405
3509630
7561803
3430248
1303480
434109
8255491
6410577
3688283
4366757
7565654
1130037
3213125
1920065
561047
2094277
3681898
305263
775454
88156
7540167
122195
6712817
1287171
6002119
3687112
13933
7582160
5752108
4856706
2551333
2150385
8098560
2067106
6423445
6443984
5806455
154995
6999561
2018647
1412940
408580
5606981
5980991
3737045
1831707
4454884
4271589
2180983
5486721
1951847
5443853
956035
5982827
4651911
3777433
7518065
6131764
4783027
7938581
7024057
2530
6120443
2760537
7117902
1627426
4654760
211261
7247654
1516599
2883704
7279770
6509021
1894684
6117219
3381056
7013550
7473714
7907624
2623589
903541
1701463
5364944
6540214
6811855
6345258
4661449
1784750
3285670
2266165
3656391
5390701
6460958
7582920
6478414
4122605
7865054
174853
2580232
6050944
2753096
2496678
4552431
1910371
1333025
7696479
7511379
7576195
6057188
1917038
6011422
540480
6314737
1230977
1667861
6420113
2565611
7007805
1693282
3327449
7506249
1332449
647129
139776
7882730
2134213
6511339
3106972
5611003
5992162
2328700
3222877
78454
8049775
1752273
4638283
830382
1370976
865238
7217948
8162508
2100103
6167677
3610767
1394217
2509833
2933753
7499049
6029538
7869967
6439270
6524013
5485540
5063441
6537768
8325921
2533144
2167197
103783
1284563
7799361
2397152
562511
5765357
3687440
2057996
5929547
5367572
5395878
5164843
2035697
800305
3426269
6335241
6196142
2886509
3378564
148612
25431
2021546
2457646
834072
4307090
1206500
4458051
1126716
358818
1286303
8249797
2226146
6911948
2120471
7749988
6337706
1272446
5326979
2494508
617806
5991457
7604865
7647061
1891805
8197703
57677
4937817
207433
7965677
8285160
7651515
231217
5914436
5423970
7863052
6605803
7546917
857558
5983367
8158310
2054483
2171353
5715654
2203735
971298
7614699
7855501
340526
7129157
6014329
1009812
5968830
4444331
4708443
7602342
5756337
2362492
1698181
6057976
921557
7428910
5364821
6616418
4543068
5518517
6011855
4547037
6198496
2999724
5611345
2170883
7454013
635110
1329681
7878442
4137040
5500275
4003741
3526967
1952214
7005868
2398823
5373300
6891469
4960955
3292621
2948711
2444888
7752750
3742573
5848439
8048679
4190117
97312
7175517
3898481
75429
103789
21280
5324000
1014696
5301370
6818817
1418622
7437580
5995425
126791
8159553
6952943
3429244
4650290
993347
7530817
1865590
1823496
1309648
2926336
3630105
179565
2322934
2628731
476505
119588
2621885
1478935
2713727
51852
3263931
978320
5756651
5207636
1464531
6680258
5046632
278806
4441083
7147514
2294571
1475766
7520747
2953856
5314041
8171796
402764
7603974
5850733
7539896
8114315
4208920
6545589
2664887
6704268
6612040
967914
2216481
4597027
7864298
1418649
71520
5869015
7504186
217068
279040
7786150
1926006
4891752
2557546
1571543
279130
5321679
5344421
2979079
2769167
6902552
5584141
1766451
4663274
3287806
7416879
6812630
5537696
2251947
156267
7582923
7180374
144462
5354220
2003475
1865785
2278323
7759247
7546422
6501842
7869209
6581802
2651265
468701
1516823
7036771
2700296
2112018
4424450
5358661
6005306
7908212
2666583
4716158
8047040
5929604
2780917
99019
5508278
5415701
3795206
5864053
182578
3687533
2248312
2199552
335257
7647130
6825171
1676378
1579352
5521250
5946054
5528529
4558709
4546485
8003489
7714241
5969007
6121331
2305012
2772893
1595867
5391731
2698460
7508968
2538887
3335648
2049177
1098132
222541
1871822
533566
5984340
204279
7137312
399472
234391
5452208
2565623
232056
2335972
473735
2274830
4899761
5443382
5067074
5337613
5818489
7821138
812667
362906
4034298
1012758
68250
8124583
7565280
22083
7830893
1403467
858008
1348909
1791826
382244
7530601
2049445
5963350
5337269
7312913
1733832
1917830
5676861
5046512
4537373
5650107
2212134
1403271
2616438
2854370
7808191
6527275
3788582
3646939
8185097
7276190
5335592
3528977
5989033
435853
7437481
2302611
5179804
7864777
2791919
1877996
7981118
7540365
291538
5375554
2711493
7920660
314387
1979589
5414806
6952555
5856348
372494
2176985
2155263
5345351
460864
2625658
8012644
5560154
3052764
7882563
140367
5499712
5566097
119585
1805010
3144856
2393389
6727205
5326667
5704206
4980742
5483375
7873144
6390715
7032779
7179672
594977
3044913
7280538
5047404
5648931
5730995
5318379
174672
7925916
6435885
3545309
2133476
7534435
6674584
3231736
6352712
5992300
1495205
3690466
8015162
6091407
7013553
6714256
5899402
1192274
640707
7677268
5316625
1793831
7944441
2251116
2044623
6545436
5325371
7540020
694764
2320943
1290570
25692
267438
397968
2461726
119850
4035506
5902827
5617696
668460
1934763
6124055
234569
1224849
572279
7488098
2762864
3457031
1319005
4545300
3250583
1366189
948054
6953934
8236627
4549439
2178471
3690334
4204729
5679601
2924790
5930421
113138
6590254
7756934
7152562
5660706
5343059
7506602
7801403
8151740
2110503
846129
3235862
1733503
2120805
4073664
4824556
1733761
7654852
6615730
7677262
322014
7907495
3734572
513086
5780077
7376557
4424477
8153571
6205303
4496507
5334998
5327402
4338969
2084937
7803947
1176503
3750734
3370906
958900
4156727
7738970
4211842
7540716
7497921
2894576
7295779
49489
1507091
8072328
5334332
4592569
215519
5965784
305415
1242141
7628379
5584234
5764925
1828168
2119190
122315
235434
8231403
7686076
866537
7893155
4824298
1733817
2314136
5870809
425527
1170767
1933542
386554
1895877
2102306
47835
612655
514514
5046756
6283694
6310819
5971740
7766646
5352711
6000681
4344213
2674185
6060624
293313
7029349
1866453
3238291
4988708
6794570
442472
8323097
4030371
307134
7218933
7573226
1204291
7829055
1803209
7907279
635237
3483749
4594384
1308886
5273827
7291378
5377133
5425181
6249171
6265626
5962373
7678057
647569
2825289
2098662
7907483
5831353
7673578
6280657
2165716
133943
2771520
6009646
924823
6212332
3507927
2558440
6729813
4330076
4295925
1193693
205628
998334
1908771
2305858
4027786
5982278
6528285
7062914
2715059
940797
3758102
5961727
3416564
2015719
5937001
1892913
6317162
7591592
1136500
8332882
1902842
5994978
6010330
2895160
5572346
5646081
4160273
2932677
3601878
7700138
7648941
191324
5511822
792797
5565878
7752165
2362272
4130007
7906231
4915611
5910204
2129147
764710
7663076
3225951
653273
5440538
1953987
420053
294341
1915282
7004428
4154451
2929480
7273547
7608868
4530590
2046289
7580446
2992457
6264304
2678576
1715878
6261975
8012777
3489270
3865689
5674393
77457
4405488
6795972
5360838
4554638
698773
1873396
8282627
4269806
4359299
5997501
2329822
6430710
1902992
8008792
4153735
6487515
2509678
89846
2500742
5600768
1865262
5046708
4001061
6449431
2132188
5339981
1922621
6195267
7588002
2583151
3513950
4988714
8234839
2694242
6020009
3837169
5245659
7916935
8149015
7913109
5754600
8181235
3641930
7655550
79990
509457
1185022
5959592
714687
537818
1595255
8263090
7087841
1621698
2486988
4167236
1870300
2034335
3679044
1190534
5699534
2932120
4516384
2181560
7661896
5604072
2777398
2686671
2894163
7708100
6790977
5268363
2908487
836305
26522
5704068
6114008
7744632
5387246
1501613
7032521
335188
2901596
1280053
7909796
3983937
6498019
8158256
3660038
3253391
2344126
537773
4330725
686342
5450022
7609681
537883
562224
7569119
2251910
1028043
1014447
7731606
3978526
7976387
3165686
6876363
5387950
6114077
2325706
1686333
7373833
245475
2103515
219659
1010034
2699630
7899272
8164731
8059688
16856
8088217
5324207
1564963
6003403
6199141
29917
2883366
4886463
1117751
7648638
4551510
6198418
7783261
5036669
1938268
7927775
2701315
2990057
535108
1992813
2507440
253797
1948317
3364047
521489
4715926
827351
33131
1170809
2425414
7642794
2027641
7585125
7673773
2724236
4735184
6120824
6196904
757026
5341469
2604912
306158
7228094
1386708
6012824
1071049
1272758
7580485
7715906
1360778
6576687
5021972
5505649
5060697
6537887
3398887
730915
7296931
6006565
7582598
1066159
7695838
103933
385554
7694887
2535013
5391472
2775227
331856
8045047
6540562
5425977
6106398
5366614
7683740
2785007
4265428
7498998
2619257
5983361
407460
3223307
7505018
2946522
4013566
5245259
7518206
4083181
3690493
6994669
3908951
6437582
3238085
1611345
7677298
8279012
2868781
2243073
2282152
7608668
341565
2768954
3687875
1357888
6182039
5916463
3451693
3309366
7588397
3497669
2071782
5309303
8153781
2020481
6511348
3647524
5649519
4202844
329304
3304115
2330032
3439257
2641286
6512119
5513015
2927285
3809743
6615012
7382470
8044151
7524162
153454
3481866
5087345
5798661
7879336
5945862
6512110
3645361
2394151
5804
7277627
4303878
5421484
2939550
2048703
4334942
8256818
7185966
2941490
673371
2981950
2783430
6835430
4073182
6011606
5098029
5818462
7187004
7738145
6196577
5755388
6056231
5745785
6015496
7989559
3376275
6360823
6900605
5783289
3278647
5342585
5605101
1734368
4988308
6301758
962615
3588660
7283837
6398852
8159210
34977
645823
1108550
2524289
6024898
7467983
5689208
1242279
48433
4148780
2859838
2689372
262407
696286
68193
1951637
621036
6359177
6733654
5386994
1842441
7880978
2196349
993297
7009069
6929940
3742561
1043403
7637381
2896893
5344109
8288122
6131761
119804
8262089
7705765
2398002
2903928
104284
1992129
7274598
2778175
2577235
5981054
831260
5326847
8032090
4556201
7964827
3891003
3322291
5498422
6562449
7509064
5404604
2459944
3763356
351967
2853218
3499983
2974080
7906480
5284406
1805176
7657116
2268603
5438362
2773405
3339977
2070322
1174703
8065278
6306639
2578663
677692
2341675
1410483
8332894
8289850
7950108
873475
4895984
4394212
6956488
8297924
5611447
2709943
208170
5326295
2261459
314357
1014120
31224
1396061
2579728
2889680
1969113
968580
2560182
7311829
1818467
277193
2560154
8158118
4243305
447465
6100851
8153325
1401577
5345738
1423175
5515300
3022064
5597075
3753385
6858334
22065
1815593
5980358
1182613
4894055
4625777
6138189
1955033
145273
6298867
6442444
2954964
6835646
2931490
449976
486983
4530599
3654338
4825543
130978
1073469
4653457
3734855
6541918
6331684
7677277
1865647
4084803
7519463
5984877
2002044
3541892
2739235
8186224
2865870
3782337
7854765
3992817
1054928
1694853
5787395
8332903
8304016
2729847
2080713
7963935
1733530
839183
6328287
6122603
5983364
1636712
5403181
1911469
8278557
5772575
1613588
715325
4332514
6000803
2932995
575601
5375767
4001067
2170522
2243727
6511333
1889924
2401896
7756709
5814813
1180757
7821084
4842960
239418
2148989
1802855
569084
3674892
7746428
2265595
407772
5993443
4837669
1093533
6872208
3601998
4929055
8337436
6014605
5366551
861064
498650
7923666
2134141
2133040
2068188
5835723
3533886
2723085
1196597
1358331
1900879
1951769
7682846
5347334
7603574
5845680
270572
2137106
3770806
5504081
5528353
6454844
6898272
1910173
8321878
2624913
3684171
2995167
5579801
5864479
4185909
370064
5500413
2705695
830805
591695
3764949
631935
7925991
22080
8032114
4757471
5613329
7469435
7186962
8160189
6146239
1890547
3009588
2737857
507036
8153733
4289707
3255006
2499364
3390839
1888104
2460589
5901114
839010
7613748
3829453
2976673
5375464
4993762
6699342
1678103
7004809
7737335
2219368
2254653
6448218
2681892
5324477
5613564
2867378
5443265
4093369
47769
2779783
3491455
2938418
985911
2117602
5993713
7230818
6504903
2709905
8289922
3296651
1840102
559783
670888
2781118
2305747
364850
2676168
5754975
647497
121476
814043
2855197
4538871
2560028
672536
7027641
7042771
5737731
865352
6107214
8332912
7836843
4747365
1127338
503914
8157614
7727128
3293986
3476765
3923517
383743
2300231
5706548
7005760
5059157
7037361
8147159
3330177
6875623
2763400
6107232
8049766
4174168
5945397
314935
1331566
6369820
3771007
5893752
4673391
1803269
1581893
3573441
119294
1780324
6017103
7584321
3039205
6699348
5342822
4641486
5108239
1717526
5623928
1170099
8234379
8065020
7007440
3647842
4731489
2160784
6124947
5367217
7110382
7507381
5981246
4574089
1524128
6422513
5205693
5084855
7817462
2100840
3652929
1019683
7816582
1053433
2158179
1946107
7815545
24292
7298669
2320674
6124240
3769232
2358486
7603015
279247
4547235
7520468
3213929
2874264
6875250
8157540
5298192
8064135
158848
5746046
4910780
4763723
2315803
2462389
5686261
864792
5991364
122836
4245227
6709449
7938734
4521041
6415724
7579639
6013279
3363445
78215
8297307
5997615
5941234
4023265
5564023
2037597
6650036
5846548
2926018
5759022
1617080
345344
4171994
836948
7096494
2465397
6902050
8179079
7941296
60586
2242750
7983060
5046924
562499
6011858
8272467
1018714
6758308
1605582
5453875
7920699
4440100
2586121
2930774
6463576
8231326
8180595
2835680
7608723
7793029
8032882
6581960
5209178
393573
513116
2716896
6025084
7017309
2378826
4373872
1192262
6144773
2227962
5824578
2769513
2645420
2884203
6148002
6378406
7543088
5572996
5353602
2395592
7849457
3870944
4025260
7394318
1862499
8029326
530479
584759
5019589
741547
5790404
4304686
7602369
72955
1086629
327225
2460670
7562009
1027275
5987005
8283761
7508286
8066893
1915390
5376341
7555468
5036666
8028400
824308
446247
2235094
1411642
401738
6305164
5357398
6791078
8157713
621321
7661534
2538071
2757911
3357950
1442862
4690160
7143911
7930422
6625418
3319496
3470700
2963969
6418729
1907331
2237304
1838151
6089859
3601593
1961540
293862
6023912
6338740
4935047
2753087
1590
3681388
4938803
2074210
461401
2226514
6093978
2134153
8138420
3313721
7909441
5484486
6337745
2829910
3501614
6926173
2577232
1049357
2037878
4516393
5794041
621577
225959
8080810
8029251
6604407
7676313
1012223
7754571
7277924
7951083
8125066
6343242
1626330
7624335
3929077
5967327
840686
2578355
2019776
7666534
7870150
3810923
2876927
7233726
2413161
1864527
6063449
3690391
292026
6063847
55212
3163736
876260
8147156
2999784
4760532
127771
5329139
1090082
8168444
3234831
6575123
2560700
8134043
3337236
560756
5547619
1338667
5755125
7659455
79837
6743
2813152
3087182
5342990
5882863
3687638
6707746
2999889
4302782
5460130
753858
4529249
8013813
2239099
4763522
3576474
7016073
3226094
1455523
2252788
5367548
204848
3263741
8022297
2672125
7761819
6168572
4632783
4262122
3345691
5452616
7706689
6415296
7013019
367552
2870261
277196
3446704
2279083
4838739
371221
447447
119342
478249
5791494
3601788
5526999
6992775
5348021
241830
334871
3769597
822597
1941519
1671749
3736480
5675860
2572905
1733773
6803162
5945649
3434709
2776712
7006300
7745649
4518139
2052834
4035497
3829
2206297
2554112
5799769
3158538
2431327
3377282
2902081
784972
3698142
2738762
4829167
3107892
2064963
8190446
6675139
5586327
978122
1983724
358440
7691868
314402
5342768
1895095
1159698
3655591
7953788
2035772
6786331
5893761
4525015
1726936
468054
5868082
3325047
2101790
56639
917113
3009182
5690708
527836
5395286
2228596
5405504
6774401
7676602
5596069
2017197
2763691
7606824
6511243
374566
7587672
6299844
6528156
3491629
5945601
25123
1857736
2823015
4421112
4152301
6835388
2885572
2060954
4148576
7972818
29848
7585392
7502425
4380865
4939052
2370586
8010311
5646792
7534182
4502425
4332898
2286055
407845
7673392
464538
993737
2082872
6338835
7651980
5744766
2760696
314435
1906842
4171444
2432996
1751110
8307611
2703472
1238194
6314731
4970045
5750213
6564447
6142758
273837
275383
418981
6613167
335407
1925216
5895691
4788344
3749367
7673611
3226052
5901075
5872192
2235301
962990
106403
4931858
5056245
1192478
3517933
1434122
4237758
5376032
8199909
8281539
4413404
7900511
1169851
3370990
672838
6646305
2153875
6655903
525603
7191354
2227784
8089616
6128344
6003181
2648213
1594938
5873958
5321757
5605269
1410010
3432118
34170
2671073
6050685
2023428
7700955
2161132
5839374
5050870
6503123
7988923
588248
8041918
5426596
3296225
5349814
4911784
171539
1308829
7510824
8022345
1859694
5385353
4140608
1883921
5526086
564325
2577184
966471
47181
4625912
7903610
353901
2031305
6082545
3584228
2120
6125710
3029299
544259
786942
6616481
123079
4661669
1362175
117631
1984707
4505884
5392533
6706117
4116085
1881435
1070410
5859087
3428819
3226307
7517744
5486864
2964323
549463
2213690
1973200
8066307
2495220
4148429
7700126
2204711
5803047
3960786
11389
5309783
467958
7769352
268263
5714019
8098952
7853504
921527
7625526
6787961
1312072
2254764
5300459
200694
5834346
2109279
673719
7908745
2017061
4046474
5971953
401332
72676
1951751
5880043
6060817
2122714
2475170
1691081
5483882
5772048
5719020
2065005
500031
2263818
2903973
7521979
6025464
5026182
5374514
1397901
2973981
4264990
6211032
3256871
7614513
5096755
281204
3689914
4079497
4909447
5877285
8125201
4303785
1279691
314522
167941
6692855
7502203
5620404
4124879
2931613
6368695
480332
4545551
7896758
8002802
7953440
69442
3509780
7647999
6024880
5371005
7178816
4924551
1362353
2139142
451374
4978474
7804245
6606320
6247247
2943795
615916
8098441
4595288
2758939
6256543
7666265
280931
2987201
2778428
3659432
31137
3575439
4983880
3761785
3009660
4374276
23951
3009256
254182
5410464
1027118
3113093
334695
8079951
244584
4795306
3191683
6610278
5304268
133190
5461792
6214622
7970782
7666783
7853492
245451
2985513
6412524
6886014
618415
2625317
393972
1412538
7737806
5919507
7864522
750615
192724
2222230
1363462
2137133
7648005
7650969
7104742
7768434
7231574
2801636
3297473
2633249
1934059
479229
433200
7553625
1092732
7582226
2737672
7144077
7720873
1924194
7578202
8134813
173839
1939076
909517
8016806
7092360
7940003
6378217
2863740
8190244
55152
7849568
4598362
46728
1923174
842854
5725446
3332061
3505807
2186433
7534438
8116646
5735255
5387464
929737
7872359
5116292
6615459
6258880
5994145
1691998
279337
42833
7578001
5897382
3848729
5962023
3177011
5800515
7662571
18326
3167167
4347104
7508741
3818761
854305
5833019
1812793
7624188
4838124
4808488
3825661
2766588
7691148
1687228
36490
6333158
2304356
1573493
7207114
2362861
8161944
5314206
4542675
6152759
3539893
7540920
2120600
4640322
5356987
4688873
2827913
1887771
6508408
6511021
5351463
5496689
132440
68573
7938501
5349122
4548287
7757942
3386615
275749
6027227
3130992
63377
1309108
885930
2402921
599355
2612701
128959
1899986
5046656
3766465
1964563
3098653
2669618
4931834
1458071
2933228
566611
1964467
5893764
5790608
1743274
187734
1474464
68543
3298705
6816317
1949441
6217090
2264814
2583259
4140605
6594908
1179797
6664404
4463582
6441938
408379
47778
7959844
3760791
7763703
5345720
112072
6013516
3232674
3125536
3941472
2301851
119582
2924697
5429411
6315221
748062
3082415
2135876
7849044
7504658
7924665
6357322
5992072
2619515
6800993
3692637
104062
7620616
2753983
6996113
5572780
7691247
6042115
3770941
6892292
22151
3049625
1237748
2434957
74623
7534203
5354226
3714289
5609601
2353
605739
7782826
5443613
253535
7574761
305313
3747835
2238832
7192246
4209363
2148330
7906669
7748131
2273277
2222161
7180840
2065295
5629876
4585416
7583101
381996
7899467
438620
7410254
7857015
5936913
5443946
2903413
5787020
3252692
1291106
1004727
6548832
1934062
18419
821449
133871
1088148
1297113
7938405
6657147
2943024
5046834
6896776
2862641
7819641
854308
7005364
6181474
5404532
8333272
4532132
409372
8229703
5566235
2625661
7290353
3735346
7516898
2273420
7860736
140868
2509765
7141793
2093916
4558329
5325962
7511799
3232551
5454967
6672466
2650787
5855472
4158196
1705263
7639525
156471
6118059
3058843
4550401
5505128
1631699
5382022
3865165
6951240
2237268
605160
7075723
2126320
4154926
2126542
3235811
5714438
3590370
6614706
5777637
2052097
5889909
4332412
6614287
3112
6500816
1908876
2669695
3688448
4295593
6675785
2488674
7437571
7730938
2752109
4262735
275533
1977362
5554151
2330235
5394134
4554245
7026099
6195690
1070207
4660744
4905979
2759712
6510958
7023967
353976
7437046
3362956
4617301
5013931
4603382
4541126
8068639
5338242
1275340
2115490
1968452
6273067
599922
2232628
1971631
2929122
7540371
5983887
163770
925223
6859268
2903865
3769106
2977366
4334239
5470122
2446929
8202273
1915009
324987
2217431
4536677
7344595
3892096
1728923
593741
8187312
5410121
2240407
2239432
7939622
5991748
3225957
6512368
3448159
4551984
865307
1478599
8033416
7022959
7746491
7011292
5618124
5804825
6783652
3687710
4174805
7981823
5798355
8163315
3277577
6061556
2314253
7587246
7569876
8199993
5725220
7604799
8191851
4332130
6336313
5540436
7976652
4399299
5322736
8013403
6333716
8014571
3688391
2001001
1854235
4519111
3229954
7237833
2338313
6030224
4704489
1583711
1764038
3463218
6604572
4125802
2456253
5301160
5848248
274098
7204591
3432500
2765741
760641
5354914
3370297
2315125
4025397
8197216
2213981
3335141
5909618
2365342
1284603
2931137
6425464
7613709
2252125
3179640
3565946
863414
5335790
1495794
7632726
6282599
4235042
3046519
3324451
231536
716659
2522445
1899707
5631239
7939616
5353542
877594
6971556
6229113
6278223
2327981
8030407
850391
3190351
4929463
7181481
5364884
6219873
5948702
56615
353814
374509
6042470
3206243
2936648
1367186
3586642
2640049
8246168
7264531
5957315
143336
2120183
5672196
8332372
2538977
3223445
3743335
702333
269532
2256499
2438083
446898
1495605
2010681
7636202
2670380
2387826
5768939
7088053
398469
6657132
6060381
6876507
7021218
1319884
4331740
2662208
3814888
4276291
8134055
1733925
3763143
3581318
3953963
8008750
8055216
6856564
4553624
5161823
3760971
5868416
3064623
24668
4021366
2173814
2763116
6113249
1255414
464239
2274223
45789
302271
4267610
614185
7728023
7688885
6305215
5789424
7689589
7676868
402818
3036374
196881
2766480
6301088
4164358
3907722
1882742
6786907
8081846
7419919
4541722
6043862
2036112
3985680
5351217
8262783
7229576
2036872
7287634
6545170
5402063
1492115
5350323
7519025
3235104
7573955
163071
7523976
1344831
5941534
2338082
7599500
3051016
7507402
2238431
813842
2920981
2218933
5534547
3240216
5584982
1808479
5661327
5429100
1842144
972146
1909491
2538483
8328487
1976925
1969233
6921934
4002225
1372645
3082564
141204
379458
3610595
2777671
2020634
873730
196695
2651037
5310541
797249
5047211
5980994
7171544
1053442
5332508
7093770
5545619
5875304
1421829
5772584
1224172
6119103
775949
2410223
2766883
7380390
6011726
5506641
640877
2712166
7614978
1703733
1804187
2876812
7474922
293919
1779158
1636681
7533832
229812
3487267
1874345
5509542
4126513
3629797
4297383
5443709
7469816
79633
5503290
3799032
6417322
2128370
5388844
5046861
6781770
3806890
7625958
7940327
7622281
1944642
6441432
7605495
7838609
5417918
3438381
7730995
1966061
3674577
2539752
7083043
2129120
855093
7016174
548232
4502133
4038108
5363387
6338069
6100527
1733560
4538231
30046
7234881
1664463
6497077
6453806
3744735
7603669
955216
6452016
617611
2835529
2238065
2264193
8041602
6456128
546360
860788
3339986
5446842
2226840
7009243
2986759
6198982
5675344
1062295
7758749
8002913
5984712
1016732
5434674
7831452
5350788
5990233
39251
5417208
1579945
1581319
7235894
4531700
5463278
3941616
4562519
2693905
232609
5756115
3978393
1580374
2642744
7556333
6195033
6156898
702586
1029284
2778722
2226909
7916810
8010342
1402313
2257663
7603741
8193042
7502068
2029091
1976919
7025353
6111920
51765
4892802
3687247
3362959
6551163
1227148
5388251
205364
3240492
3620989
7872829
6107217
5522113
97555
5118745
8166469
2135392
1833255
6014140
1547356
6397135
6687128
832142
2567740
5424069
3317537
3549626
2701401
2213288
5945583
7948097
4465460
1113972
428331
6936673
3758105
1015191
1967041
107971
5147108
6706027
7607270
7039305
7907492
8305672
5081157
889621
2626245
5959738
5471057
672305
7539818
4080252
2241467
24569
5962683
8295337
2937353
4587136
6032895
2684133
3850948
7083536
6802650
3810471
3506877
3865570
6334312
1943207
5309884
3434902
1609825
6528066
2105676
5659342
306717
5701957
990996
6178651
5348735
1416454
3873807
3748273
5864899
3041464
3665675
5859243
5861712
103786
891526
2978792
6721725
7745277
1924434
5348180
7386125
392553
7829088
5553957
750265
2699411
7317095
1028586
7088544
7588101
8133396
2101398
885703
1107662
1631702
5569273
1428144
166912
30679
122926
1506456
187537
6294742
8332579
6736110
7341252
7553457
6893719
7658165
7478750
2580068
1936699
5375509
7985433
7673383
4513128
7019494
3818773
7403302
5962602
4477958
4519824
516110
2255327
511053
2976643
26028
2083980
6054875
7648008
639894
2209459
7865902
3672054
1052054
954721
3683814
235395
6455238
1245549
1338838
5406285
814469
3190186
6695502
3725325
3761669
650439
5994130
1889891
7284922
4542729
7738295
8257294
5734448
1974741
6368516
5838740
8021520
2446688
3166145
6789217
5737107
5251488
2821844
3265399
1941968
7881132
7746809
7274286
6464974
5543801
7746407
2948804
5504693
2138067
1363294
7701453
1914316
3371549
5427288
3735168
1979535
4241983
6656296
6012470
6488457
2526063
879889
5356023
7676343
5393364
4714933
7781741
4448655
1028250
8075766
7647993
2175947
5828665
4349488
6791815
7642812
190615
1632432
3593497
2577598
8099637
6009952
7552039
3000917
4661335
638959
6345302
1905164
1896137
2314058
7004527
5600834
5484181
4194204
2576265
7011340
143465
5310415
5323886
2277738
1850062
5428635
5651384
2560320
7231583
7425370
5959252
6449803
6496816
6431214
6011876
6330252
46605
3234696
7677283
3287142
3229462
5346653
7568810
6613024
3324809
6307337
3691021
6342292
4352357
3662688
6699246
2085875
1186000
5365178
2933720
48354
6567230
6688234
1878970
5580340
1869574
2261227
7641728
5404433
7505254
5950722
5744970
924019
998701
1142676
5404490
1335679
5563738
6437879
1669334
2064427
6882699
4915473
460698
4840974
1938719
3783638
7844968
7503538
6012143
858834
6929652
2853680
2244174
960147
1971966
55589
6786136
324147
493560
2244189
8255922
1899614
7142868
4597165
3750956
5553497
6425371
2019785
1918892
6170538
3687590
2240230
1329783
151600
7581232
2331152
451853
711532
5987731
3479316
8160918
8022659
4110262
1098732
7742961
393981
1398018
5792235
6120452
2215492
7799039
7750788
830988
7910417
3010134
5806799
8051348
8089373
6722867
2169492
5990008
8065434
6660481
3383176
2236413
5330942
5755792
2322052
2580983
7353713
6202354
895026
7940168
5328830
7464165
5422206
3777310
2127451
2222924
5381980
6148487
7567112
4339827
1952217
6581856
7761445
4881924
221653
7512337
1923357
7677301
4035503
3653714
562745
7789060
31155
7022821
1223308
3689101
6530251
8163507
3819037
890142
2160583
1864332
4088175
5598488
253439
7721683
673509
3725328
1163525
6747126
1596124
2136857
372201
8055309
3876159
5650391
5911099
7628077
822953
38671
2193654
5742108
834069
2775962
7265805
4930194
650917
2765552
7561707
7738586
3109016
7809071
6219660
6128760
7596111
7505545
7824840
1733623
7904379
8289745
5804537
3877895
7697656
7692498
736978
1885901
7689730
331303
7984308
5937637
7695877
8288005
7940006
6708193
3545084
1242114
102783
3532052
5629239
7707719
6147036
3951279
7046249
2249317
7954704
3738649
83073
1587924
8114084
5804519
647210
5417259
7803798
401419
3617988
1924743
6511603
4141815
2567850
2426846
1863543
2865799
2206184
5343227
3690688
414039
351532
3012825
2168176
8013854
6385054
1920804
7530595
98073
2769158
2689468
3244327
3490065
5324378
2179174
270318
2120889
5612565
2365363
5311192
3687518
7284344
4964789
2258949
1881986
2173164
766980
7621585
822288
1965096
4148762
6001891
7537794
3956119
7620991
2896800
506264
8097605
1806309
2658273
834273
5910282
8026213
7584291
6915681
2455407
7006129
2184795
1767014
348703
5355736
152651
6546885
3757946
8160417
3047604
9525
5453096
1467049
3601509
3681562
6733708
6687911
1420590
7576216
5343194
4596742
3688424
2026596
315292
7689778
6358136
7048199
2902660
5487926
6060597
5598233
5765619
5094307
174389
1939535
5993218
7504907
3688427
3684693
2233677
4577311
7486048
7655058
3749932
5405259
5907124
5937371
941572
5618121
1289339
7940255
7576243
5672921
606546
2195154
2495596
7513053
562916
326435
60666
1660740
1976724
3125554
5411037
635165
366398
5997231
5548854
1955197
41516
5857507
7647990
5504714
5381447
606621
1308502
5348921
7222962
5438620
5503832
2711834
1904588
2526227
3297365
8289667
8012138
5709345
5388479
3237700
7002949
6320626
5958461
2035439
1969023
5835171
303646
1331865
5929929
2455656
1922186
6657585
2621766
1912930
8062041
2035562
8179853
7647987
562460
3419125
5372182
6731193
2083258
7481286
7344868
197353
1974438
8028538
1078438
5987269
6179947
4561251
1894990
773680
1142799
5422737
263256
2675809
7495677
1675434
7793458
7750919
2332096
990930
6791102
6869435
5464063
597011
2804160
302501
882926
8076415
6868785
3300924
6032019
2782653
4478048
3156715
5607092
8225368
2402640
2677117
6525541
7891397
6037925
3595102
7478443
5655044
7340807
2471698
6792176
8046285
830598
4616852
2022488
2273624
1979853
7156654
77316
768440
1936288
5989319
1263133
2096805
428865
874330
4003723
1859247
5511837
2475206
3435680
798466
2159765
6032462
8235338
133778
2505363
2175332
6023107
2355633
2073441
2950902
7060437
4148474
1298959
5997612
2328895
6989545
6201227
241341
5469243
1079432
3746583
168299
6857382
6763789
2277807
6348844
2016991
1677446
434376
7920007
2605163
1222900
8009204
2286683
3758470
2220904
253457
4529141
4333855
1387665
3689875
116259
5322259
4662864
5458876
3507301
6063979
2399298
1201935
7656958
5779240
334907
4829159
6929370
5404307
8280294
7907480
5628379
3414435
6944553
2837866
7613187
8165280
2347257
6228485
6803881
4315720
4163761
8057132
409507
5511306
3106465
6511966
4334089
2700968
3709806
7561398
4268665
2133656
6113999
2217919
5464550
285297
286878
6561422
8332069
6838807
6338334
506255
6577989
5818423
382175
6259213
2110380
173845
5660625
4540256
180067
5983442
2126113
8175864
1613822
7643424
3669053
690906
7650231
7879270
7578982
167056
3900608
7502968
1038045
5959469
3699210
7235807
2390671
3346515
1987095
494160
7745130
3560147
7925982
7720325
5713319
5309222
1702889
170482
5672774
5596063
4756286
33517
7570065
2928834
6669404
203340
7760843
3391782
4527235
3587683
3183439
5518224
788542
6358438
583600
4059944
482
2148902
7677271
7710731
7745706
7696176
5893755
513092
2174234
4351432
4005297
5620407
7050494
3665702
8177618
221683
194739
6265697
7914170
4534264
2542737
7726242
5804071
3438692
1343881
6049752
5801434
5719355
3888971
7541106
8162460
7954989
5386274
6526730
2230441
8232428
2266792
6898458
7738646
6535747
257600
41878
7511085
7638830
8012180
8264878
1973517
2926476
623622
6585944
5443301
2190271
5096933
5335640
3742567
7042930
1830399
1495199
2880839
6341192
1992807
489140
1415041
8108111
5245941
4542666
7060407
5655086
3221683
549177
1258026
1228900
2066907
1650848
8031115
197632
614173
3571171
7625283
955174
4553474
8116371
2056475
5661483
249404
1945980
415219
6680889
8055899
1946881
2577427
6218326
4825501
7520249
1912644
6331893
7586554
2313725
2885578
3614241
570881
302534
3745297
4529784
3689887
6778919
7003384
5880949
2783761
2332392
808593
1950973
2333194
6177323
79708
5502930
884045
7025245
4576261
6199204
6312436
6502222
2820476
6697058
8002799
5801105
6255652
4035725
2953598
7745436
4331280
7480292
3066103
1889052
334692
2581753
4436463
311191
8010188
5984589
81374
5046629
5933331
201056
1317376
100279
5772557
7705310
1727531
1766035
5507798
2313899
5790138
149333
6784105
1595963
5326352
3745300
8254897
2649123
1428296
6251508
7604109
7779321
6889850
1832349
8207753
4266688
6680898
6902741
7860958
169746
8238481
7648623
5386659
5046789
7924344
7760879
2381469
5965838
7737941
7796183
2926375
7751980
2037185
367030
2313617
2536417
6061952
4979121
6151531
5998290
2224204
6452580
3654086
3983070
5830633
4538243
1399319
2249518
3971354
1023324
2530334
2679406
7713684
6713532
4466307
6252527
2902642
7407836
8242405
1776109
2689984
6417582
5877402
2299171
2384041
8309182
7223883
6511822
438584
2894750
7387366
5777346
6422371
8190034
5046876
5443349
7861885
5687128
967492
2435050
875508
1029943
7640736
7017870
6302642
3254718
5678996
4200431
1561416
4022728
3746714
4841902
1174381
8323190
6396950
235004
843017
2486905
5989933
381510
1489285
6401054
6421387
2710285
3456499
8090047
365533
5406210
1041588
6877199
269211
1576068
5362993
1345836
2887124
5597726
6487311
3189075
3690259
4448676
5989444
5537522
3058813
827333
5426767
2472697
1691087
2258838
5671010
8055057
6386183
2931428
4153107
7636411
7940015
8100575
6705727
1269560
1899431
1868303
4140611
1363300
6061985
7282623
6402698
236426
2232808
3687187
6636181
2997395
1082378
6213600
5046804
3344612
2061403
2486626
4213369
8056033
1713840
6101459
5853955
1729366
7586509
6750246
3672295
174808
6472105
5470586
7938623
31143
5471087
5019607
7821422
7011121
444679
5818486
2999901
7584737
5036950
5980082
201179
6307343
758043
5567609
2252821
2349984
2243202
6835367
7561692
2694653
3287034
2870572
3277451
4951132
5830600
5489447
5404424
954394
1943225
2314891
2719151
3952528
780282
3927987
2835873
690122
2757476
2866626
3242950
5993002
462072
4960811
1315960
2738666
4162964
646191
7187695
6550000
4340810
7761685
6568312
2628761
1627833
6705889
549571
1196840
3740113
7647996
576895
753242
6237365
4400001
1649877
1696766
5327468
2992834
6409774
1178923
6562724
3066456
5986090
6478405
5415911
8028319
3071761
7003405
435509
5694460
6766730
3215829
3689095
2252062
7757993
1144761
7819224
7006135
5497585
5046678
7274634
737326
7152148
7681641
7492730
7026310
4292630
3433263
2297852
5811798
3970709
972366
4527044
1421415
7042571
1869562
768875
27496
1196133
6487386
5078756
618999
2663643
7186622
4966700
7959847
5968704
7588760
3111322
7296934
991509
3960045
7645272
4315714
7429177
6373544
1029826
2184651
2602428
107710
5327264
795898
1018678
764584
6954846
5766968
3871651
2335718
4639222
816055
6220499
115181
804727
1125121
698382
2240508
7391661
1939559
6030110
1071749
355006
7111723
1801687
1237586
6951261
1563480
1678409
3573639
2229192
2121030
8289640
2996095
3005662
1110408
317712
2233617
1076502
6938687
5542426
7025604
1965414
2487044
103948
365345
6213036
2926169
3410968
7540725
4939362
4243971
7938725
1993146
4840831
6618653
2046348
6685582
1990277
4063387
7671892
3047989
8193397
3827546
27885
7075382
8172373
5333057
5737989
7469645
5084936
1432206
2235292
5349817
2898517
4191869
2226730
176868
7610514
7486001
667941
8006861
5325563
2065409
3601791
6685499
7685402
7201180
3658251
292995
3741878
6569937
5388299
1068634
4609588
1242102
5445278
4202493
4934730
1868033
2820997
1316691
6290599
8132387
3823850
1071307
5375183
1740477
680796
6211863
6785223
7587906
7741858
200793
2019540
7947152
1956181
39104
3992797
5985955
623918
159157
5894286
5311619
4424483
475047
2795219
8297351
2768356
133136
5348996
397773
1964738
3688247
130231
2225783
5418212
2230977
3733987
3811141
1935331
7562257
3363295
473145
3673596
6107187
1063162
6124058
7746173
7587582
3603632
2060606
5655441
4396194
5555131
5488127
280646
7630408
203939
7989127
8306150
8235968
7516003
65621
6939464
253112
2002168
2261444
88484
7853501
5983373
857282
7541451
1742742
4028935
6854479
445137
305322
1315954
2169986
2955330
7986105
1934221
367827
136378
7885080
5980346
223433
6224562
18443
2887191
4551202
2082022
1734305
5801
2137304
2993682
6273340
1945869
4272152
2709221
1567063
4788137
660341
7437574
2580009
5791562
7504459
333388
6307652
2773169
2270648
1559530
6854446
7113727
69415
501236
7279402
3446471
6615059
1992306
7677292
5972411
1528201
42750
5374931
3572808
6443366
7950723
5983662
1976638
105936
3942364
4517148
6775381
3775650
5771368
195024
329045
8189392
8314271
7783513
8055453
8001015
282423
1830366
1907435
5915338
4148307
3246335
2156837
3056351
290987
2777683
5082163
4007488
6118749
425365
7920285
5046801
3669080
813387
333233
282420
3293078
3689347
7015842
5768471
1605339
3641888
7985019
8333140
1875837
513122
513125
7012989
1901898
1958504
3076642
3610204
656031
4145536
6240006
6088425
6005667
7797026
4524484
4253346
7598173
4400348
741057
6507550
3389231
7713194
3768965
6120161
7182737
2930201
2974269
5657280
3017540
6877433
842329
7053605
2703660
614874
8208533
6526280
280919
7758892
5438966
1334619
3541680
3634116
5355436
2315848
2849044
4172221
7938788
635189
6775198
7473665
2315953
2260874
5623113
5910342
484396
3753530
5425175
118925
413172
7765582
2229952
6877880
7485477
6307346
2619509
614871
646749
800545
6708169
1062639
5326670
7512056
7816759
109395
5673692
2022479
1037787
2240550
314992
1309309
4020683
5674882
1039257
6305661
5363636
3490920
2324936
5984355
764259
5406585
5312223
6335382
7514013
2016733
5914478
6677988
1727814
7505671
7688685
5910177
1964165
121043
1489303
1975274
331645
3236094
2249685
2056305
4172149
7557016
3751010
3462746
2579768
5273308
5745581
7697249
7703323
306714
5422280
2287029
3750555
4623456
8147785
5864056
1745561
2444187
7017717
1733877
2063363
3093372
2240865
4674459
1079624
7358058
7625610
4065953
6355912
1583462
7886079
7599683
2073566
2244285
137578
7644090
2933574
5805254
8170282
8095808
4265577
515870
2869456
1735328
3298639
7317743
5314814
645067
6201307
5868223
4149012
5941228
4429058
703292
731904
6992361
1285563
1514826
4433374
6049641
6767750
4585425
1185841
7865218
7939601
738087
2558518
5629652
1657580
1089016
3690103
1224867
1936702
5362762
7211363
2976721
1985298
619652
5464000
4319989
4559141
1993764
2044596
576383
2599483
2284281
1927379
1594926
6368603
1926997
5733980
7907051
6107220
2597742
451443
7853486
1866650
3913616
2365263
2669645
660899
7016207
558797
4722085
3322348
1236642
3566066
614293
5981120
6182200
6155111
5459857
1905584
5770960
5485699
3342053
5979650
1346696
534916
6962929
6645726
4316278
2044563
7235804
8264498
2134556
692191
5126366
2475014
435735
230190
4932294
33155
1985843
7183149
931915
3448617
1998836
3761672
2466385
5108352
5046602
7411805
6519609
4852651
2258460
1056271
1840201
3467107
104176
5419139
8300302
82570
8081888
5325413
1985690
7754768
7284341
541687
3820032
8069914
8274085
6929320
1873117
7313463
4823183
2277981
303092
3098800
464056
132575
3486674
880818
6023328
8193553
4399015
2627707
647117
7172374
3598630
4142773
7436801
5054052
4602071
2824139
5864131
8326158
5799470
2538459
3054697
956642
7920300
352869
8173865
1349751
5136261
2887290
657029
2256102
5673725
7661273
6905424
5431673
559417
1427408
2772323
4547226
365246
5036902
3938796
193126
4817890
8133516
6423619
4164958
197779
5424018
5726929
6888037
3264392
7729474
6119532
8014490
8196838
3675051
3745364
7728271
5793543
5893435
8090095
2257333
6061484
1806764
8059099
7005292
4314841
7925706
146153
71379
3687866
1173537
7723095
8066456
4003678
3674865
141928
6652894
2859296
7986768
2934122
8324297
2218963
4532975
3534059
1343875
45948
4534981
7167692
3573861
4544571
5753935
6970777
7015150
667677
7907502
1029937
6244133
5727850
7122524
2051134
1430758
37778
268746
5055362
4036190
1830253
473460
1863936
8201817
5149379
5451013
2577535
6891023
4531406
1155688
7614420
2711160
51042
886523
2005219
7502881
7171846
33616
4417084
5473934
6901239
3270147
5417615
2727978
3767333
1232140
6456778
7917761
7025341
6169399
3663885
7648914
5422743
2880457
2792500
7524480
1734128
2779486
247976
6705862
7140779
348074
4583953
5434770
7288302
2019890
4296323
6936479
1626622
5364509
6000678
6290917
7560766
7505192
5993248
2024799
4051772
2088296
8212212
7523166
8207705
2525536
2997401
2020077
235175
1999621
2343994
1099135
7745754
3364257
1107845
79684
7094110
2434251
5341774
2393672
3192694
2999865
4133238
2626622
5438548
4543806
2041534
2557726
2625134
5366518
5959631
1235925
7880933
7673632
6838053
7746092
8051176
5585012
6347063
1074166
7622272
8162799
1504552
7673140
3000929
5324753
5423994
7873991
5443493
3602100
6546764
1931452
280027
4523887
1113531
6124061
645172
3388141
3704551
4552452
2974365
2111235
494704
5032629
6722804
6657443
672392
553117
5594973
4602011
42232
6073868
5314458
4157334
2339844
7978381
1118928
5793462
8236779
5945763
7096671
7791927
3223757
3226403
140967
6395695
2308090
7902551
6664131
6486737
7869844
4980921
560996
2925937
3403188
5868419
7561029
7853615
6848042
4315425
3387779
1922516
1371451
5461912
5483393
4462373
3240324
6529287
5505263
673308
6292279
3221839
2073554
8067039
5673119
7282976
2902075
5997507
489209
7894269
3441681
119051
8293805
5286836
7611831
2223322
2579564
2021096
3298726
447468
676338
7539629
2165265
741544
3044068
1825547
7008597
5022592
5993722
1765993
5771219
149706
3726493
4553261
415023
3370390
5791356
5523150
696133
7915029
7670827
2117686
2577574
5404172
5685581
7578223
7726687
5856810
6510739
3576791
5424015
5868935
1964765
4412034
5404385
7007299
5868929
7543493
5561038
7938644
5613245
3610598
7707067
8297430
7015875
190483
7540302
7707816
297001
7838459
5612027
4538264
3461546
59268
1154415
3451696
2577361
6542872
5611938
5354469
4242559
1901682
7626686
2737199
2882141
988764
1670569
3345432
3423802
7216497
2715074
1865698
6013300
3799484
3281819
3280484
3501125
7563021
5703306
6538062
3384642
335413
2901749
7531096
26804
8165361
3972187
2773043
5984079
5046960
3499313
2584392
559597
1657187
732430
3192718
8288573
2101972
8032402
2266881
168891
2228526
154680
541726
6752703
5424042
3024429
8176179
8012174
6492997
3235442
4386635
7632783
2048448
1894627
513386
8242447
2547235
7985
4544487
3759650
2758699
2237693
7504216
7027398
7600561
3064745
6733585
7009911
6512320
7398971
7617208
6542156
2710962
7986108
2766187
1904990
6237119
5339027
1902497
2497722
2138808
5944383
2226044
674360
2904294
873472
2433344
2117968
211947
647189
1044716
266410
1986263
7746719
6281443
6216961
6040381
980428
2468352
6251236
8032804
1953583
2933392
4235799
2067816
3690454
5502795
1966148
4264603
8317616
2900625
1039401
2104903
2577559
744479
2102917
5357662
5736045
6511351
3762347
3607777
5377136
1127287
1904759
2227197
2271800
2061361
821971
6363789
8271063
4544634
2464627
386
2760339
6718241
5429480
1123354
6464280
8214352
7540590
605421
3936063
5992054
6472513
7999314
2783927
3303813
5968992
2377405
8161092
2476426
5834286
3497989
177984
1924320
5036789
8128086
7545233
4254105
7107105
1596669
866481
3689593
3436979
8113982
6549697
2781710
1965854
8264309
7524114
2238940
7728451
1173993
139635
1620675
3741556
7804296
2011856
2127199
1702340
6549274
99727
7737809
1988777
5416115
623711
3753376
7024936
1983988
4547816
1930388
1889557
1549470
4997642
5399814
6854470
7564555
5352042
6917849
4537400
5343821
76524
448380
7642815
892647
6013666
7118025
6251233
7617723
6027355
7939619
2625266
571013
4628273
6030113
5620410
6683306
2362588
6202759
2770425
24656
374709
6501245
2150493
4519618
6346185
260988
4663271
5909957
646961
2431713
4734872
820614
2425690
81311
7531894
924490
2731793
3749569
8165256
2245784
3479549
3345914
2383012
6078406
1601912
8047421
2220278
2577421
7656691
1121938
3384193
3824045
6637196
7815764
2234007
1955314
3472608
1828198
5961697
2602425
6107196
7820811
2292265
4196401
5384421
6774702
1398072
4537235
7013616
2072956
939424
7665360
79375
8053611
1596444
6758997
3194081
3606908
6928859
5345606
26795
6839459
5914346
1097940
1955681
7665415
7642296
2020029
5326790
6226452
7916454
2928411
7518266
3248765
7623483
6368492
7187947
2668894
646779
1670746
5714408
5716677
5564568
5981594
5342996
169997
3213104
2053616
4415138
5325248
289754
5431099
7859132
371635
124394
2626023
6306396
1073318
7868582
5384897
2002601
5945391
5741661
5046419
3675705
4448586
2750216
4534609
7178956
5765447
2180185
2162974
5817835
7613553
2194944
6449362
1813307
5788483
1952409
7523931
2937137
2244093
287699
7014734
6012959
7503118
4009350
7822925
5374395
6050313
7582630
2938732
4496100
1952965
401878
4530192
400387
7512200
1913767
3168079
114575
1754179
2777812
5047151
623571
6542998
8075602
6650994
7557397
480994
6881006
1924182
4271015
3857987
4439428
3840279
6899076
4651869
6041558
6791224
2430160
4516084
2883021
6505047
3588633
2697887
5985448
3421044
6995422
30567
5480077
2097747
2055815
2996022
5451914
5347331
5706551
7539668
4579160
4815016
1152333
1976931
5312020
2303856
1192190
6859754
1149982
8195392
2067142
5307615
2052259
5360478
4156097
1044045
3192136
3287719
2677311
5384804
7254053
1899800
5452628
2886124
191820
79669
828731
1962005
4875306
4145270
491516
2076043
5309345
402782
88267
6936593
1552344
6857824
3345706
2021710
1887951
7767789
7993369
5312748
6034498
445620
7620613
7846480
1993886
6512332
7369652
5838415
4524313
5424207
2581604
7670507
1343937
6511936
1697512
2621530
1968341
5325410
5339165
200901
189945
8317499
2068185
1640447
7735449
6048437
5415992
4055887
5907642
4496642
5527219
6410883
7677274
5916995
76320
2105673
2950101
5076110
1887990
7743842
5714632
5561869
516233
2732329
5422331
7346765
1942589
1895433
5424003
97420
6197800
5109736
7655034
1567057
2780965
647360
7599417
2319752
6701162
5608372
5893749
7469489
6556979
3767214
5442467
4435064
5553351
2641376
301323
2606576
7648002
7711224
7578274
5991814
897519
5718439
5071327
400520
2868802
165245
5654421
2695387
2647649
1184950
5724021
262080
2576734
3236217
3673393
1242132
3590649
7643232
5837046
6113069
3288818
1051634
6787357
3468492
6115013
6266005
1043304
6290734
5912070
8028463
4648721
3197550
2772767
4521215
5845599
5497733
1901553
6964979
7576415
7861351
8117452
2039307
29765
5807239
5611426
649980
557795
7688798
1448770
999796
278905
4619382
7177194
1966121
7231487
2911847
1950339
1230151
619989
5504765
248426
7403392
6269255
7778586
3737207
7820279
5445155
5396156
4591628
3487051
4432330
3613022
8157522
444284
4529359
2124282
5869335
2769116
7807760
1877641
3433773
2954806
1889406
918939
1142529
4679921
279667
1713107
277551
7677289
1902012
1235961
6064222
3744112
2242093
6017205
3082439
6766745
1477871
1008015
2558509
8158016
2844005
6011194
6956473
967630
6260355
5865257
1478914
3223877
3235367
2340321
679038
7524051
5443916
7569771
4760256
461509
8332819
920448
7776423
3222805
7244914
2823929
5874818
5754684
2072728
819253
2460199
935542
3052815
3672484
6053497
2775109
5121358
2954362
5565830
32467
8257070
3587734
5526805
2645751
445986
1885010
2315122
4848930
4519687
7335719
195398
6206915
6974815
8057135
5122884
1196549
7699337
6512432
334698
6799471
4130699
5958238
6431006
5555110
2766420
8196445
2221555
6113030
3763578
3378627
3937173
4427620
7573826
7737944
2064938
7757169
5660347
1546063
4333036
873724
2649541
7003567
2787100
2315374
6511831
3408419
403514
2674819
3251197
457338
205195
2962329
1420224
6218793
559369
3168346
4151748
353883
24533
209513
2904720
1630571
7535092
8254715
4529255
2760039
7849083
2022398
474897
2350239
4148609
3287163
6203491
4394206
2267415
4919856
822189
4031786
5863699
6014890
5950118
6207529
3446803
2601832
5640409
4172701
1533205
2259621
3753477
7583420
7781549
1724036
578471
3531796
6950529
620764
5329091
7024846
6378397
145207
2701300
2928519
5338781
1179204
770227
2678960
1636724
2307967
3747720
7621582
3120635
7774929
6378247
7496766
6382540
2018677
5046981
8151543
5965131
1648086
5349482
7159355
2301452
7401565
2167008
2782322
5893758
7918608
2902108
5642707
6366821
2064496
5692113
2937302
5777248
7913480
4272603
3263275
2606260
5676400
3458683
1712728
4556351
2962353
2192620
7675519
7640303
326034
1360611
5423553
4327596
5877049
3245705
5574162
5327027
3689020
309258
5808058
5798670
2709639
279979
5387923
830634
1693162
768184
1936438
907381
2701291
6466611
24614
464392
8024330
6612961
5766248
3689344
6419187
560504
25066
5401269
7985856
7934652
8234670
369423
5064529
4875425
7568813
7727978
7650555
7677265
4448574
7687659
741556
610705
5460133
5881891
5801224
4098617
2898331
6155210
2940529
7026081
7758743
2529293
2309023
7761884
5764694
3939910
5509032
5410923
1743560
7084464
7516904
7100018
6934651
901375
3159285
317272
3764967
3749644
4454665
582235
1958854
2629604
6431912
5507522
5794688
934002
7398815
6520780
700298
2576241
5132888
7481423
3927981
2237229
4400132
5413891
4425416
2778479
6086166
7654423
289630
2274181
5602805
1896134
6511729
297407
2673397
6297342
6059941
7821263
4794810
2994563
511035
4304671
1271268
2339490
37946
2863067
1719635
2762327
8252244
5385302
3951137
2594360
1918207
5983890
314794
7513782
6347126
1883636
2016932
26936
3305251
3235850
8306830
6663406
2805152
718108
2198387
55143
891406
5674702
433185
7986087
343206
4598527
124331
7463946
3345709
8033146
817061
8092756
8162604
2386673
8329486
822600
2330044
2118943
1033393
5944137
2938152
8310414
5348897
5402515
543631
2904123
7987924
6060396
689133
7682351
7048036
5481606
76662
6765086
3257404
6409974
2305732
314270
3372714
7013631
6781063
1733452
7614687
805672
3382776
5324654
679608
8306701
2597658
8165214
5389009
8033584
1008841
5832920
6011038
7951213
1434832
4163749
8209176
1098747
8158211
7643247
6179744
40781
4315919
6295857
684911
3782183
3078130
2729850
3768932
5046452
5562963
6528963
2782517
6511252
2114979
10221
8111053
2367310
2999203
92206
4051640
4534156
1328638
6016365
1674088
5363840
5385461
4166822
1733548
3005390
6791524
6935259
5140865
918134
2159146
7648212
1713942
2990342
2003427
7770091
4341068
8134774
2933067
5314673
3745171
7023628
5980343
7692666
1998608
5563978
3675549
8201838
359028
7173774
8031985
6386153
102069
6206374
3284920
4311640
6014608
6935124
6606638
7399992
1871702
5389220
8326254
2241500
7508642
6240536
1950399
2807248
272788
1898742
1776046
2766035
3050746
33212
6096327
1964431
1204036
7261978
6574945
7738691
2675812
393978
1866051
2321739
3316479
4615073
900622
3185253
346251
6926404
7614813
3590070
1936306
7751845
58027
2772404
2221807
4932498
488940
5136258
4541824
3128859
60541
3465475
5507849
7019572
6014725
1773779
6283724
2640132
1734009
5763594
5828224
6238828
3422523
7231046
8081299
6352120
583372
6148140
7011124
5389777
4352459
2073495
429881
8242471
2854034
3705415
1649847
7904567
3394008
3588687
1089180
5354196
7322298
6064419
1901568
5804882
3762768
3224947
8184905
6203647
3752877
3382252
1966163
398019
5412653
5914583
8100644
3754973
4993265
5393334
6014044
6044740
441932
1078435
6358489
5657128
2550016
7553294
4261757
1109124
6000235
6004919
7991491
2136041
3224378
6056288
8109497
1988124
1437117
1692622
5985892
8218572
8261537
3661424
6213298
5743725
5478702
2566578
2902234
1594932
7511019
2583403
2468111
6426076
2974587
3230340
1762739
5856558
7499019
816881
5347154
3102745
1709405
7614531
7013787
7432318
1821845
6533861
4530689
5708251
314342
8011608
2655794
594931
1384604
7690417
6510967
5725470
64514
5112629
7642704
605052
5125539
7622784
278821
7986843
783813
3901214
2565614
6049491
7540194
5648209
1544641
2629204
6512029
2584668
6860828
530506
6343389
3677055
2274070
5332940
7834689
2932377
7722927
5463677
6488252
59127
6906192
2931547
6784096
7776417
2173867
3558595
6405510
5084304
7051914
5241092
6290725
194344
7530541
6072657
5834358
7853612
1399779
2567841
1984045
5824737
5991259
2390881
8024743
3983252
2015126
5855214
7822559
275015
181357
7001298
5452910
7010326
4169906
5473466
828096
611530
145492
7602638
7067484
771099
1072976
3803830
8205148
5317936
3244983
5498216
7029076
749026
1958848
4647118
40961
6137053
7605453
7254647
5423144
1405983
3909626
5804047
2457466
3402921
775802
2913658
8155745
4122209
1578905
1948164
2970923
7006339
7111783
4210471
498365
2365568
8175870
1366509
7738700
5996052
6854842
1193750
7694335
2457033
8105066
2691095
1991378
80341
2014195
2234500
335356
2263830
5958299
6953126
2757075
6749788
375715
4000785
3544192
3018573
1436913
7655178
1064540
1920930
5354190
2859740
2594363
7739243
53552
1873972
706099
2607037
8233941
1993728
2368893
830652
262806
2762891
5443706
7023442
4400558
3297380
5321475
959596
7039837
5635120
5878295
2263791
7646203
8164533
6063079
2243364
490442
8063580
1718933
28720
2768293
2991680
3381185
6851332
6048207
5036103
5904192
260979
6894897
6210442
2929567
3765761
5778313
5804056
5957047
590695
8184788
7891742
