1165131
1370661
391581
227780
239019
1058597
623717
72099
1627267
49027
704339
653163
1090994
5412724
5883701
2147482
1174697
4379457
843152
6859040
1792129
1174778
295501
76893
108081
1113597
946927
1770319
2226346
2020556
278644
921380
762227
431807
77280
935488
344250
327096
5363244
23223
1044316
522242
1316790
1033726
251106
1820408
44400
946861
1211462
6708406
239203
1756414
290789
1136766
77202
546706
1653665
563362
1118153
1276831
524507
33928
2229369
672587
1174847
453623
973366
1175030
786726
276621
1197402
481162
404287
1444254
472252
349928
438068
4424189
2397970
1687903
7864865
308091
662726
452206
33925
753230
274158
2098287
5332721
5548305
847401
1440672
1752509
551362
1531396
6230707
93632
6686056
70384
1815695
809458
102294
662927
3851679
430016
1688953
1531411
926677
24173
1238248
3239860
178856
4149150
398415
247022
293022
524492
211827
7849445
471949
1356584
880674
1536712
1837361
4226700
235545
7135831
831434
4052867
3421524
6736170
611578
796365
291717
319829
64460
3546495
336999
1440636
434679
1073300
176305
406000
23531
292797
2756482
503971
1637837
1965869
1822292
1174654
1015017
404131
672658
998057
1712740
823608
308662
453674
684219
1174949
1402385
3330432
895002
2961029
848514
6279577
611247
7534411
904056
2614145
631884
1223877
478216
1295927
1850800
5453703
59968
1064543
546198
866035
17712
98309
5795617
946855
7506926
4219504
398403
293211
1400543
568413
2162428
823593
960564
3538565
672619
425264
2711032
233063
826948
112654
3994935
77415
6293253
441517
2175674
952881
477649
100831
5320788
1770471
2659254
4218013
292659
1216337
753248
340583
193444
981285
6859037
672820
753159
5883794
868391
308115
819786
1817079
1420680
930316
7853627
1589355
5340668
1637166
5340638
2116102
1351875
5711124
2223049
1604612
800440
1159674
926803
4603879
308704
1595553
533899
5743485
59881
957574
780823
831299
5885672
1772347
749923
1154561
293133
77490
6551890
7783300
524192
503845
1043693
251880
102282
591879
823063
192301
503962
1380009
2254734
1338784
3428509
2530715
23561
243619
1238323
7268969
957548
7184857
7912785
216053
345485
1440717
831455
1044078
551853
44031
155184
753315
1969747
345479
2113515
956011
1474671
926674
1756535
1233024
3561611
365258
7683803
2231532
2254767
2531414
403454
975817
611536
3454332
5743349
292632
941042
1824815
926683
1192760
593762
6534427
524495
472183
1082738
50517
738923
4597462
346161
3367788
98373
1358160
2216193
780874
1166913
1493574
336712
483296
1187719
830697
326982
6859055
870480
109533
482972
745310
5482563
441523
185123
1396958
398421
1789105
243526
471958
133940
5764577
1489596
819876
456896
1429727
238054
1627390
5745779
7091844
471042
3172
136947
528996
325641
337327
672359
330368
633751
1465036
1965866
947041
832280
378388
366749
2147684
2269774
563365
128700
537330
3639488
7148551
772086
3507620
5579815
780808
160115
5056818
5656812
475788
935497
5314383
1688155
1176236
1174642
726788
1453746
6707646
5578061
85205
8045264
494422
726848
1589367
155187
1650254
1637741
498413
477706
463984
710784
1094835
4970387
732547
1438717
4915899
344665
591888
713931
3439670
1050906
954733
6662066
404203
2265481
108117
200464
327078
7037274
3474840
330417
522810
2271761
6994771
6167671
1368658
278473
77547
1175003
1752833
1187746
772119
5917010
7103952
830526
1234817
1078531
327120
326037
2854187
6469015
824635
7101839
295980
370106
399639
2214936
64379
471829
1789108
6420981
5492947
1474632
1333944
6129398
718903
537475
1435663
1723855
378570
503560
6533768
1888552
5480883
5784133
1837364
1192757
1770137
5935227
589726
1015161
471589
524420
1484510
7042768
370115
91947
350234
2147693
77430
114059
1300540
3241
1229635
189600
4723917
5881009
293145
1352535
5658024
6434434
3351599
5061480
558449
378561
406977
131606
454313
330374
2844608
671927
133958
1013647
926851
7648257
133901
7909366
253061
593845
471910
369447
338034
1083755
1140901
780904
5939483
1187752
1058489
587179
926671
2593
910338
524588
354997
3104
1253866
920777
33910
292509
128706
7506929
1576849
826741
1907453
5761027
1421859
990765
1749354
453620
349888
514018
351553
1321223
946726
478210
1107495
3732270
2971044
981273
259717
3104381
957565
1267193
1457548
71496
1418223
1276840
244378
1415977
1780749
635594
1154558
779275
77487
5658407
3434944
1174312
779083
5658419
1412067
6215931
1299580
308347
850595
431324
2587
3112
345779
5942289
1917803
7674631
246761
5761200
23211
1752515
1055075
1757007
921392
1319278
1015089
293061
23190
384079
730921
37260
97923
402260
59878
6398927
246340
106916
1468872
2100387
76956
926988
5377754
33931
5656824
593768
1057123
7718369
946819
626214
799060
524561
6450124
4436134
1262594
64382
79381
831364
230806
324150
425267
592130
995028
2237013
208707
99025
1523212
5419812
239106
5339471
49057
662951
1287827
1368634
1030977
926635
208710
130918
1253817
77394
2810834
96585
661598
890601
537478
177783
292800
344391
522086
906687
382501
86182
926668
1526120
93635
503563
1440630
5710571
1068920
5743491
339670
4054476
3239869
460951
278443
3548718
1541213
344226
102645
2768614
926653
292860
1775188
1749431
76896
84012
1013695
26687
7980046
522269
520898
1815503
7415105
2196779
8285835
77274
77469
986217
77421
524375
926665
1353950
1744608
503917
851090
1138498
2487062
471826
5360726
7603544
1292538
96525
804030
1411591
1411528
1817073
64457
324975
1338721
285491
253052
136908
6204861
452081
102672
1837409
292893
7020393
3163
522278
946834
293052
779388
460957
1212766
2554746
684136
1007922
524426
957622
5884489
136300
582654
1789312
984390
5899506
980248
657533
199070
7042487
926994
1184407
2621911
1068618
1812397
7944898
3142
1685958
920367
2214407
417876
1401319
370118
1495572
6050965
5637979
293112
2242762
448728
1805539
1174850
133985
593813
1955033
1334161
1829385
6575126
505086
623388
1688356
257835
1420677
260166
4476180
5321721
245798
77367
137005
1165850
922598
2164950
5494791
1151349
128694
5548308
471907
1583396
591707
2271281
587239
1402256
399184
459332
599
429977
7602665
533545
4479845
59887
848385
5370813
1474659
1835217
192152
522780
109521
1268101
620611
946984
77630
7102366
206224
1334251
1078831
472240
292953
76878
1137756
122476
338261
1373770
370097
7401437
1817369
580795
1612363
1175132
433176
563368
6095280
384544
476043
177435
23214
591912
229800
1416823
5745770
5743494
183917
7335655
876443
192274
591939
4647361
1482443
563356
77013
3938351
768977
1011084
885435
1184512
277953
980251
246644
169629
126432
1812391
1696406
3311687
214891
33919
926848
98312
33865
718960
1292797
4210791
6893494
547018
524606
22935
1334308
1411510
73184
1278030
4091832
434694
589254
1199309
5421702
457341
980593
955141
5565854
524261
295498
77127
275997
519101
471209
1749357
199043
17102
5407490
1500914
397386
1429530
1271895
780820
64388
4050577
308130
2716878
1259735
2220714
6299762
320418
2205600
926982
438122
5883833
26750
980973
5542591
897528
1616403
5658934
669060
2424120
926704
981330
227750
1383105
524357
1253860
470685
926662
1016010
7615937
973450
475245
453617
471961
77052
6279583
5579837
581013
1174889
231151
7980673
823563
102285
473850
793133
1391330
800353
6825938
77573
1194677
2099956
6748584
1013650
577831
2271236
6890538
7844920
2286960
3217
471322
326031
672826
33922
1184500
178582
472708
740346
1175189
298933
2551249
478426
926734
5960154
4367559
662936
6293250
926659
926707
1351902
5453694
1211035
7506923
160296
1322597
1598874
2389189
293091
2217154
383812
6311956
10024
591909
366752
1044141
800497
5432977
3464974
5907052
1347788
253046
200565
1798162
91555
1175210
1015104
593735
1026636
17598
414580
980299
4424192
5917376
813060
4360748
392116
498410
532748
247007
1358094
2615963
1697149
7242900
84009
1688458
926991
1627573
147171
5332727
8203171
1087283
753153
935494
3954838
551871
691307
1136760
591867
834036
5578342
1090278
102552
984492
1175060
102747
884845
843457
441511
298939
880707
1416820
1174826
1248099
35205
4972527
1618399
1268185
1056307
3101
1684141
293232
2271548
5795164
517024
1664025
1175240
5579821
342272
2240511
346663
142815
732640
49006
2235181
964262
1175159
527466
1520287
879145
471676
591864
354853
17568
926689
26714
1335891
1174955
7210996
471895
1388786
638968
1015140
1829382
292698
1078525
555351
147228
1474181
1211474
830838
926692
721443
6707643
15719
111505
1403016
1548275
7530526
224414
1627249
7345541
800464
206209
339664
563371
4987808
3940075
3443936
591936
1837415
533617
156186
10039
1859781
663104
887603
3279109
1749012
3941906
1470695
6344259
325647
1109768
255905
23205
503929
7226108
260169
33820
1010913
1796029
525002
4450196
7602668
926701
5883713
848538
5274147
3777310
5760738
1128190
163857
1468106
1174823
4257073
1268206
1362416
146336
5852825
591858
2567823
3948455
95842
765392
5513381
2728753
49084
145132
471781
7173399
239150
6466332
2288739
3157
1723218
5581202
1824809
524113
293013
1329971
5378920
1275066
6434404
830616
398418
4723135
293214
144330
529023
849986
7809729
7721737
672395
1403019
553611
5724909
3469668
136923
471766
1465039
6293256
889534
524498
214894
2839568
800530
134003
1013175
1576224
234755
1276843
323153
330408
5760741
471727
108033
4424195
239010
1175195
292716
6559989
6341331
3004384
458230
1212484
248789
850016
1100
102276
928920
6723132
1457444
5442005
5681258
509550
2579244
897720
5846848
5537231
349967
855891
946852
1522234
831343
832675
5453815
7280407
5533002
5886302
1095845
851803
1705694
680416
926680
740388
2236125
3871669
593807
1824788
661127
4071724
1010196
5909105
547357
84066
1749210
712497
5579824
989681
1235165
1312926
1779466
239117
470365
1094934
1254932
471337
1044051
5882899
5414926
1752530
850385
817375
1474175
961894
926686
91486
1138375
471850
586079
1850818
1817660
1411393
1058654
238909
128697
1815527
33916
1737097
272492
453626
327081
474135
468770
779313
3367785
2101784
855303
2976325
593693
65167
3265
3757280
1829673
563359
453668
216044
1031013
247001
1090988
1928953
1268251
384085
957518
336015
1730220
5676422
524354
8200302
1169025
301929
1627558
238927
167804
973528
471754
935491
2506568
712910
1749243
1751764
2224354
239109
26690
1057597
591829
7648254
77777
1332249
712859
1057952
291930
3247
349916
787985
460653
5867667
178354
1184491
17571
855204
3090178
1175102
5622883
712488
7270501
926698
1468151
223280
1530293
929659
591861
2044759
533539
1213005
1007964
292980
17577
6450121
524423
3932776
315160
1465075
4711332
459329
1138429
398406
1044159
6356697
115725
1259226
2383143
7697761
77496
376832
5400540
524567
108021
1796023
2188062
2510017
5824800
1232055
2402484
