1994332
2577829
7918464
3179982
6536047
7617208
2984724
1449073
1889554
7876021
662633
8076165
7722139
28254
2976068
5951504
1669747
6483424
663119
4352492
5966282
4424339
5797849
5568012
2755199
2734482
3664652
354901
3165713
2212368
2733402
143907
3828478
2582457
491440
6996137
2228818
2776894
7505818
1417790
1449118
4465446
2666949
5011808
5250109
3255731
5888760
2753498
5561740
830526
1752333
7339242
73514
2283830
7898322
6226695
3170549
1078294
1968329
542385
1468428
4198747
4616447
2770647
6062908
208586
3615091
7284230
3241643
1363569
4348653
768545
2777398
1477221
73572
5250472
6318527
3384972
2755541
925205
205919
2581948
2563140
2420273
2492590
5912452
7644828
5263846
7583176
5534344
143910
4892650
1258020
6789323
42979
4572678
3459090
2097816
6875470
1160409
7951339
6703614
4570664
767031
7962645
769520
2046372
5759336
6060271
2729658
7329142
5732906
1334425
4602329
557855
7385142
220780
5689307
4935646
242993
1421631
3619181
4501278
6424163
8218551
2409422
768557
830835
2259131
3777729
2770559
718724
3793981
2828102
3428324
3701614
3003611
1077564
982981
7979388
1265695
7214882
7630396
2833584
790438
5552351
7227133
3180102
1644324
5870129
1996054
5500896
827182
1005087
2332299
1972753
259297
2125972
7534567
403609
2564196
5908152
3664290
2544212
5880216
6689004
100175
2504364
4399225
213461
7144197
6662128
7568088
6431009
2309746
1001628
2762419
1363816
5733044
1972651
5542115
4689637
1307968
7333986
8283345
7867799
7393456
8857
510969
2002904
73409
1965490
3649965
3131884
2109938
2261807
3179413
7899272
2983861
4575212
2581936
73490
6394400
5023039
957369
5615497
1911297
2734679
2218305
1926404
1456581
1927544
2230711
1362016
1892702
4268825
495564
3180153
767295
769148
5682924
3453825
4730660
1013199
65159
1375038
2404924
2012980
661756
549605
4764626
577300
3957836
2764693
7586800
5912808
8263668
2053787
3287034
59734
7972818
2097110
2449430
7470899
1418740
5709962
4201205
3448342
2150033
6881855
5519069
6519601
4608826
2550348
2263845
2656382
761197
7972783
6382401
8014626
3528809
6946587
3432398
8225809
22918
8016011
708704
7032479
6422570
3936018
5911396
1212452
8199522
865193
4220984
5871392
2447872
174943
243772
546613
3937739
1972765
2529886
1994551
2090173
1068996
2249320
8183392
6861631
1013614
435789
363155
1113630
792884
1972567
1872302
3165263
1407632
5651954
5526379
7674378
3655815
1921057
8080770
2114901
145435
7394246
410172
1989884
6685831
7470029
3822398
7706836
6461656
6325023
7521005
3138349
359279
4163902
3938758
838551
6670380
3967819
863906
4051057
7903076
1449127
1989566
7900645
7766359
5882245
6682458
7769648
2597487
102538
4608074
863258
4711341
1919909
7511901
219499
7875964
8210113
1494175
1060817
2357195
7043712
6775156
6497644
2239959
2736701
768473
1081310
4828767
3288268
2483876
2755787
5329676
114575
2228908
5313447
2243595
869
2450086
162285
7658780
6536631
6158304
1886521
3453543
6762411
823967
5929670
1575718
1152750
6681384
2715515
2736616
5426635
3489369
569558
5312784
2138661
7517332
2447783
3862128
612580
1917305
74361
762451
2847982
187402
546475
1039936
5976891
6535002
8306674
2804148
938372
3982050
178501
6334543
7645783
5238608
2000491
6494989
3160664
2388729
5646111
1185079
5414917
768004
527448
6508939
2448922
6043962
6876779
4261509
6872893
2737241
5459815
2288414
1449177
2054632
2952626
1032037
161301
4563318
8042260
1922832
2043622
2735795
5873131
577754
5340258
4661798
5358676
2676440
2050332
990828
7828199
6817016
6209309
2733482
6401354
2187829
1175282
338166
3957827
2316546
2442568
3385837
731673
7830520
3493962
4118665
8047478
7459605
7458858
1930121
197908
3435147
7870234
6336358
585560
23492
2159852
6760068
5567125
5024899
3873303
2332879
2762825
1430609
2150641
6907417
2735008
2804352
7385135
3938674
2976071
2160688
6357596
7806349
1889560
6274561
7114173
1323379
3663186
3938418
491809
2249111
6498976
1141957
292983
775685
1907313
6287467
6599306
7706968
239022
1212013
2166728
612517
4879979
373607
2486251
5310067
952929
2753069
5087096
7801574
2447849
1449160
4424414
60520
5319005
2659212
5507585
6690240
6428925
7484611
190436
7606610
18683
1418839
8169245
73559
2783454
6861899
1543376
6534898
3029043
5105711
1917221
1947370
7399709
3138081
7218362
1972681
7505910
6701736
1477148
2188684
753250
6842552
6815587
1110254
5688176
1243151
6337580
4804808
756557
3670326
2551443
7608936
6239634
1798673
3288545
1104340
76965
5628195
3428334
399367
5565041
546616
7927814
1892108
7801700
2077463
1443011
4951829
3653841
7062606
3806027
775503
2194944
6426517
1338967
5445018
2229662
3576303
2290301
7568098
6521554
6184141
590516
2065875
2050176
6332670
6514704
2226093
4428623
2244998
4579643
5142960
2068269
4709923
6790916
7167842
2261131
76039
7344931
210256
111718
7782994
3649511
2734398
6351988
86082
4263028
4423903
6548400
4935650
2250891
2558319
3450880
1132162
800227
1273278
2319470
383454
2508958
6266003
7931387
3138358
5878604
6339531
7544516
6757118
2827480
6262469
3938695
3286123
5912450
5510905
5025202
6424410
7686220
2807335
3288047
749911
6872896
7672937
2781324
3659236
5213180
345780
7281135
7129873
1443790
164300
7761682
5625412
4049549
7926957
2625844
6793687
6683336
2483423
6204720
3970020
4274574
6514640
2261636
2261825
6180
4796542
145104
6702143
321434
2369845
2045464
2055016
2262863
6661053
2206876
5508939
5553147
6368996
4566535
2508101
3469025
3360512
204055
6514980
6031898
6794038
1990920
2219341
5251062
5111888
802022
4804471
2240395
1421190
2321938
977615
1884436
7834423
3936280
5834564
362882
1971410
6464683
1211563
5341349
6691269
2078857
3312720
2266348
8341505
6508930
6373517
2736892
3301898
4501408
7469352
2554636
6514591
1700824
491952
1925997
2778052
4455163
3494082
1737805
1870411
67398
5339318
59672
389429
7967156
4375065
5249568
2733782
6209312
2733982
1954950
2696093
7505614
2053775
99347
238936
3003903
4050100
7927787
2236584
1214155
4400696
4457539
6682617
7473219
2425867
2199354
5311815
4986927
5313426
3964692
7531144
4350826
7902524
2579588
6166650
8041629
4557050
5917867
7185864
2532473
2206378
8121785
3162290
6663729
8007423
3814879
1645101
8142928
866476
2217356
7095891
2733536
2717746
3440498
3051280
1577697
344406
5454441
6182308
5250106
637946
5875529
776030
4500526
1159149
5846653
2182535
2183406
546758
5085371
4999480
1611835
2160580
3653804
6046620
5552563
3390680
7868366
2547396
5336756
2172536
4367583
5871780
6873223
4262367
6350043
7281262
5494791
628280
5361169
5459251
7954427
3135081
5408666
6332874
4266290
44448
7950180
6302531
6041777
7972830
863963
1737893
6420224
2226255
3649629
4730265
2620777
1618912
4473869
2814054
6538933
1921421
2119020
6413512
4134332
2130652
1334072
813554
4693021
5250795
2547393
903448
1722059
5562909
3569266
1205701
2162782
5907807
2714987
6044057
3985444
1916236
3701147
5408131
3939557
7108992
6976993
4488383
3538987
3331247
5965
2525192
7114439
5615619
1928650
5509929
7487139
542623
26813
7674381
8095624
779651
5561497
5333331
3113156
885483
5739101
1220022
5732900
941114
1054751
8046884
142863
246992
4333649
5658841
8306693
4625912
6218263
5368752
7545546
5811300
47178
6074474
301935
3334288
6001094
7626497
8044997
5913777
4090149
1982926
4995909
2753351
889573
6522724
205216
4490921
4055338
3491218
7485423
59582
7583496
7148287
5878445
7772515
7603774
3208038
7544157
243844
7646926
5413513
1051814
2054635
2210067
4423912
7223217
7607932
548032
3906448
963274
2878600
828447
13510
7868486
3640289
1960648
3566085
97782
3528433
662840
2487493
7822578
2737549
6161206
3939343
8253160
6190242
2047942
1069923
2153688
2546980
2297482
5744853
1921192
3453594
7280532
6826805
2178592
4500421
2806935
2251221
7932284
6518069
7333998
2653017
5085347
4796548
102525
421917
6816992
5555186
865060
3180467
7874119
1648024
258416
6163846
2226282
1158738
570701
1083953
6778196
3697499
5968320
4350935
7572686
1259576
5700120
4499250
6402431
6052365
5114010
6487764
8210369
3937581
1066660
2049154
2054357
3283856
3787579
7339988
5734874
7556561
1867587
6977528
6178670
1404663
3806671
4405884
5337616
4297743
8096024
8650
2574086
6504357
6541494
81761
4002035
3673632
5469465
3334018
2215546
7524552
1940551
5331644
5721271
516940
2733151
1688056
2705175
4376832
7755915
5410971
981408
3999018
1643883
2050848
2270759
592247
5962197
1060849
5739611
6794621
3809743
6549511
1926006
6815082
5744318
5313378
6181165
560471
4430626
1195370
2651700
99225
5359738
7617646
7546443
1022015
5316064
2832355
6300820
1100032
5311109
3279061
3845299
7809417
2167050
7962442
1529683
7228573
2762112
1873725
2098437
5446452
8037525
77541
2889452
5694403
2054153
4563356
7136773
1743193
5846712
2098227
2612062
2457840
6523546
2457856
1577077
1936468
7196672
4132260
5824557
6331814
3669371
1762506
2488042
868175
2025484
2449579
7251458
6209500
7363549
1913617
5560472
5687452
1148809
1634979
2448217
3472
502446
1909923
145600
6592864
1205392
3131623
5359735
7680954
421971
7399848
6558806
6548118
5931920
2236068
2734416
7848612
1965882
5106378
2547360
209891
6923321
4158031
5566493
4271270
2450074
7037396
2228605
6039996
6320378
36607
4261533
554426
5894391
6615817
8199291
5235581
1998261
2151406
5224334
2270944
6381918
2547390
384397
2230495
3441669
3941523
1458600
2482283
7524249
5640044
2105914
1626209
5626057
6312564
2536128
3940250
752893
3425704
7862833
2188867
2194583
143027
3428348
1889548
4869207
2736083
6844179
6969337
3983967
7758547
6215374
8003653
560164
3367110
5892349
2334675
7431276
5722622
1166
2733369
5561351
2563134
6041073
386324
1333771
6957698
2052564
3956146
6891520
7105474
6288984
953037
1584737
7463748
2546977
7706638
6672304
2593146
1051811
5064772
6301817
5514356
3761477
5412833
4180264
9888
3179449
2952632
6420709
543274
2983406
2715577
2244141
2735265
848169
719575
335503
766776
6070218
6917915
2449636
1915743
6723947
6606986
6207686
6545630
5024851
2130262
1536022
6952666
3560941
2856461
325413
1365797
5013931
1518243
2582305
5510156
5800743
1315488
276696
2369836
308302
236352
3194102
3906229
3962002
3309193
7953804
4935664
8321135
7562420
1259971
1940524
7073306
2385685
2253330
3676435
3004747
1364586
5218833
5079374
2513529
7706742
3182667
8050102
4264041
8014799
42985
2125394
5328428
7148117
1418529
2186203
5217975
742153
7603959
1259507
420801
6334432
2225525
2434746
4292038
4573238
1688026
5562900
2052189
3012046
7664982
7507093
2585932
1552327
4169873
7536991
2753117
7911622
6547153
363560
2048433
5792724
5400519
4510436
5657418
5562019
236414
2358525
2585872
4356658
471427
4165230
6667461
3600316
3691880
1385357
1870396
573171
6205917
1416829
2051379
1969493
2125945
5568261
2484149
3985446
5580609
3694552
4686606
3154117
6394103
5768570
7516627
7771511
1191948
2118715
7115919
5721912
2733400
7882524
1002743
6657150
7150555
7930849
2442544
4696698
402971
4407981
6944356
1213971
5950442
6190620
3940138
3984827
6676619
6883011
300023
1126836
577460
1374355
1999798
5557673
8169408
4568108
3416255
6142872
1914764
2255709
2050392
5692206
5964190
6049996
421869
8296452
4511105
3861598
3331026
2656890
1152552
2471324
4450091
1227830
6215377
3180913
1362644
8137756
2980151
1615072
3985725
184509
3245461
3570282
436260
5909054
1885577
8148725
940852
2139163
7156956
8202141
223532
6429548
4268927
3287355
752713
1829415
7514937
2564286
3229186
3872359
6207700
6551977
2763540
257994
1874588
3450623
3668621
2236566
2188728
5878199
1421454
2532200
5911171
767402
1875009
6961630
59860
3814080
6772476
143273
3731349
2841601
4430796
5912916
2415088
2431874
4873253
575234
4694633
2733665
7930119
1957145
2736843
2735712
5917981
6535077
59773
5419617
577813
3440390
362885
3648004
167086
5722034
3936365
2018430
7961886
2767877
3747835
8091505
2547232
1418863
6386836
2226170
4836340
292974
1379739
1238494
2733728
1411206
3873627
1917881
2762912
176248
1311203
2180090
7567664
3655851
236426
4258125
145911
5323598
3988873
15812
3474873
3161309
5702953
2171712
4561012
1920077
7760030
6248834
6547992
3513173
7874628
7772695
8064151
100451
1870372
894963
3012121
1960050
7953212
6575005
2047003
8166079
6514367
2226293
863243
867265
768608
5133677
5881927
5971
384409
1431856
6216937
1969527
8001948
315889
4027906
548271
421021
4146705
8341508
5552521
2457917
5883050
8209670
376823
68382
2717818
2734024
6994915
7980646
1081337
3176903
2619160
168464
6175565
4592096
2271043
2051952
59740
3569167
5249637
2259425
2010556
834856
2833594
2736737
6797531
3334644
3106761
8069220
517180
3938621
7546440
3663667
6318284
7286770
553749
6449836
6274543
1160475
209828
2736116
5038226
1889569
2265461
603207
2220227
2226628
2133290
6540023
3283352
8134084
6578535
3979956
5877754
1152456
1890265
798580
2736888
577463
2187629
5064691
8270776
3621070
1833703
7524780
1884430
6378190
6761536
1870844
776255
7951077
4589773
2270950
2180246
2226793
5289925
1972209
5020300
6474062
7935075
801584
2119167
6685828
60418
7881069
3003535
5314691
5536210
5534660
6545266
1967312
8062932
3355589
7364421
6545609
6959055
235702
4123139
3286485
49300
8283342
7875452
623292
824024
6538539
2166625
7528353
8216853
6420697
2165043
4036798
6944311
3546412
5202432
577469
3650287
3563299
8339908
2995328
7230217
5231866
491022
5478762
6322109
4677916
6816950
7173172
7841141
6208557
2051171
2733396
216730
7898111
2441104
4657895
3653907
1363819
3195220
6422733
1865509
3937408
1793253
2214475
2735702
5538411
2726092
5632080
6042817
1377881
804465
421243
3249383
8110535
742358
3552986
4500224
3677100
3452434
1536085
769103
1893268
2253115
5888150
2106016
3673799
5882866
1206500
4209372
8058440
5805509
1319884
2249281
6696899
4253647
59812
59474
2268342
7962675
895152
8244696
6301743
4278834
2621770
1696934
3424874
2028094
102480
3448354
1993620
3510702
6346148
4275356
6415947
104179
6469192
5312493
5806128
1305392
7480469
2270891
59794
5941450
6325401
1981992
3831003
757571
2862407
5561245
3478586
6583935
1965983
2206184
4625665
3529727
7585520
6606710
476925
5964
6303441
1956645
8168975
6295322
6403258
913487
8296242
6356062
2230369
6976456
2279367
7964782
6358333
562041
2248973
1627028
242130
2651088
5471859
5498190
436046
5955204
1739699
6533395
345599
242990
7669198
2269160
2733860
5341328
1578255
6325654
3972983
4681789
2783070
5367824
1947094
258384
7340594
7205810
8277310
6264705
5312919
2046867
3671600
2221519
5562310
5917316
8295995
86584
4049199
7951032
4152230
5825346
2217193
6588586
5953529
4030536
95686
7035598
3243732
660113
6322806
2737330
2247736
6426311
8047959
7534759
6602399
2508059
6206130
3829900
7900550
6028833
3940301
6414708
2259431
1464468
1427822
3601046
5402723
2842066
4072753
586520
767786
2733283
3936383
165406
3372552
2697566
7725079
5910177
7681689
145651
4502055
5330037
7467773
2163872
1211454
4811910
144216
7704318
6043663
239361
1078484
2149399
2765190
2226227
863060
3200612
3163227
8329871
6337196
6490514
5340041
5888273
7600723
5361951
7701036
2267493
7730045
1418803
2813443
7044862
6693538
5509947
6689317
521624
5037493
2266857
672853
6212808
2606799
2228803
3159079
2583025
6534904
1627231
2093011
2716338
1798526
5461402
3967129
7849331
3179518
1891523
2265760
3937737
2734393
1972684
8150653
1272395
559315
1449158
5876413
7900624
5466644
6816317
5926
8282140
2256969
3803075
1520288
6437255
4676756
3772341
1139116
1833700
3970017
144003
6873631
1153615
2733830
8099975
1024873
7143737
2089403
5560912
1919802
3176906
7996221
752618
3653822
6759473
6903785
8008290
5461817
259834
6681601
1057570
1926175
2218401
5556460
2737335
1418397
6680778
3601304
5337353
6813745
7873063
28359
2178553
2736188
6596625
6046608
4147283
2551249
7441630
5465113
742156
7503853
4984860
1704380
4147459
766949
4166819
2228815
5557377
1920548
2652675
5313834
5487424
767936
2449872
2449142
5509932
5530260
4268680
5398185
2448456
7235671
6877223
1898153
4258612
3822167
1808890
2130265
2770556
2281058
5912586
2736614
3229183
7325403
2249506
2732979
3205890
503350
4935637
2469018
1506247
260118
1882129
3829864
5251485
6264764
338010
5911926
6425981
2734563
4496465
7669222
7359435
5878118
7528169
2298146
6690966
839324
7681152
7484309
5413837
5310496
2054675
7526421
5689364
2182234
8069154
3978138
7209534
77235
5250124
2564280
1333830
6402413
1519997
847509
6269620
5386709
7077311
1991084
8041500
2236629
258434
2736398
677684
337957
7722364
8209387
3173964
2190532
2297370
2217374
3470962
3943656
5693479
4499900
7341866
5721890
2103312
5977293
3230653
100303
4966869
5507978
2431943
1915716
2771188
2052022
248681
6226594
4338473
6764512
2463604
1578103
2558785
561053
67140
6415449
3977926
2733470
6468358
421662
3452485
7706236
2734248
8262939
2048584
1448878
6322681
2447654
615045
2736838
2754748
7627834
2160880
7846627
2270130
6532995
8206588
3010200
7457318
6402891
1873918
2760933
7972749
4731489
1998759
1522294
6055546
7561494
6073977
981003
2180384
2737049
6238960
1908443
2272237
6066557
6470571
2000308
3312697
6921255
3650045
5524793
5934861
4445255
7603729
4307877
5085332
4260416
2734402
6167497
2755037
827185
2058834
2169153
233182
6154633
5329616
3672565
6701383
2820169
1466828
1558689
1190747
3935904
3183917
3656493
766779
603395
7340660
2046390
6174016
5286172
5314287
5969116
1464060
205884
7972770
1215464
490815
1419016
3268992
5563330
3837665
2055089
1965735
3936063
6982858
2832352
3071767
144270
765652
5799434
2737594
8207129
1998779
7103907
4194494
2737347
6514409
2809821
6220647
1226996
6381834
1971401
1749378
2736222
3937954
4210673
6953217
2237307
1462809
6441336
7979
5037979
1530840
560853
3941710
5250801
3361112
3970338
7417274
2130451
2564283
4266421
3945488
5403406
6573935
555402
7150800
5565440
1138321
59791
7118380
2233977
2440952
3789214
3509972
6421634
3865564
5341346
8093913
1870450
5369407
8301311
3153025
2481638
3862027
5744817
7925934
6225475
793226
3824045
2243223
476733
4646234
7925736
2598434
217779
6683453
3935907
4356239
775691
3453813
453920
2853605
6298548
1644454
3238476
7898671
4166745
2065881
5554339
1702445
1570705
3414294
5515342
2734943
2353844
6174
7215029
1919915
385447
3025517
6751461
243329
476112
3421914
7869317
2257261
661477
3016517
5359656
790764
2735149
516143
7962672
2173606
490542
2226703
5931912
3937840
5313714
2158431
1949919
3714538
3166416
2094962
1433200
2867025
8178438
3191065
6921646
5564583
8036038
6817097
1051805
1989416
3181540
1167498
7561749
5818894
3146707
6301058
2068797
5916068
4563916
577409
2449130
6206127
7653298
1966903
5025789
144225
8005729
476640
213953
1529133
2736533
6178690
458957
7905175
3734124
5285470
6381813
476928
6207292
7584195
2783894
1833645
678802
1506203
5423120
3804476
7714930
5313706
7292702
834673
3517969
5414398
6271529
1448960
7828196
4869225
1616725
2174891
8062824
831278
1085882
3983672
1443891
2733393
3642123
2440892
1408018
542382
754666
363146
7563434
1443799
2550184
1966999
3936024
2231001
2065878
363026
2191474
870525
2736467
4677474
6434054
6693739
2717827
3938624
4417087
6854455
6428781
3334369
769390
6873634
3937123
1364541
7878205
384959
2547160
540115
5932
212350
83671
2054980
5947
5805747
3691901
906505
4791971
1015173
3657137
5446455
5380712
4935643
7352758
7721647
6905735
8117995
3938046
5531805
1134016
3981242
2662562
1056442
100075
6124487
7453987
2450459
3832608
7084929
360888
2268318
3540457
5492213
5062190
949616
187432
6435138
1688555
2077339
2208485
452030
1961567
5870284
5249989
1062741
5062535
3938040
1723376
2106225
7951988
6347480
3541157
4469001
145354
2783746
3684462
7927032
4423909
4424417
3540984
6234732
3252919
1721358
1939664
66951
2079365
2186357
2736592
144631
2532787
1365791
5909954
5930811
6054052
2450588
1565764
5934864
4570845
1514649
108115
336448
2754268
4983246
2319584
2253118
5403394
4303387
2393511
388196
77559
5248619
1025030
6600155
2185561
2270938
6681156
5909294
2332859
7054295
3980693
164470
6670978
2604079
242978
2583490
574722
1213454
8335687
1686762
3622698
798739
1159689
6327606
2781026
1994149
5953481
99299
2050389
797043
6939599
1890866
203989
546886
4243992
2215549
532483
3050337
2052534
1945676
2775269
2215477
4376966
3677145
612475
1040187
6218793
1363264
2027697
3390319
6332871
1972032
6218017
7877880
1983532
1981915
1926219
2257336
4350135
6599593
3176930
421992
2784800
1873674
978594
8019190
1107283
1148508
2813011
2010000
1991606
2620511
1054769
2129847
7566503
1969990
1770319
5919702
5658572
6576081
2028097
6896645
2735757
4423906
5916113
1489071
661613
5332329
5490390
235608
4608071
6871088
602584
8026832
1190283
2081894
2176095
1911300
1870423
7358627
1989527
7882621
7518971
2733372
5783915
166309
3419218
6680880
5219789
5879480
868066
2081396
1817597
354518
5483048
7563532
8045412
6396297
6165
3453804
838184
390131
2734455
1072925
7815749
1874586
7606630
3770104
3505746
1442361
5906560
5690546
3747843
846448
2737451
98848
3452338
2213819
5359874
6372475
5405651
4424423
1813250
2584444
1646347
3977152
6318437
4457524
2055259
6514962
5943279
7495267
5873976
1884499
7517639
8049598
5828506
8204776
5841126
6875494
217777
5508572
3179168
463341
2178538
6037129
1898668
490647
5378865
3814915
3794551
3191182
7373662
5647064
2141433
8050907
2752503
1160581
3070855
946723
6446758
3615070
3239797
7903825
3633633
8133328
8148418
5563108
5362756
2550142
679792
87538
7532155
2735014
240411
8017556
5567543
5217969
5782019
363062
5420310
6212218
850298
2158767
8115796
2132248
5232157
484732
6476372
7299029
2735386
6514346
1723741
7445800
5661526
4588206
6573058
2171106
7509909
8068915
5561783
7459170
3674421
3938498
4216275
2763459
4796545
977825
2736847
8229910
5425166
5692376
3172332
5613603
4798419
1991312
4756283
4004510
5482159
7076638
5217972
3549778
549242
7966832
3407762
2735781
7457885
3470971
1113668
213401
3441136
1890268
5533483
2182930
7001912
1890524
6349815
5338997
662232
2287036
1913041
6045859
345527
3470969
7880519
2502082
7495188
83587
4909701
5432800
1970140
5561749
4063366
7560912
5314146
2224292
3479549
591629
2625566
2736662
1925195
7284227
7929040
3203611
2449365
371999
1938802
7868630
4384005
7962409
240371
6181217
1778876
2767527
3709703
7880371
8654
3170235
1226364
4799197
5554978
6772207
7037337
7032734
5188396
6440469
7551637
3004877
5187621
5700159
8148863
3416009
2160676
3615095
2127064
2435788
175310
1513288
2173161
6300255
4360251
7111478
7076503
5482985
169542
3845037
182566
1685339
1645263
7500326
6176383
7885918
2226263
2735967
3371183
3601286
2258987
5715896
6368826
3949170
144859
1969660
4291512
5102307
6338767
5224424
4260542
8108972
577355
6892256
5570020
2259821
6907882
2734386
5628593
3618764
2116111
2234788
5381181
5313711
5687320
2162800
2496060
5766553
8008883
4352766
788575
5411422
5579210
7872326
384210
2737543
6712272
1054940
5014259
293202
3246468
409969
2557366
6802144
6417567
7941377
2531105
1793256
1152423
4753435
5828539
106601
4234587
3510487
2817736
5679768
5329488
5935
7681452
2442778
7583306
3439185
4935661
3287761
2679970
8295911
2597045
4012183
2659197
2100405
5409794
2254169
143213
3419566
1103313
5340599
347881
3269192
5312248
5479488
3570678
662888
4009962
4730879
1893310
3821672
2715314
42994
2715574
77232
7318188
5873824
2185801
3180800
3696266
415351
577625
2208627
5469944
8250473
7932296
1024882
2893048
6545397
3664919
577424
8147990
5919693
2456910
5110598
7586803
6295304
2248601
7941923
97342
335607
1642462
455851
8116986
1213277
4133607
8108234
768667
5370241
4234590
2733868
2410070
764798
1364714
3698320
6847600
4714498
7172236
7602477
3832006
4807543
3643736
2159005
5799029
35337
8142517
2222077
2559711
6429881
6549114
7170393
3957758
6095885
2511173
3051028
876955
1709927
243334
3416201
8047610
2270096
1839923
8181247
5421955
4563327
2055025
3945987
8110724
5110688
2533032
6875286
5671449
5445682
6567230
6466824
7354012
7904209
6053766
7556297
5680524
7708226
587104
8232994
3948016
5825373
7898680
3513968
761179
6337118
560831
2129844
257776
7830855
3813574
1065800
292419
6789873
6775165
7928831
2268372
2465626
8198777
1891427
2127856
1910853
5420027
2247466
5764757
8132405
1577311
7953016
2046519
2422930
6216697
6248489
1490980
3533306
7901336
2450564
2737555
6787620
192313
1104749
7882656
6759349
2100891
1040536
3600911
246035
2544149
8209552
2735377
3962082
7322797
946744
6399513
2116352
420816
44082
5969231
560600
7394055
1110371
6357101
3178878
7952895
6439864
5487049
2562219
221335
3516520
767558
5408378
2443355
2068935
5426686
776033
6545978
776141
6180442
2503462
1272413
2806400
1898023
421605
788099
3283346
2386428
6762384
36791
8187715
7929583
8259209
7882028
5415368
7978393
3049778
97779
3421920
7646962
2261738
2544152
1109
1998653
2733865
6433345
7885938
6032474
7506569
3433196
7303765
475890
5362975
7833738
7881066
1174964
2579883
2702608
5874144
1443646
2547384
6694784
6976014
2734485
5951501
117127
4018655
4571979
4583359
6142812
6524152
6545364
2220245
7104222
1443649
7355613
8004582
6320802
7922090
7972764
7905043
4590546
3048004
4689091
6693748
7694380
3980423
5081576
4120563
340757
6177
5531238
3865408
4701001
2214141
8099101
5419773
8043070
3661097
86587
768419
246394
4378605
2238536
5412701
3447479
7032473
6208642
559549
4494684
798814
1884622
5626618
3453873
1891056
5498243
7615359
4424327
4677984
7032485
4455799
3958854
7559013
5340383
609079
5085341
1972247
3138075
77532
3180099
2138784
7136680
6996999
6401297
2841844
504593
780585
2054096
6966986
1873822
6727331
2270165
230106
1835550
2546864
1948107
8200603
1883705
4263681
7333903
5459887
7285287
7101635
4691964
1410681
5415098
6352974
3844950
179876
1622595
5520842
7101858
2124603
1851410
2219890
2802238
2257387
3001217
4935652
3520394
1519450
5332347
2563143
4367266
5922159
2048598
3179440
2461343
4259450
1101399
780769
587107
7595796
5355919
3177236
2734362
7118739
5336186
3991904
4383462
6774741
7625799
907561
7459194
2237609
76539
2824978
3807711
6973728
6439966
6491752
1968173
6338412
6260535
3987323
5551873
1449082
1012571
1617080
2662565
2321359
3128865
6046617
2166716
5908307
1645325
2547211
7697220
7355346
5880991
5891543
661303
2237435
8050674
5110625
6446770
768199
272909
4049811
5233447
1486907
3820366
5015705
2079869
5929893
2761962
2420302
54163
2053695
5534329
2490291
3947191
5648661
3052441
5692897
7266664
2737310
2809887
8147609
476160
6045958
7544430
1966262
6996107
1472562
5744342
2054860
2047418
7898610
6915186
5118680
5337335
6043338
3433719
7552030
