98109
5056662
34550
92617
849301
180082
1458714
3497417
599191
144557
370793
411546
2110494
578894
6158125
144625
2251481
1307923
1061682
402836
328128
209869
1278920
272570
922565
2830309
578846
2237175
1610282
157655
1061270
212767
884689
1364640
143459
4867723
251106
42405
1689184
58194
1227534
1493409
4410454
1846844
187216
121412
554842
23319
52410
1182252
95908
2285202
58341
682092
179778
1159071
1624542
1434113
33766
1659380
36851
5099453
1933719
120673
349442
144474
321968
1659458
169046
143971
1122385
8207424
74017
108635
1480532
6701326
839396
1138813
1332102
1250256
2282683
1012000
251475
1854476
398295
320897
228417
384691
8201
1364066
2099723
1861852
99790
251481
8216
108620
2152556
228408
2107225
1439101
754237
948738
3279181
1011754
366104
3048573
58284
6900491
2989373
3216544
1685913
209855
739139
36860
99727
1308127
1385411
556125
228333
144057
931465
1772253
693311
1115716
3282527
1646998
540946
719089
3528884
1278775
4353791
1747669
1867785
386628
542121
475644
73885
740826
58320
1728647
328125
1824887
92626
73891
144607
1374535
914170
5820246
144483
965314
145237
94153
1294429
1364833
7029906
320398
407388
221560
125123
156123
1264432
1747663
3579275
179881
1540624
125027
967318
58347
1166371
922593
1263484
294026
1301598
4875615
964976
1391647
3415472
859827
459257
144445
144243
3128645
167142
542073
1386042
1846871
302366
7920324
1227518
1368484
95012
2046378
143234
2039
1724210
8050989
1473328
396748
1087844
144117
1357774
472714
2657092
5768261
209692
2445156
220276
3586151
764099
1256817
5143652
290897
144063
583115
5583606
157628
221575
1222424
1501329
922554
1279092
403594
1481665
328101
1226421
255620
143958
5716201
212761
1061043
339473
515458
209790
3582089
36738
7545606
835895
1201992
966216
170808
229674
544168
212752
1516596
36824
5493748
36664
6710255
1386003
92641
1250241
3350003
143943
23295
8195
1096635
1096605
2882796
852293
15604
4290075
3735262
398262
908345
1069568
321930
661528
6342201
66951
2716272
341963
411115
259885
580546
1907217
1212936
238287
762388
437025
233739
108364
332439
1947481
2168668
1563639
324894
2158758
520781
114545
1439068
989894
220224
34556
3579404
179932
221566
320371
4738478
1243151
408764
58305
235148
143770
172738
396634
2789551
1186840
220442
556222
1034080
209338
693317
144316
859722
1006527
611959
751884
2081693
1793193
36779
144183
37019
6148730
99799
5789562
676971
1149702
92548
557694
859923
143784
601204
1332141
1768352
228378
326546
1707053
92650
131070
144667
827749
7294819
588848
482114
2402289
1825120
202198
1066779
936570
677983
1034545
5836641
1364935
58266
161460
1659413
6238139
73960
209639
3701888
1096620
1555916
914173
1097325
1279253
5872874
1129713
586678
180988
884866
109779
1566158
37116
2445764
1035115
680216
98097
92594
996785
157675
7962442
362684
103074
130390
346594
339601
1379416
3497227
560817
899784
739169
238311
334262
1069602
2266867
402833
92635
7567522
824726
3578404
38587
144566
36992
327363
1198246
989035
109773
6727456
5836644
1982610
2732227
196449
273690
235154
3584642
144213
23382
989005
37182
1094253
144769
2782659
3048204
551037
1803993
1213809
144799
827725
1646869
259954
379368
1503298
166020
1310457
143309
466902
66957
2046715
969256
155301
907403
1279283
44514
1364722
25704
396730
209722
36917
1799391
464577
16645
435603
1456089
98095
628063
1495944
220246
196425
344806
220209
214101
411549
4458452
1659404
4681513
1280625
1659491
5540655
141968
827836
1443272
567376
2217762
320854
790824
5846058
196411
1148463
1279372
1832973
2724533
1393231
163617
225178
1189152
548172
3005189
5921923
209713
586643
144168
683017
209528
143647
1942445
880365
2167238
92293
755273
144805
542070
3675288
1753594
948702
852326
2656642
1434101
39233
8133007
823162
611860
766590
386613
225220
1775336
274405
163224
17069
967372
121992
44037
4259291
142704
4385459
841529
3283088
1501334
1319510
1034506
1062238
1730187
1279166
587329
1122439
519104
3846441
5836650
1087889
1546564
1682536
320395
5689995
312823
665132
475752
233612
352625
99802
607585
1729873
7601233
1659371
555747
6541060
2249988
209815
1159008
216277
328191
355273
2972106
121560
838323
573980
172702
1220106
5520417
19198
1337387
1907860
1432965
346204
665162
398308
1364057
6427
111898
773426
4769147
515440
1501326
4653
1027661
37007
1642975
1279193
153481
1944893
3704881
174377
33763
1667546
3581756
1332186
25701
636514
1087046
2444294
3444009
156033
34610
6239640
144581
312035
1145965
969199
556206
1434304
92584
1659368
1087556
678000
575818
1009102
172753
753955
1963231
542082
3605805
1654624
144075
1625155
2321566
5397925
1220
1070124
140271
6477508
156093
326498
89681
209818
4569844
228399
909091
1069502
515380
36962
221557
2087347
2055594
2330622
109770
1386090
1680240
45117
917356
859926
884833
568297
739206
1075158
396610
131909
1861861
1265585
1279259
1104881
320948
157643
130881
1087859
1685973
1303430
209864
1284982
258038
472738
220219
347694
67848
7872171
3209137
4874855
179941
347979
1279131
1069575
2261654
932847
313023
144767
909097
906571
5474000
196458
58302
989900
73870
359416
5704647
8050126
272997
437031
962178
2448378
379386
23169
1270347
1659377
478912
756481
2402173
1119349
2449166
235169
3654365
1546450
379263
5460736
475636
1087922
2372040
386542
161798
166002
353937
386652
111892
105262
1381560
165963
1427930
2750808
1356369
1132003
783256
4337244
567299
1522246
1823026
1757872
1113564
144462
143070
439322
339580
2232332
8196294
1705209
1947748
1646890
7505904
125121
247433
881621
320981
7668723
143890
2461068
339507
1301508
475686
543334
66152
1096566
1696997
5746115
6797459
4419963
1227222
99775
5964500
581551
922520
5878145
172747
1272095
1659001
1256769
144162
144510
1861846
567792
5876956
4030249
7081966
73834
2777842
693320
1757839
179794
906606
2178181
492799
353916
251202
6724930
166029
913598
180922
92492
844711
74014
163481
3322608
255728
548968
8192
556219
2376364
172306
2251427
156102
209734
4065807
15617
1122634
1473184
1883546
566028
1070159
39182
58374
5414509
1434298
1824819
436995
179951
1584983
386595
1563650
2781368
967357
2475874
339519
403591
1323921
611917
922454
2258106
3799367
772710
37033
228321
1618387
1102189
225238
2096988
5685701
4771781
637391
1364898
272982
767527
179806
1279023
6538274
42402
209763
1814489
5363897
144048
1481136
144676
1081463
157553
1069594
230821
1366745
932808
2884007
609640
328152
131032
2242135
1837986
45126
34559
1122424
1812391
1697670
36746
1488370
339526
156036
99758
781492
172759
2826391
948712
350836
3673000
7637641
3581168
108358
3284974
165960
295265
844753
5330889
144477
468793
853552
6995987
170817
1546699
143686
50352
259906
526109
322398
556228
5846754
1265615
863993
1837980
235142
69124
3580818
652310
1431772
3436819
331094
637406
4001306
1825025
1814513
92623
5563032
1239613
7557406
5745018
1546678
13273
969292
543457
143429
5940261
1272077
411540
220032
2373229
1432980
2461071
36890
6536655
339504
2372211
36809
155649
464541
1451653
1217
108629
1077534
636502
223078
677613
400787
144327
6992412
850700
560086
220738
1301421
5650738
209772
586463
2064158
420904
44022
1079351
834493
297273
8144
219382
1102513
216404
320932
228387
5541939
260428
1277985
388133
6398564
1803975
159166
4337227
709863
3216010
922540
1357397
418807
396629
1345773
1116210
577325
1659497
651361
396715
1316294
169506
996794
1070905
6215934
228746
1908751
23176
2425250
705910
1756995
220421
1087586
1873268
321942
196287
144432
677929
23376
322286
829567
229650
3389436
1704975
391653
5919116
5930343
400775
7526003
163650
1115710
950460
1907322
953004
3580938
5885245
245993
74026
142961
847199
5836647
332487
1384182
1212760
99736
528580
34547
320888
58176
570416
99796
16214
113587
2561423
2429593
221620
5143899
386607
567241
155916
1481632
411588
1503382
1159083
34553
219601
144102
2053353
23082
182681
6740603
326815
536174
583076
1122436
1473226
174251
978023
1550303
1163362
320401
1399334
1928580
3628
4489050
776755
3534023
315421
209754
712658
3847750
1546558
36688
278084
599110
1393228
3622088
1279041
294032
1378575
229668
396315
3018720
1540337
967456
835415
105280
396400
5482686
92638
1079160
172765
2733944
3581162
995349
599122
172621
230682
838504
109890
328593
73024
1434277
796829
3755556
8205
3490648
50349
15609
1198249
99721
1129671
435681
96638
1270359
278108
5285608
847311
609730
229373
1292469
4670380
1696961
155655
894174
2557115
161532
1481635
34574
141060
7558675
144330
827148
566907
1127389
688658
1104517
652291
144450
92591
435684
94910
220430
1347397
174389
1104588
839408
1110721
4431259
4981930
1746817
1834417
7042768
1787725
880350
396718
396751
906633
5369163
583118
156015
7143606
156112
95004
1341373
92558
5481834
144054
144634
2203138
172735
144372
17163
220116
407421
4657787
143568
1434289
220056
5784949
464559
1260059
931441
563610
2567253
1096653
216364
482340
836800
767840
1685958
2205953
92534
1147350
144700
1485096
92644
1485147
143546
887081
459152
1079366
144237
7664248
196415
156021
1728587
677857
6896788
988999
2766392
230862
661456
1211851
228412
125135
297303
899787
143994
99682
144495
748864
1618390
681059
392346
289554
216427
328770
161524
1434679
1584977
95078
1734896
350631
566941
1301728
37119
1667567
235157
901061
209743
220182
179890
987061
211201
36887
146831
3938778
863090
978029
699807
320705
2681022
2185984
1814516
205364
358638
15610
1212815
1485022
1514132
6750451
250909
1763828
156108
1311122
1365360
8081573
209642
105308
1385796
3671841
37185
172714
995893
1503388
2260
1201935
515371
522843
927264
165945
1060726
157091
1364848
403618
209707
906585
1034503
1685844
1451662
23166
2808688
1070147
1119574
212764
161505
1081454
223706
739302
144292
852347
235103
1139077
768028
1070762
445935
475662
1232
1294483
563245
5309630
3052935
798976
773417
1753660
1009084
19189
37188
167290
1364704
259909
15613
2735434
313008
320945
2488050
1293395
43998
1122427
2465781
580543
339160
69133
179917
5811573
251346
179781
95027
636520
914179
163680
6983628
1209170
566835
396774
1229
156030
1536064
6750449
341957
210871
179869
948771
399265
343308
1524665
1444299
3581735
1522261
905031
1135164
1753657
5323394
756635
3428371
2729484
739145
259939
161508
583073
220792
3586696
156099
1546630
144061
331109
561855
322472
2321968
223039
1897466
676359
73676
3603553
5567398
13897
396694
995875
274401
225166
6415398
53708
1427906
1364713
1256826
146979
599165
567013
121586
171082
187264
567289
652294
256208
1136480
6362213
479022
567319
895059
1172794
948660
73957
68355
1147353
1769037
4727179
602269
95033
676977
1096650
5104397
328203
1429539
575466
1268793
633094
758615
2395535
318987
59333
336078
482352
396780
125138
182683
154782
1198195
179784
7979315
1851537
567325
1402427
1301616
1825215
324505
665108
436998
228318
7682184
108641
579874
583100
272991
328904
407406
7879357
1189784
6701311
259933
2232281
6711174
234498
1040758
179854
172717
39248
1493344
154792
2068431
37063
17718
637369
403582
3031485
1265609
1493172
5826024
141874
144249
842971
251637
3376305
953001
1700916
1009087
114536
1503376
155661
4568302
1359249
347688
1659446
179914
824638
320845
40444
1066770
156998
205337
4571178
1754385
179730
5938343
1024345
25686
489935
1219959
223093
8050986
144105
230847
34523
6761049
342368
143591
6704714
187219
233537
1634072
6701503
187258
67860
809839
897720
23283
19174
1787982
437001
611893
1087733
3239501
1096617
161529
1846832
6297483
161517
235085
1176982
546005
274644
1662362
1374551
4599652
6307106
401747
74023
936573
388837
209695
3282524
205340
752101
651723
1393247
551058
92486
92260
6661971
812456
859845
2321425
4844774
36848
53374
980503
316029
693314
1746802
386658
338876
208965
386622
439313
479010
1704416
859608
163659
3986994
370781
1102519
501422
490094
2734129
8307096
214646
114888
1122397
165990
676131
841865
3941508
767810
58359
106562
562526
544677
220029
73999
144545
1434280
3814445
1617256
567190
215419
238299
1176973
179926
2400076
464580
225193
251269
153889
6585974
144560
1211
1539888
153519
324538
222256
248171
143555
978020
2611570
360298
256832
209725
677731
555969
8219
386395
2174255
2777791
1451695
4769161
5398094
37060
385118
464476
228363
3908621
2248910
969118
1646908
2484203
475657
566959
676134
111880
143902
1646839
174350
227288
988996
543331
579868
52375
343765
153472
19867
73966
3051634
58045
160467
108644
295256
3642846
223715
4175737
23277
320851
95006
197869
6551569
435630
636511
1279335
1066401
556077
212644
3215611
58371
519741
1509579
339479
1603691
235115
859830
144393
160485
1659294
109761
108626
40426
320942
935420
824689
7637033
320990
349314
1364097
824632
561409
361487
165865
2059888
143689
661468
2170243
67845
3285998
2620067
2101915
1896576
74032
1013809
437037
58069
540976
740832
627992
37013
1265573
439319
7640360
99709
1265630
154788
1825179
391659
2107338
1193092
339208
6336310
1768392
1453545
219056
1825209
1087316
92653
3586088
36968
7158748
997572
1132057
115913
1633106
182635
403612
1024276
50634
2413325
7630150
161478
5692708
144643
2716269
677684
567795
1065742
1250797
2055226
846141
5143739
220020
1385510
548872
1652922
338022
1747660
599173
221623
1703898
2312815
257136
320025
492643
5495445
3620820
73933
557216
756469
2128352
212741
1087895
1087871
7131084
125129
3582101
1646812
563377
144045
475707
23163
567283
917362
6421845
1566173
551049
3347567
19183
388807
4122818
432148
39221
1546675
1364420
901366
274692
3020017
259891
1374512
6361713
144354
5549214
2619175
1895979
1450166
1453641
884872
1087610
475671
52956
1963210
144649
251517
6338081
99766
3648351
321005
58365
1706818
6740201
582959
464600
4117446
969268
23151
337222
6301632
155229
1918763
978008
44511
936645
711436
566910
688646
143824
418486
183752
1265537
349424
851905
1453584
259912
2485294
1706086
1927366
5143834
22360
259936
661507
870302
1108972
228327
1282888
1087700
1705212
3397784
179742
1659350
6307109
567280
1508724
1073413
8222
4544802
1792225
235118
1364839
1060837
144652
2651
229672
163746
515446
334093
1484740
1458693
3315558
1056637
1052324
2242912
1256829
838326
4599360
37022
1227506
2433933
557691
1659443
764096
5919543
1451740
1637663
1024019
2414834
155766
5484706
764964
2348312
3586822
1646887
2810053
144763
1085135
1135161
168722
992521
827734
1824650
343964
144459
144518
852425
1024369
1046335
754840
7192354
760524
1176911
972056
1256715
1514967
950876
2173244
6722118
6539577
1481006
5785097
216415
144703
388075
5638475
101295
157696
111925
2163555
522846
773420
1675844
6075970
589311
92543
432026
95048
623379
1546738
181630
5825796
1079354
58323
1775357
3527535
209645
396092
108608
773414
179935
240343
1376088
1659422
1143707
272994
1346054
2756000
401744
913756
16615
216391
251484
19186
209594
5654906
740823
396733
1908578
144661
1144017
4217362
144036
1802181
339467
1321409
174335
3021281
159634
209762
220131
1759839
1374571
23172
71215
439316
414768
321473
209809
2531504
867409
334241
409726
125114
389720
1136500
1212975
1933318
8150
1828830
34529
1646857
16217
135828
1239583
576739
475614
1172838
144754
5833275
567256
969205
92483
2496505
2753375
144387
2281932
36884
586690
65561
8180
205538
215422
462132
257393
4676255
388939
807659
39251
220795
370238
4710720
867476
548945
1354112
165987
1182882
556134
396194
1364586
3820467
108638
209749
1132105
1008410
967420
5959574
1268847
6514959
143324
844626
6670254
144739
1251311
773423
3050030
108605
769137
2053490
346207
6234834
464586
53609
181531
73993
42447
597740
337861
676899
1213839
209698
1591358
326517
1139005
4273902
739187
50340
1472382
482328
556143
839498
235816
