233966
4970606
3590965
2961592
2235274
7500872
8051643
826821
2574975
532330
6360900
2280453
1684359
67149
7665177
1236836
2996626
516257
5079317
624601
1071812
497321
489374
978665
2372031
7500797
2261131
4168084
111601
7891397
4367583
2263641
1439110
1892880
67185
201593
5968302
7878439
2699282
860521
2463758
825354
1347940
3808593
4127241
1308898
3952355
1035408
50796
535940
67209
5273827
1253229
2749395
679683
1175087
101049
8278557
1305192
7762373
2853422
309817
1253202
2049174
1763126
1477493
8282396
1321604
96078
6411186
110817
2705172
8151666
293367
1897178
5161832
1003702
894489
752450
2662812
957873
2552320
164710
529260
737821
3555777
502133
1422915
3264291
900056
2098954
7900133
2325217
3490314
2243748
2634493
968986
4194850
502073
3246429
948072
2249057
2131303
83566
3662658
1298893
917816
2843447
2574861
7913778
1129924
4381983
6221286
670134
826258
1667984
2525957
7790287
642371
1848796
1819173
5738487
1920233
3529406
122213
185979
5399593
4051422
427171
1272500
1124157
7617145
1124247
1046872
7908919
85793
122965
302318
639262
1480677
4342621
5567516
3495903
201566
2000443
477868
3290323
1642651
1962970
1959338
484468
3385098
1253289
5155589
3558598
108078
2033838
242993
2043620
3240261
2098707
1113930
820922
1106173
5846522
4351189
3608229
353164
3527472
3430997
6401513
3355730
5840976
6437072
7762801
2244195
3732072
5610644
2933876
1774689
353135
8059063
3755154
834198
5273914
1962696
6403986
2204768
1745864
4411234
5216342
986058
7735080
4094819
380095
2239858
708968
302708
3568318
2242276
667117
76120
858353
980691
3734855
1372561
2332912
514604
2587942
1773570
753981
5250196
195512
4756643
5100445
2419299
316568
820925
1230956
7032488
946043
125465
820883
7368204
3512704
5535167
787399
2334565
1959247
376591
26708
1818271
3488983
3981065
3448929
6431789
4566111
3536254
2866566
5854429
4727092
3983976
7817132
1669043
377566
7566384
5482856
4078289
1842048
1113948
823228
646324
861097
7146151
2517252
7092560
3178041
1615517
88344
540157
75531
164811
4128765
170916
6001109
175987
5787470
3777124
1532922
1176302
8205522
1566932
2220323
3675444
221851
925352
1308925
4435235
5445119
1619194
1215410
3713749
2554990
6449221
860695
2634046
1312817
807743
3704023
1959368
1955986
2728136
3809339
465409
5773701
4159925
294713
7917970
1268104
522525
6146344
780060
1939753
1314701
4805822
366644
6748986
98130
2165650
4602908
3245013
1920662
2234007
2431946
7053509
5365870
5273920
415270
1309036
609742
1205557
5111822
1216340
978644
3495930
5366788
3509678
3243519
1959311
3594090
7534570
1306652
1959410
3052791
1697021
2263866
7531864
2279220
2475212
1836661
1125789
1870574
7901513
575303
5380358
2695393
7238218
476691
1896555
5488324
7872150
820947
4274574
380271
8217364
1851394
1080337
93812
880455
2518371
5376320
2252680
4890952
1199055
1976967
820969
2244321
7879016
3736576
2651358
628370
1348069
8212137
2621320
2225270
471388
1309225
376005
2099140
5522401
131223
7585488
3247958
4359556
857261
191912
5658560
3977025
5567476
1154388
5562433
2699612
2046900
684324
1892865
1185373
5054139
2162757
4082978
1037997
1480132
8202847
3550584
1669022
5059416
7822877
1613534
1290531
2241850
1670262
5566058
2133272
2535888
740060
504653
732073
5653115
3677298
1788843
2101053
3568958
5766734
2717893
7533360
987103
131837
3676974
7681383
825287
516949
610914
8192658
821226
86743
3566767
4155619
2567238
4474548
1785471
5762340
2261666
429147
193459
4340493
6692891
313545
4181126
2578358
1887732
4509553
35875
972290
3469497
608855
979829
3029109
5616214
6348285
67194
1763120
380283
1004682
1653671
2241183
392316
2260976
2607150
2101392
737839
1124038
2230980
356827
4167284
787274
1401598
251301
4430049
821965
131325
2103362
1175318
78002
1093026
4089804
272697
2510017
4214894
2598756
6685828
7654977
5360069
8143747
1514733
337510
7994500
1962853
5422006
3568649
8190983
2634268
823234
4755791
978662
4521365
5058692
807793
3586597
8025881
7818599
6274561
7277924
5830546
3322587
492664
4053975
685959
989101
7906324
3674130
675214
985794
826668
1833174
343834
1510495
1697230
2585555
7266655
637700
1641588
1071547
3377585
4082760
849534
2256078
210084
7907477
1833604
821079
5271469
380277
240837
3796792
4144279
2042343
4845702
2869177
1613720
3239982
1452619
1674552
24248
2638879
593577
628367
2887753
1651892
223331
737818
7870150
4272496
7102916
8041849
1463931
2648744
4956884
287702
4085364
1217831
5363064
375682
5380361
1917486
917759
151085
4228271
2273696
272818
951244
7285440
1113915
4277074
2285590
3373478
1023111
1959244
335759
860764
1452643
5805194
2695414
5380364
7686025
7678045
1963483
5059539
4243581
2529674
2322247
8044388
631011
1688485
3050084
132464
69640
7875877
228536
2852645
3408371
2074903
7394507
2208509
294971
628364
7678021
1893331
820398
1426117
6270348
7617148
2180701
6549568
3400084
6220853
1056832
834514
758675
4159728
6269258
3954889
2239165
1866593
7694800
2738597
747106
1952113
718434
4351204
3840393
300434
25950
303915
514610
2640222
3882108
2573139
236438
1309084
1939199
3554213
2488752
1347802
236453
6043237
3050090
447429
1867608
912269
737836
2178541
646321
3232761
2266669
2327433
7484309
373538
3553028
1430377
1202894
1651718
2363546
6441065
18527
2320541
1092930
731661
18542
429159
1308985
2324182
69598
1308826
491711
235701
6218887
4785275
3381402
2467251
2467905
5402764
7820811
7092421
1454906
8069247
1842692
2530062
7412291
846541
697019
1013362
725420
2600034
5775185
5337025
5784109
978641
1314100
1588350
826261
6884316
2657166
5254079
1959407
453215
2241937
2610862
3837280
2173956
101055
861070
1454468
52501
380295
5038675
7844863
1306575
2243002
2098521
131484
6727289
532336
3497365
2518618
3714322
6780362
1763189
6046174
7533871
1205551
532342
2332547
823231
1705188
15499
18554
685914
3505278
2098686
1848820
825269
8082029
393326
2162258
64682
3796786
4142623
7171383
2124789
1788864
3940930
1959650
1915237
2907317
1723708
5802199
512314
52836
772749
1426126
77481
175541
820850
87529
2606161
381894
198845
3050081
7881496
121741
8201817
3702648
3383403
76189
5554360
1236863
3047229
2550235
2991680
5366038
1296090
5321631
1645155
1080975
2627529
2192877
6413677
6937840
3378096
96087
3238706
142494
1848835
2226661
374482
586957
1922756
821290
1232459
3432241
2950080
348509
3926548
3562710
187486
3814927
71526
2050770
201611
380104
2641662
86163
4130585
1308979
110814
1206404
4424348
2904660
7532125
349562
236429
2215101
229905
125853
5346077
175469
4410532
1308175
2267886
1123792
295025
502085
670582
1021662
5888132
758678
2638876
151621
5613555
8086314
2034006
5499780
2867094
959590
170934
988764
122756
6534751
6883974
3116535
7010962
666257
5835666
8120468
5310067
2244336
2100750
2010054
860749
476076
5419441
524237
667893
2534799
197788
5112851
1885070
502103
3882111
5863009
120316
146465
2839720
67362
2220883
3979900
5533922
1025941
1021074
2121958
1959428
3247413
4244142
1157
5365978
3559158
124388
131451
2695396
131313
1053624
3312649
1892639
7849286
3765624
990304
2119812
2336325
1819104
2331521
3450340
7001930
4937910
4116359
894486
5872625
3366209
4907319
174823
1653381
5087921
1911297
3378534
2245667
4244652
3463392
96269
590698
2313027
2136932
3497284
483302
437381
247382
7533670
833535
5358652
197833
4134650
4128850
502124
7870459
5105938
3243282
23435
1033963
4374282
3865714
1959278
511349
2435020
1587478
860752
6543336
5060049
1334793
2552275
2598720
5796212
2854265
1071520
1963444
7098764
7342676
246221
2686458
1202775
2586060
3963334
2038152
7370990
2336187
2003111
1307325
322715
7875100
1926478
7531395
3651028
4003300
4906859
8259743
20599
2981252
1848856
4373926
4317678
821151
2702548
2172734
2025191
747272
4416855
2715771
2672728
4312473
4098212
514598
7380834
4478872
831105
3994839
936315
246203
1238665
4181123
467952
4126678
7683203
1011096
1277828
5074495
453181
3559257
457093
5669786
5851602
380339
2462833
125503
251898
2242039
3255716
3299041
1867679
4353434
89662
229974
2614644
5615568
2244333
1205071
6407811
813321
860716
3238994
2512865
2245673
7656709
1110371
3664377
1836352
309162
69181
1959398
133496
7880936
2384889
3496903
3536185
7926896
1194963
780005
67077
8292680
7048036
2648741
302606
2561660
1163576
2674194
3245331
1494394
2061529
1836706
473744
2003372
5504117
5346086
2614653
3427400
176808
6401871
1420077
2477695
2649729
3364129
7924482
2458578
5561527
2306479
2020700
1959647
1047034
516898
122762
1016741
862039
318642
3309324
6046015
3674067
3566735
1602981
96090
2349733
4124520
7587534
580179
67977
1848591
6794349
3817319
2744247
2036866
366638
2583175
1048643
1890310
2099650
6857773
1981219
924247
3546009
2244348
1673904
193489
948084
7762130
2705674
1645479
7816153
133289
2280456
4246166
7807250
2075884
1188925
25048
863258
604422
3429396
1913023
5362136
7584936
1912078
2313024
291011
2515850
7646047
512400
764572
7587669
3283349
1217002
3139494
2117782
6201988
2100183
3993029
8198976
1236812
45957
821106
5614085
780069
985923
1107785
402992
2560007
5087645
3056634
7912626
143054
3050087
3445359
3520860
1924731
6535540
2949406
257786
3550569
5859504
8312034
2199437
1454477
1946992
5510831
1130201
1347907
3714025
3607943
2224447
1215333
1774686
4082595
6444208
3759419
2199531
195653
2042307
3490528
2250930
198782
1836685
7697360
1775979
826605
525302
1836664
2621100
2244330
2333827
77391
5829004
2904866
2400641
2126764
8339205
18536
3015302
6218401
516850
4731445
7105622
1013422
3004863
3468588
2260994
6478976
667854
4475768
686464
251910
3753570
4159737
1439071
83581
5484149
1970077
2253003
3571078
3862901
1099715
2716666
1836556
888921
1215309
725423
37402
1908425
67965
2526581
2245670
6548223
898705
2584306
1306637
2099071
3407522
4098487
502061
3673198
2173096
1152834
260067
2695387
2317810
1735553
1908428
1421094
7707918
34732
217806
8066762
2601252
2841336
8047956
365653
3707522
2907311
7918036
5484146
1651751
338124
664833
1182981
5830253
5505855
5366950
1229830
3441515
1113888
285093
4371380
4087288
33769
3448888
8082026
1308982
1836709
5337580
3231098
5507696
2690182
7611672
599659
2219326
449145
60639
995400
7910417
462225
68983
2061216
3315774
1095860
5742108
8063521
1908970
7278125
1789306
7821398
4180582
3807334
5483783
5113677
7084602
2223343
292083
2686130
4003552
2244324
6426976
2416863
2565278
254206
7238215
1206434
3677346
4411794
5508029
171295
1493382
6370220
3714400
86566
252139
892127
7905274
380212
7674658
3655797
6212405
22298
3138247
6545792
3392094
1046866
504413
5367262
2516620
6040852
2423513
7617526
1711042
807746
6325654
516628
5365826
251934
1106346
1817579
8192754
7616323
1309117
2605355
1133828
6902278
3939379
247418
7855903
891523
2679530
7586299
1836748
5662193
1073193
5508296
353925
3752129
4242307
1653284
246215
2061709
2841471
376588
2447329
583486
631005
7088619
889555
201497
4134389
379889
2260931
502064
7681413
8133710
3770101
860698
6250619
2317933
418062
1818097
8416
193303
1934799
7790269
2670625
6210856
6124959
6094442
5085107
8326499
1013277
3698078
4436213
5862276
1848793
7818859
4474395
6407409
710330
1819170
1959296
5793911
5026301
2716974
1748731
1774683
5259584
5875067
6060032
4410937
7915533
4434736
5662018
5543534
7829088
7369031
2215014
1819110
3058637
1331785
1897127
1452640
3563856
4662939
3996167
1238233
3385113
1307382
4085876
2054298
7384509
6401859
1125388
148600
3231380
1349104
4581765
2042948
2331524
2486878
3269282
380182
860875
2214368
2336334
867008
2103350
8204656
4366826
3241947
1818268
1668054
2693378
1964156
1906677
154803
2226754
894570
1202855
3446435
3381670
2605987
2161228
379128
229986
3374543
69625
3174927
463395
849856
611010
951190
860782
1575771
3817283
3497089
7477474
1819164
3770095
5629589
1232715
99985
25968
3989789
3419239
1172841
853666
354310
2101035
398951
2202285
3463526
2418764
779272
1961636
637396
3169413
4845708
7283687
1048444
8293703
2242171
527337
2935470
379883
293013
1994185
889573
1941267
7531189
3674103
1368054
6201134
3231643
3239800
6144744
3557700
380128
67398
2132031
1206422
6571615
7220294
8081492
5839410
133934
5614082
2517249
1360216
5654754
2132248
491651
25956
708941
1633950
860746
5108969
296232
2262944
38366
1819161
7534615
3772064
7678054
2250975
4672855
1349077
7915401
1908431
2686353
356842
2735119
1939145
7523432
1206473
3490630
1109540
2321662
2054286
502148
42970
5445045
1063039
4001195
572052
2681763
4159985
860701
2230141
6421447
7587723
798031
2118321
5380938
223385
2348577
3662619
5860638
132005
7274487
751974
4351222
1087139
201239
3313374
3533477
3674124
5099871
2326703
6875458
3667369
