534695
3429997
5388895
4624021
5494416
5468462
7214445
5553963
2776247
6875629
1875063
7923684
3395315
8063135
7893943
5519268
3664646
3196724
6300578
5419364
3703264
6548310
130993
1873984
1752455
6041059
6492713
275107
1752683
661942
3861596
1957193
5514779
5871510
6184645
7934016
2151283
2164342
112718
8257294
6428279
5402129
2272387
133842
5694388
1604597
6722888
2107368
3384077
5395796
4552434
5582679
8285175
2196018
1949033
8130349
2227059
6541856
490723
6608969
2415818
7724956
7295628
95633
1932163
134001
6226950
6324963
7366835
3215303
3164977
2971200
6598711
2170869
7344977
1212085
4118843
5575964
442639
1997656
659921
6384932
6664489
3334270
7935077
5814297
4680668
4407382
1812862
2401184
1966483
6546328
973504
3348617
1212120
6215931
5406421
3694578
1847662
5067068
76099
6579759
5734565
1558452
112222
5238626
4008446
198878
5360134
7681628
7282749
1225549
9633
9642
5337724
1963201
1987932
3249422
6380671
2335652
5551006
336848
4147009
8128636
3288227
403223
2202507
7546392
1111383
3566600
1932764
7372335
2045581
3368785
311404
2777536
3823722
2154954
3941492
7029857
749003
1407313
8196165
7554856
7682242
6178747
4549338
3184003
5623563
345603
787287
2283382
5399420
3286407
694812
3635906
7669456
1752659
5963411
5354930
2219383
6544256
3438605
844103
3665527
347890
7558887
6541414
5564898
559777
2764249
7809490
1966903
6350558
4271261
2558182
137008
6068435
5803334
2130493
6248456
4405071
2562786
2578633
2277621
3748978
6301743
6679483
1130364
6514409
7388614
4163189
7561559
7784095
6352284
6231021
1139515
7346261
6241568
6355161
7105901
6660184
4157286
34062
6318279
7567541
8178438
2975476
7808842
5469632
2784224
58356
2763676
1932923
6317424
2174755
3824591
8283273
4787834
276663
8051267
5875652
4699113
76452
5643206
1183376
2109507
6990355
5479490
915871
3334516
1523631
8200335
452783
6378274
2868739
3672066
502560
2633694
2221635
7660958
7972513
6378118
805300
822773
7808196
7509909
1314659
2757376
4177884
6996973
205724
2466196
67367
800560
6015217
68962
5416700
3442230
529509
246689
5714808
2492480
804897
8202272
5872784
5322405
4561106
1211935
3137278
861499
419955
4388574
257842
1213833
3984126
5551960
1236948
489460
1372553
3668151
7030357
192583
6162374
2236011
6394337
2162856
5873551
1889506
7697605
6964244
7471992
5414395
1383235
7864403
2050233
7659244
2206369
8057715
2220048
86088
5399417
245424
6169378
3666394
4648487
583576
2909739
3016144
243425
7831371
7080405
2157913
6153964
5879245
3728753
2067903
2254028
2695133
5331101
5612805
4997796
2382383
5082984
230469
487602
1817106
2848122
3215433
600525
8042894
5569657
2179573
7554874
5671281
2843130
5563071
4269778
2337764
5744210
3861828
6799224
3672508
8093547
242978
5658159
3506293
2764243
2679302
4519827
7625541
4802229
581272
7863934
5557649
2220230
2086788
1933485
8091253
2220209
719170
3489769
4043739
5548576
5381753
2429515
5314706
3179513
776300
6184627
7859134
5680790
4054908
5336923
2628089
5403433
5566235
7561495
433395
959434
7490273
7971472
7285950
5623509
5555088
3207316
5522014
1966480
5734988
5865910
2611699
4457639
2240155
6592778
2562792
3285244
7833265
3134750
8012473
2441067
4162793
7013278
7817105
852984
7584291
7457263
6103080
5944911
5863487
1493537
6325284
2260532
6990169
7702393
6817097
3132465
8185871
5104605
2240069
5392374
7758612
1230418
5459602
1991147
5315215
6755506
4159634
8203907
3830790
313842
4050387
6378121
7831407
96354
26387
5540514
6826139
1694322
1747480
7832986
5340108
3545331
916882
5336150
4909253
7949229
7761784
6205062
330575
5323202
5361918
7356687
5602154
1028597
6167758
7673098
5564808
3714638
4324043
8189583
5532196
384251
4023211
5381097
2388297
1889816
466366
7567941
2048052
2872289
1522739
561086
7954803
2216039
8024071
6167497
7602408
5563258
73599
6503990
3665512
4221563
6681919
6545613
5398706
77082
5650315
133920
7926948
2686182
6666675
311062
6775075
2770648
112782
558194
5555002
5249628
5338455
2870722
1932203
2309251
834126
2356617
5402613
76578
2055149
1537376
5549709
894987
1653542
4771622
336548
7040120
2102405
7830119
5582682
5691912
5916083
7614975
2248774
1126836
7102528
1874918
5430478
5357392
8015574
2629598
8286150
740331
3327680
5287249
5309617
6657532
7669708
3489351
5073185
6551125
5602172
4432336
2254332
5323115
6683071
2604409
7555507
4526801
244992
6950925
7104195
2381600
5784513
4930952
1874726
1990894
67713
5524772
5873794
2635640
1965585
4593548
7554949
1316300
5612990
1831339
237249
3165056
7637282
85986
43688
2079749
4163791
4422117
6795135
95950
1897376
5337642
5890077
7235042
5393203
2574906
128471
7849933
5681066
2110295
573671
7688838
4436686
2409516
6110399
119597
6269431
1163965
5874333
457964
2102599
6408935
7920531
7223271
1578157
1249650
5627675
6686401
3705669
2241881
5915756
69883
6716340
3288096
6117243
847202
2272003
1956187
1990788
5408705
2281389
2231597
1369071
237577
4504436
350718
7697327
1064712
251057
7892269
1911443
2443326
576413
1477233
7538861
1883627
2160941
4389027
7665998
773357
5448833
58455
517192
7626218
1873807
2628662
7501164
794004
6924513
5714991
5360559
8187577
6795367
5567368
6551022
5072018
7544881
2865269
5340117
4145787
5330837
5482404
3735412
6598810
2167004
56184
2185921
439253
3673190
2598976
3664585
2390102
1932775
8110422
924097
5424920
2820330
2249545
8307362
1957191
6644004
7904897
2882613
927075
6238373
5337962
1848937
4592567
4693027
5338548
4190059
7546365
2390166
6667765
67443
7618294
175460
5515081
7030054
8740
5403899
7023980
5332940
19124
2876797
8089521
2129012
236664
8044250
3267577
1932429
7129029
6818152
860322
2236569
8020693
6680778
2184047
7309891
74496
8158358
8098769
489809
3194246
7929285
5763761
5319552
6674419
5331711
4158139
1578375
2364792
5386529
6538878
8192470
98246
5584444
1320872
4594147
5872865
1084269
2924437
1945137
2550139
3618232
1847755
517334
5949802
73379
98262
2736940
5520753
2263190
7980518
1957079
7699337
1015585
7121117
3956183
3298873
8007366
2756482
7137728
313408
3947844
7561554
3945907
7640434
3960788
3665714
5658419
5553093
5830600
247532
8549
34370
5113426
7561692
1502884
503680
5556765
8126653
2775303
1812319
102763
7358142
7771457
7423301
6661712
354544
2142236
905648
693573
2627276
256621
4674180
3656059
98626
5388899
59785
317614
1274158
5460602
410160
7374165
2761965
1702105
3023942
3814412
1655045
670582
6967803
2652888
4145515
298900
7558405
7760684
3107423
2329248
5112402
2382439
7961866
5398631
164434
7018690
7532221
1623925
6330945
8003543
3425461
469357
3152815
1105539
509988
1927228
2390497
4152121
746474
5534595
7704328
2559465
2226445
2255400
4791112
3990107
1453539
2652999
251869
1152261
1786210
2602905
2599123
352680
5355949
8064419
611746
7661297
5553686
5095214
7258995
2257749
1932487
1673561
1917104
847375
5801890
1273532
6785466
8043515
6254546
7362204
2161617
3386371
5057151
6683764
2618805
1990998
5378460
6178585
1968891
1179182
2180905
8150092
1084748
3035316
2762681
6447844
1238308
6615817
766315
7037274
6322061
2926924
7817552
4699104
6457768
6228297
5884760
1908928
1268203
1040187
5903917
3164133
6167785
3735558
4809186
3621512
3552596
1622872
5772557
559219
3389311
4871164
4512896
668482
1151433
2840975
143520
1712758
5054175
6226537
6690734
6677797
1345045
864568
3160132
5412186
2828
6006215
3977152
801382
927114
2749571
871145
6917401
3303944
573607
7833185
4478153
6657538
1334072
2051514
415528
2010753
3941143
3657047
5638439
5339540
6210713
7762589
7093222
5636246
1264652
195539
5340983
2688322
662232
7561856
1913569
5412845
3369364
487568
4159062
1971658
1492833
3678321
3193213
2881917
2051856
7559747
5679795
5909057
1626766
5887095
7907719
3391221
7859131
5745119
7557292
43606
6694792
5529918
3137625
815300
3573878
2113941
97501
5915192
5581646
5670884
8252781
2223687
2257387
6397189
2767434
6945746
925436
7280449
7505075
2050649
2508985
7617611
2250519
5026069
1088714
7524682
2050686
981333
8026032
2236075
7868486
762230
8160450
4143106
3977926
5603708
8284014
35412
5629115
516436
6989122
5651915
5528608
2565235
1558665
1083488
5340385
4151409
2582502
2458917
5421319
5338437
5340503
6331634
6546337
2127946
832404
1873840
6998553
546727
5484276
421855
1920679
2306611
6294036
1908464
7637371
6980179
5445356
5881370
2996573
2166439
1924347
7645900
7119374
6069746
463085
2186982
204493
847977
1088572
7919643
2101281
8285235
3815911
8007456
7608596
5395748
107618
5370113
7285280
2392638
2172039
2228412
7557116
2474081
3139152
85790
1174673
486758
3160047
981345
5145815
5902486
2324668
3432900
1379102
5537426
35391
2162365
2409912
3286428
3677214
2126704
6237976
1968996
1040683
865091
6846994
3700690
768669
6677441
6043006
2230020
3235009
6661230
4151475
4012866
112174
475816
2079401
5339813
7595754
4115874
178385
501860
7179753
4683612
2605966
1086095
2371162
2243595
6909301
561355
1249719
7186354
963813
6302975
3696272
1909329
238081
1523015
6394104
7725079
2578807
175448
7808587
1064778
1968691
8273462
7797899
1184926
7602865
44314
6045862
4194181
3434800
672512
5940519
7583725
663053
1971389
2113620
2170281
5617879
3662688
5378773
7932296
3206896
7686479
2866617
1331238
6687128
1260458
5110787
8196162
7727409
84138
5525997
6293154
5396108
6572805
7082953
2838885
2228208
5686552
2863208
7941905
1118271
2833224
3452479
3669338
746498
8336879
2760909
2097124
3696299
6551343
8313231
1629669
73511
789517
6213520
7524596
2467
4157472
3990200
1743065
7675617
329084
5310759
7030285
4189878
1633404
1595505
1089189
3618710
1927424
1688551
484006
7702988
336774
5590004
3826753
483299
2326092
1898331
2049294
308338
6446829
2716965
2101287
1374355
8339857
9444
2775251
6681084
3700079
5582685
7358713
6677297
2768885
3545710
1933217
7036618
4700000
5561584
5314751
2068291
4165820
5340794
67707
342345
7082132
946678
1932212
3956146
4586891
7076478
2582694
463256
6177762
7674759
5332092
74626
604683
175440
2202837
1919454
7092490
6230668
2247523
8015149
1242872
3395327
5290672
3366683
4116502
1573805
7549636
2100821
2547214
1972309
260118
618956
36018
7715394
73344
1874997
8098023
2266234
2619142
8047992
2360061
4155787
2744442
8006691
6181713
191174
2253980
4677710
7584807
6450609
6205389
6053790
7696323
3442795
7123095
2105734
5424773
5213624
67720
3479581
8105090
8067046
487088
5891919
2878249
6206467
2532787
7611441
4190387
1688747
6212615
2887313
102687
6949986
6657541
8017181
2933680
194937
1159530
3284842
7075391
6331625
8094843
629483
7501167
378262
6485727
5359515
4415618
6180355
5680892
8218120
1728866
2141670
2489539
5038134
1893289
6276205
2103425
2229674
2084899
7458458
7662292
4147948
5494349
6207286
1238836
77388
6828528
4159614
383039
2080816
6208255
7931926
2621962
7663463
4043741
6700659
38941
2865530
7090364
3390367
6763437
3531545
5899642
2173111
6609349
2109285
7626887
251652
5422674
6394364
3698184
5876413
2070048
7081841
383149
8193042
7611918
8110427
2267742
7532190
7242888
4674973
2054645
7833401
6205902
2474942
7584640
487094
6246405
7008010
6177724
2284049
4163884
5387246
193060
2049118
1176506
2623484
2447450
2116837
4143053
4475007
7290765
6180243
1706414
5338042
2558711
1932767
3368104
7677430
7611429
4232177
5877543
6788385
1972684
2868462
384965
8090
1494389
771069
7783027
2458327
6693921
6583148
6576066
5649507
7197128
6669559
4151400
5533498
6435317
502297
7442818
5537135
6976085
5322764
439250
6788738
832268
6325374
5612217
2583633
292590
325266
5716117
6454859
6574196
5484116
7980775
5526378
6242285
6183659
7831511
7521316
1664547
418164
2864586
8217553
597464
69880
3826938
5557401
4935446
7771393
3390056
8026436
5154596
1159101
7532458
6741882
7452358
1160041
2893684
20878
5554429
1119186
2011130
2162517
3206887
2621154
5919375
1660047
2068269
6093496
1320773
7501161
5419369
3035337
400631
7645897
218267
2546352
930815
602168
1187721
1792937
6229081
7618276
3453963
3364356
2269679
1495818
2521345
1922045
3298581
246053
2867237
3004625
5853826
4360783
6400506
5918855
97256
4497692
3664523
7500617
437846
4200043
6233275
7705419
487608
67072
4887751
3425785
7560109
5856847
2294238
1308532
2817997
1652225
3527904
2105643
5391869
906591
4510792
2866626
5576100
7336012
6867222
8310111
1873981
3829956
2757944
2558192
2144162
964652
6202800
776321
7504354
4141830
23403
6593646
2927111
3004040
6588679
3751725
2608167
148113
1392040
7662289
6993835
7282743
8104376
6378673
1097624
6213556
2179429
20917
6240851
1428425
3256220
59564
5321178
128736
5899414
5669531
2166509
1948170
76244
431270
7542306
4263866
7608778
1928053
5557622
10271
7979974
622291
2494938
2332407
2599462
771630
7501813
7674727
3619199
7098716
7941572
1990876
1155502
3452465
76248
6038650
6936705
4941645
4011236
2484602
5341911
5881124
1796029
6796797
7557043
5407864
1333067
5942070
1910800
2071361
4047574
6426076
1041051
7290308
5340885
5414299
7023314
1702824
3284110
3673396
4143061
5656497
1991738
7040665
4090757
