4033202
371470
8091633
3161763
1402493
3986629
4281223
1280598
546727
4898217
2762142
330889
4629424
3982700
2760402
2405694
2309632
115752
1330180
3718949
396888
415645
3861547
168180
968622
2383143
5152823
3808705
2050518
2392101
5033118
2690734
3333687
2624361
2371977
330255
1044670
3920605
3161757
2011331
1720791
1744641
7781105
4216716
3046112
3381507
2484119
5260723
338671
2298462
964104
2387020
2114922
5033115
162382
3035010
4246607
220717
2747587
1370652
2003078
4625128
4772781
4401916
2408231
2119038
2070952
4804739
931816
2051983
3702387
2481193
2411647
3434869
106511
2579734
2634397
3334516
4498170
2404978
1968783
4720575
4767746
3704982
3420027
4030055
2370304
931525
2222131
1836064
4245921
4531655
2510678
35217
2892751
3105503
1465584
769702
4422239
2129243
929443
559498
2158014
3851682
3498025
2213540
4071724
3140346
1224889
159487
395696
172882
2075693
3972788
3390397
2398976
574770
2202783
558659
74599
3987944
4497405
3155503
7907333
5068306
1394304
2830318
2003171
328916
2015111
2411650
4500036
3613973
4221581
247595
3922278
4464485
8091662
1886239
2205479
2064929
1334527
2387023
559249
3378366
2503136
2292241
931813
586097
2829561
4889497
1225161
4152005
3443772
3230909
3159300
661127
900163
1925362
3715138
272211
696337
1996024
4343758
2389928
2047281
3153878
113758
105015
4846283
555109
166720
3849070
1409530
2048394
2556100
4097010
2848390
22363
2760558
4131540
5652824
3035013
4502601
4972515
4888804
1893533
168701
1403434
1181656
179198
1937856
3808200
2074288
358203
626878
2412275
1965523
7521712
2396612
2760498
2862563
1591520
4473209
1331767
4510543
4551711
181439
3623485
208707
4244936
35583
1964345
2428830
3132770
1890962
4752153
3941767
757684
4028464
2311479
3159339
2619549
2002532
1800957
4663041
4370647
2600739
3528848
3191375
3944636
1422933
1441110
19060
26918
4906564
1926368
4703906
1225636
1934200
3391872
4149356
946280
2079941
2408907
2220521
1305611
2116239
1303857
5950890
4221232
2002126
1890535
2773456
2806474
3542634
4162643
2763999
1242593
104410
1739814
141793
395678
167700
5428202
932342
475239
2128367
3948245
227603
2786225
1962425
1538843
2014870
2101189
2738807
1897392
4260377
3541486
2395029
3108549
2003375
2622568
3946065
2071973
173830
2421751
332521
4828279
1400378
4693230
1337613
1671522
4265832
2010983
751998
2416576
1723139
402391
2014896
2847674
2408901
2240613
1939196
1966193
1284603
1934358
2753863
3153404
4077113
558176
2753768
2865649
4189304
2203110
2860644
6413446
105006
604944
1225770
1552690
2004773
4281199
1916150
4067433
3955804
3578530
2712824
4569611
2646194
180781
2139115
4670461
2786980
1232082
3722297
1702112
2238755
975606
1164600
3016431
4140447
1536123
1966735
2871557
5075790
1225809
2812885
2671271
227495
333689
2071224
106577
3162504
1278332
929467
2177057
5115444
2113763
256955
329175
4125699
318811
4367677
3278163
3163733
3162859
2769261
2077141
2411357
1934128
4552826
22538
1696502
2441443
385186
343666
2779915
3480166
1703170
2378586
2763763
174972
1340517
2784353
1304293
2531195
1181728
4856655
563017
4913808
2110869
2778689
452177
2909272
4913805
1228328
4229999
1356935
5143409
34340
2162768
899553
3216714
1968530
315301
2003105
2405655
2728870
3373841
2533337
1182052
2779252
932264
4013044
562976
4252080
2600202
1016921
4884539
2776442
2250024
4397728
683332
5341016
4987724
554707
2723137
2139106
2206517
7920136
26924
5222130
573728
3154460
1941031
2829648
986217
1873605
2748439
2415556
4772418
2148022
3019186
3372750
4519342
3348428
4198351
5322887
3022955
4205546
3161772
5083328
2106576
3153278
8145528
3723503
602141
1020552
5070714
4091832
932339
4220035
276162
571554
1502186
6542595
3552300
3582236
2266210
114424
2652852
550950
3046115
2386927
2754049
1701541
2014819
2565317
3262470
4457318
4325876
4572232
4196340
7949
2048082
1964321
2002574
1705700
4253895
2201303
3974031
2841537
2402535
2842470
5315338
559348
651352
2120525
539821
3670122
2532052
2847512
5070726
332196
5430130
751854
1965609
5258850
1331005
3948750
1228417
218576
550097
1480308
2559797
1776256
3979267
2272366
3029389
3503355
2254283
1897902
3771932
604821
105000
2375840
820302
4133607
626917
2754046
657095
2377963
3520746
2741868
2238916
228087
3871462
1119138
932972
7502005
550947
2773175
3641136
760417
113767
395756
3159246
4434630
3954847
2219053
2182453
98911
4152038
4911324
3605784
3937500
1966510
3154445
2002760
2138718
1303839
4410256
5767396
2113760
2003868
679836
57707
3140196
3024783
174720
1314831
4971304
1337536
3154448
1966981
3333961
4189289
2838172
2413885
3279048
4069100
2139103
2003309
3454311
3791573
1988490
2015078
244860
4918860
2279470
3681847
419579
2037154
330904
5201086
2271856
4552817
3536365
35493
2004239
4158895
4774860
113803
619169
2034413
2579226
4200905
2054995
2411888
4928995
6428368
3871732
3329927
1250463
1896200
39557
4747798
1745689
4218958
4208085
981892
722231
351775
2382499
74524
1939989
3730247
4897219
2757695
4154604
1910545
2072377
2847245
4722308
929464
3982784
332615
2881903
214571
3381014
1341863
4463960
2075917
573489
245888
4108750
2582790
2113766
761012
1305634
1168313
2222695
5386409
2488342
452141
5225604
4533239
2360836
2784665
2847601
3957809
3160822
540671
431633
2198105
3937396
168604
2754019
3809202
2837968
7592150
3535696
387934
2786444
1967303
1304434
2836488
121182
1933816
841644
373688
4722813
4390526
5433636
4140834
1300160
4192499
2111283
3811831
3156185
4211550
1526400
1914892
3183972
1702937
571563
513512
4281211
4568275
3035016
2845370
160368
1934361
5225580
561236
2187745
2832729
2005048
3389627
1739764
60890
2971554
4491261
4336453
4488804
2012982
2408862
4443677
3375167
113653
667266
1225271
4672307
3861942
4196575
2223511
573725
2800750
2844947
1370655
2776439
2993814
3209164
2533343
4156825
3171140
57635
544575
1741600
1235212
3675579
6583151
763805
431630
6249066
3347040
2754655
751280
1485270
4208112
3982883
4047799
3873627
4263488
3715066
2377205
1969496
115755
2201324
582345
4157256
648138
56291
2352604
144985
763817
4776641
2375414
4208183
4099521
2205657
1341336
4022494
3635428
996037
104632
4271348
5202447
2086767
5795328
1965872
1020912
111661
2847821
3323238
6669851
1987439
2184753
6679577
3004863
106571
3962755
4069519
826839
4883565
4905376
2297461
6844349
4706818
3664466
2580458
600979
2892754
5028181
601877
3108615
3959141
573486
3865753
3955516
4200746
406375
996546
3907537
384613
2048064
2047225
4190587
2626467
4264005
2851023
464053
166315
573453
2007429
7606770
929680
5055244
2838214
4806910
4212548
34036
6226971
108972
2128851
2829904
1231759
1516500
4162101
2558090
2775124
3980873
4023083
3982425
1284994
2756482
1427816
2015383
572569
4416579
3481666
2803103
4988474
2419609
5225577
2222945
3800210
3144620
571548
563056
4030049
1925465
4151463
4970689
2839322
3408557
1933309
2156996
1775883
760667
508663
4871840
2754736
561337
3329930
6358037
900125
2756111
3906132
1337556
1406845
4712686
2005410
501233
753720
929458
2087746
3881771
1225319
2025084
4257516
4219757
5079338
4221513
166095
548050
2791793
2006468
4281205
4244694
3179769
3962695
5139821
966908
2803220
8006
4193503
4467933
297839
2775431
4772754
4211472
2003012
7502002
3699419
2329900
1304317
4550965
2109677
2256933
3862319
414651
3022119
1103670
2191236
2754733
2848423
1971640
3858296
2845331
4805003
1118488
3791815
4281208
2867085
1720556
2828805
2014879
5055154
3140949
1955453
1255186
3266219
2777248
2784650
1341309
1996012
2002766
992263
6143922
4506902
2197553
1927355
2298769
2803025
7904588
5846309
3630065
1898692
2444787
2766784
104967
4460165
2814746
4284468
4833096
2479501
2905955
2579235
3614460
329898
1224867
3035019
3914000
587879
2386972
108844
2409118
628436
2833224
3289674
4889366
4834489
2219767
3165098
4151487
337702
2511637
1191585
3250932
3980885
2564556
3022052
2139930
4130323
2434822
3969419
4917787
929659
2003180
3614388
3989195
2004554
3390719
5146994
952642
22532
3396542
2805011
2143910
4262631
2760357
3208062
4386926
2412908
4532018
3161760
7639654
2965836
345079
3685290
3161766
2564520
2012041
2294547
4220098
3485164
929452
550962
113761
4777051
1041629
1997919
1371525
2042978
2003177
2704614
2816678
2379021
180172
39107
2239979
2002094
760970
3389471
947050
3603547
4030175
1897845
3156221
1416103
4776653
2138865
3731689
1305578
4625098
929455
601012
3161775
2005464
3048648
2530640
4822524
4843794
929650
106589
3456949
2326180
6931597
332301
4151071
2528878
3462527
1191911
39050
1705697
2751201
2003054
618944
3922272
61019
2816003
3871426
2511270
6070828
2997004
4367559
762888
4479845
3035028
2346633
5765180
2198486
3963063
3279314
1230246
73346
2139396
1331871
4339494
2002952
3697136
1925186
3406570
549078
3990311
330453
1880088
2169252
475404
4952542
6577589
3974630
