2803068
2448380
563689
2070461
571920
3159185
5376182
2194114
6819248
1335517
548475
1335830
4204730
256257
548757
2733857
2374484
6818594
6757462
7131998
548637
393106
2812294
475878
2278755
2450536
5385662
6277841
2724414
67907
539823
2448646
7215416
571962
4686506
2724791
256146
539989
5928719
571912
2450213
4204907
548628
2049686
4202887
4204203
360813
2193373
4204979
624155
2735434
1937858
571719
337077
2734131
256265
4807314
5550384
2447838
2724440
2279505
540672
4811280
2279261
7216562
320848
2450175
5897340
2733330
2403500
360733
539836
548322
256231
548120
2393650
5540691
1949540
271996
7123808
2724407
3715920
2737166
2724534
2737507
2724170
5512766
4202833
5928809
6817436
1960813
2448640
3719646
256190
2724424
169046
2421621
3717148
5894955
2083950
4204191
3723332
4203147
2370921
2374565
2008185
2734269
110533
2724929
571858
256168
571959
2193876
571947
156548
2737327
5637523
67842
7073729
7215449
571854
4202221
5540253
2291333
539900
475767
2724825
2044427
