6511183
7873129
1319682
7872133
2492212
3247297
741063
683245
7846453
4071006
2851654
7892434
569492
2402768
7544723
5409236
6603187
5756645
5908525
1903709
3049299
665586
7993947
490812
4557987
4217428
4529829
2566254
7510935
7980870
8218129
3983765
2620253
6788
8009259
5962007
6099149
6930504
4361401
7028221
237788
5353419
828501
7869457
2558114
4008640
445866
2092075
56402
5154351
608172
5691990
1133036
3822001
3322282
4442427
1584758
6033795
5845982
1659807
878981
7301102
7073995
4317469
1145633
7874922
2247763
3909431
3048902
99997
7599503
3340043
1302202
5326862
755951
1892657
1023643
5905763
620385
2676446
7986696
2231975
2175617
4977064
4442079
3821992
7422280
208065
7568251
5428331
8282001
6173465
8041500
1276618
1202775
7509889
957455
3562704
5562274
6951945
4896406
7571168
6425033
215295
160728
388960
6769400
1176352
2884488
3816272
2051080
1002982
6889787
2905698
30265
5593511
5745617
4207595
216280
1417117
7017780
1915537
5318574
3638724
5088846
219272
3270147
3850364
3730948
2833731
7949943
7792472
5336620
1271214
2390084
7180569
5847939
234620
5928131
2244620
2464878
352710
1032224
143582
4028327
5561434
3219550
158078
6432708
3850115
1259085
7980867
363188
1558867
474481
7031334
6215426
7030929
275506
2106105
117243
761623
5928236
2050274
6572048
4828031
5549835
7653942
2753459
8307129
1874462
544926
4536797
1989900
4092327
322577
7674619
5541732
6881
6431310
7229887
3267015
1133516
626967
6933884
5991132
2927399
2886883
7642320
7612046
432963
6221106
1442388
1431424
845946
8169700
7756495
7513581
7198020
954913
995604
1910006
951075
29516
1659428
7783969
6708501
6849043
843917
1887534
2089847
5357395
1280151
6334406
7683434
318781
7067607
7128986
342622
39347
4376341
616506
759235
7665656
2069585
7568885
1648023
7704220
8236312
1227611
5322775
203633
440098
6775399
739654
7664485
5931233
5370283
2999429
1944976
7245339
2266820
2764982
2876872
5877013
2308957
7648448
1366768
935915
7949143
2579756
7984581
6166547
2280566
5614288
627082
5358077
7736123
7587054
5278184
6313127
2778910
5352372
8169343
5571028
3106599
3372874
4209123
5341427
603099
6765470
538461
2265269
5821263
1755717
5878334
73313
7454613
7610394
421120
7509707
100138
1233700
146955
153546
6551166
4591254
2232769
8018951
574282
342026
1966109
1421859
4563643
19216
7607537
1063241
2489902
1263872
7039810
2766456
2583382
8105389
3830125
5093377
1242161
5338587
383260
1190162
6579798
7345822
180118
3966187
3260936
4596598
3028076
3499103
538581
4985139
2483774
4829054
6418123
4835324
8025012
1940917
3468179
393783
8125219
6424725
976311
348183
555468
1902251
5165004
2275585
147225
1436330
2980935
8065529
1420506
3664541
573637
4796866
1483507
2049061
3371790
7754364
3821986
7300574
6657515
1531141
1471022
4868964
1867988
4191146
8207324
39353
216595
354111
164169
6607207
342452
2426072
379894
2088331
5539455
143192
7701945
6207901
5512644
7274598
182830
665638
7181844
7288287
100472
7855032
171178
1444209
5416190
2764895
7661315
1762790
2308249
6991112
6528291
5353201
5536697
5825925
5806646
7549786
7861891
3264291
154148
7718384
2603172
39182
7713509
391005
6209231
8050624
5348354
155901
1730646
832432
1914582
1309714
8166370
2139594
33442
5687160
3767818
5588789
926380
7857589
155571
371084
172605
5026239
7661309
742164
29507
5108829
216642
374506
3182305
275776
2292163
8212945
5335784
1975786
2578323
1531357
5852837
204935
2579032
6981068
1967765
5990860
8233851
2357051
6499387
2466643
6040962
1061496
221551
221743
5505341
3049309
578261
8157252
6869
7287830
5682905
2206214
6846713
1869430
826409
544325
102696
5467988
216652
5964942
667144
1220508
1914454
3988082
7284242
1960494
5930529
3000462
176602
7707379
6878
1921673
2247766
4691693
3049290
8030773
3031485
334333
2691986
5260282
1946863
6425091
925094
2471261
689850
2617675
5754267
1519534
1519964
114927
3808399
6857776
157849
452009
3396731
59408
7294729
2265230
214220
5629245
3389651
6309053
333169
2575761
3772136
5724924
761597
5364635
6444586
6578165
2628867
5847415
8148043
1151036
6875
931335
8259188
5754279
1544240
6995398
5417521
6226800
1843630
7658831
391512
1421733
7940600
636577
4497555
6894514
6049734
1870360
7301134
5439659
181796
2115961
4823258
5255604
7869430
1272082
601865
63770
5361019
7716116
319742
191291
6289248
3432849
7865837
2364535
7878151
7665909
5590679
5845955
6444672
3456378
1617467
7173088
1886329
5709438
2476443
7223805
8003597
7713488
6397186
6680577
5473139
1099087
2999411
2360406
2756731
2466505
2254157
553249
3926950
5901399
29210
739687
2913219
1073003
3217747
543580
843349
7697372
7984587
4540788
5412104
8193033
571410
2262101
7538800
623457
1757085
2817026
1094265
7681188
8095394
88772
544345
6072138
6294023
1302754
2304949
2582427
1466415
1901113
8104
479902
6537429
8010134
5815344
5532583
35768
1671749
159217
5714661
4597926
2275532
5412854
4593644
5356918
580913
114941
5734612
1903853
4999296
107779
3396194
5348378
7199496
6563698
6207889
144979
8054348
4022133
7861876
5403538
4984003
7517861
925466
341891
965257
1446228
2226043
2083614
6911231
6057958
2280533
628120
7284293
1885975
1417186
5715552
618965
6443564
1673648
3391306
33282
3260798
562056
6426469
1504588
2054214
321990
5598863
7902310
1713185
4033211
3144504
8163414
101862
1621274
7078396
6427454
7509040
441364
762734
1226412
5352456
203693
6563719
2489018
4517486
3178356
4906489
2069754
5341493
7877712
560498
1903256
5663234
5751164
5359599
2560236
5369914
321319
2147462
5806792
3405608
1044979
2430135
1903385
5824333
1101137
1660455
242046
8264045
5324414
6456281
1287629
2527838
7807898
5338787
7473857
1272593
5327006
967696
666038
4616814
6641206
4063483
7144722
216649
5457799
273183
1599458
7580485
8283803
1914460
2959530
2377882
7258586
5710385
96266
1933828
3046739
4606613
8311443
7170575
3424005
1087775
7571165
4575890
7762157
6391337
2266974
7377117
1601701
1349596
5351487
6226481
923755
951058
5768480
2275922
479899
402316
5350263
935961
1734524
5888835
8278326
7129561
7885753
3985877
6042556
2021989
1047102
7287899
6146796
6964406
1913887
677063
570951
2579877
2203675
7714154
4244784
7551778
7301252
4665240
2236995
321172
7879525
4499544
1983076
1433097
601793
5343149
2182738
5806575
7674939
5337997
233915
7227986
5859065
1151039
7987149
17314
5974554
4172075
390786
322850
3219712
2696249
5566439
996546
1906510
6539362
5607446
508572
688658
6767592
3163104
562014
6656044
25827
273168
1586422
3677654
6944529
1057210
4560239
8047250
2727540
2773184
6219411
1253523
4853219
956735
1982475
1096851
325434
4290395
7530793
314354
770748
6581525
1901368
5359714
38528
7657430
7527914
846152
8160156
828516
1239676
7861628
20594
4213645
5368464
1917729
1940340
1994500
5341388
180436
221860
2148049
6075660
6177153
2560098
872162
5469743
5336609
7755498
6436800
5207360
7904230
3818851
3368164
2896935
3368167
8170405
7284284
7859024
6990083
163392
1499735
7128989
2050227
1488774
5342939
3868
2443637
2154075
5775743
1913220
1820684
853629
5712287
8120835
7223802
182821
1257565
5337124
746262
7956428
436682
6220653
5969318
747115
2099935
836137
3160527
1225567
2769558
4651300
7859371
2115405
2085713
553411
7736360
6537645
143065
143848
5365679
6116049
6767115
150201
6261927
4829343
828492
216587
6359201
1003786
5361789
5692164
2907066
2253157
5551864
7580602
7818920
413247
4496531
935940
5352441
4290398
8064086
677368
1563714
5339180
17631
828662
5601823
362015
203963
1674106
1760236
2048900
5359835
7828501
8132649
4491375
7173714
1581875
257534
7754301
2206272
7930882
7714628
2122657
2174181
3949179
5332065
7065658
1913182
7092069
342029
8288130
5570035
8220878
2754200
6417145
44001
7728038
6431304
571917
3051343
4591167
2490443
1415426
1909815
5968959
6049099
7272540
156962
8106631
1417169
7170542
1955087
153832
776797
2606517
6458925
32047
440092
1917827
3345757
2766534
1464522
2007185
2223665
2424769
636604
2265173
4331976
3015544
1433188
5787455
97172
1259012
3517681
6591388
7432252
189137
5343152
4127698
2157544
1851708
36430
1394841
4960010
5470076
1308050
1727733
2139744
10117
6216787
853624
6422783
4505970
2027593
7431610
1465086
5852834
5362858
3190084
6607498
5314820
2328850
5826301
966019
2400438
8183356
45164
8032939
5744046
1142955
667140
7909168
1335596
1541737
7683829
4977082
100158
8236321
2931483
3048300
5000961
5807320
1633064
321296
570869
2400278
6207887
1917833
4260080
5520639
385073
1873476
141541
1901365
215133
4679662
391125
56489
490635
7580599
7980676
7257271
1453809
7979750
2139612
3050015
799495
6220886
1467314
6319682
4688721
143348
1409935
620317
6435874
91264
890141
5358469
8160876
1356848
5324267
7615251
5367199
6213159
1007580
3823205
5687157
5413672
1896006
6009574
5352930
33496
7898032
5990056
7729972
1882569
1250388
6348393
7859492
6392336
73060
1782342
2083736
5390145
7039687
5713083
1842268
5369473
1542611
1448131
7587068
6377944
4933991
4188658
407827
1454366
7666208
343395
3365989
1004582
7613769
5990866
7745077
5011410
3331443
975568
1544261
2364157
463879
1917071
265537
5654957
3991488
7859134
15542
5525233
203789
20445
5509053
383257
3720623
2353480
369777
4570397
1792890
3814717
2894813
4331408
3347890
1532287
5773274
3943438
5857200
779116
4534312
7301008
906781
7173747
144970
563068
8220932
645421
4069894
5356115
3478828
3622172
2951044
5360696
3419017
620363
164202
1503605
354129
1432827
3656516
853621
5359392
4218692
6842126
7900031
7940672
5503535
5969099
20464
7844221
4462241
2232017
2237235
4562519
6811750
8148511
803808
26813
732084
189947
5852759
337156
1009150
438448
741433
6937149
985704
661166
29925
1417134
2275480
7983276
359484
7883707
1094263
6162
2444446
4336652
2886379
2808723
4939154
3821989
1358496
2549047
4205980
3689899
6735906
7413808
326648
4049210
750292
6228494
351078
6232549
575361
5341403
2427107
7741651
544353
5020155
935323
821851
3526412
7124357
5931306
3583808
17341
6665469
4068722
1544279
3210037
5512713
1148581
321315
1301205
2585731
393241
378400
624962
3821455
6437408
2234340
1417182
1804259
1374888
1357020
768877
6117171
6428395
367219
7459647
2019109
1994667
4931734
171232
3840081
1591079
7336542
935939
1417183
1061814
4976809
1044983
156560
674486
7869308
4489174
4974450
3346346
1897552
7604001
7389591
7691442
1202435
2052492
56420
4126725
7643502
5612025
4272750
1252900
6994684
828519
4935995
5917516
8288690
935799
221742
5981270
7373278
179016
978443
7896551
6321541
6859
5509719
2559044
2579041
4614932
821111
5325392
835748
8005498
2265311
1227112
6205776
5300581
7422127
6190703
92356
7658409
5963599
5363262
1054298
891631
5346902
1465848
3392181
553358
3932445
1567621
7696200
3576495
3333397
1504878
2485234
33403
5786261
2781704
7980066
7022384
3700131
3600633
6940008
5104643
40572
179547
957676
5351648
1674401
56432
5350578
1873258
1902173
7578208
4676065
187639
5100127
7571351
2942780
1928878
257579
1072955
320135
1659804
1054970
364471
3179106
4268150
930274
5680332
5512698
7818281
2812842
2242892
33391
826132
6370739
16759
1954340
1276885
1061136
4450304
2249093
1955260
6366484
8260901
7754448
6693610
6359293
4127695
5380505
6199573
7238890
3471116
7549729
7612016
3377234
1708097
762145
2979844
1433627
5323991
828507
7620046
490808
1360350
2778232
1909473
7507013
1459875
5070105
5429765
3234633
266715
7807844
965
46968
2227475
4608676
1768842
1468617
8099776
214191
6000229
5885293
5617451
762330
2087982
2839877
274055
968166
890147
2014336
3193679
1671758
5386334
7439579
8099129
2510923
2876527
4081652
5421484
4402227
276789
256247
5405855
7006930
8003725
7272545
3049284
197976
3248315
5356166
1358577
1915887
6039057
2069602
5689053
3162457
3479417
8126578
1884786
229770
1922120
2552637
2242957
553090
1118488
765531
4125845
1054973
8282120
7177971
2876539
6000178
5806784
7141754
1909524
3217750
2369859
1127289
6431307
440116
2932545
2998148
5359239
5352927
1753936
1917086
2270126
5386817
5473346
8285616
1702451
7413826
8153169
1560577
4837663
1057756
984127
181877
5525783
676739
7295532
165275
66048
2129840
2265224
7667302
5668724
6275242
5534823
564250
549821
3829059
1659861
6320959
2950360
5914599
4677901
265508
6314360
782694
7904963
7678045
1982622
6601021
1067732
2345235
1899276
182647
4937679
835333
1199402
7904975
6942007
1038870
7272548
4714096
104182
2553637
5361876
5368237
1465464
7635505
620344
1239417
119135
8125630
1955218
577475
8138420
890144
1549521
6341180
8132712
1139314
248210
3706075
4090169
56355
82308
6037534
7846873
2377221
3049302
5124175
7697360
5311452
901187
7719825
5549940
8055471
899906
1567414
5356008
1901720
1780713
6615054
5365486
7906551
8065931
2261420
321278
4378909
2173953
1226558
7697734
1201450
3423967
3182640
7503729
2727375
323444
160592
10128
3729678
3974161
7502074
8026350
154144
208066
3048425
1882572
3335471
6883268
2152272
1927507
935325
2140977
2393169
2500631
6774570
3948188
926632
8025798
2079806
5325662
1727849
2555850
7615227
8333302
1311194
490821
5340701
951049
3222604
3827495
7341504
3533120
221815
5846516
411195
2780203
7656758
2629045
1412212
291367
730474
6064180
5999860
7859359
6436791
2849212
1317507
1250769
5355984
1072961
7536965
2465713
5848679
1474749
1255360
764988
8125471
739660
30325
5634880
763433
1909776
1459443
1654219
342495
4551876
7586623
2067630
1672728
1236495
3253985
2754070
19233
7850334
2120420
7376880
7650465
5474127
6580699
603231
164078
2112027
2442814
1511236
7863286
6958293
4533592
6517825
7287132
1606997
2839720
3224884
466157
6192751
386672
8155461
1020043
1499206
4575008
2604993
2929313
204082
1957322
762704
89549
287597
7635291
143506
864335
250335
1842340
7818924
1465923
7877679
98513
1899341
362909
1151715
6226596
8125459
2328966
3168796
4673027
4934689
2754919
1279874
7689104
221857
1734148
5991490
1931125
6183449
1568896
3969755
666969
869755
6544936
440122
438602
6485090
138737
1318051
4342883
3740560
8235914
1903268
1990280
5210226
2308980
2773621
2068146
935851
7294852
579921
2215100
6905007
241086
7556228
7591619
7308539
7754822
7226153
321443
4701181
2391885
214212
1874077
3399877
3110802
105513
5402971
2410999
8236315
382504
5409302
767459
7139624
2183046
7321756
5357500
1928932
8092166
6007480
5857100
1382370
7141082
3380009
187551
7772879
6847606
157972
8188593
4660567
3786251
272355
6207904
1117964
2265305
4709985
204040
7546239
8234304
887836
2308018
741454
7604937
3249907
2885922
4934157
5370646
7293776
3847767
7963477
1412209
5744082
1901990
6226440
1926913
6431193
3048417
1454954
6378376
7498329
1673410
1885493
1724296
950563
7808181
276003
2766642
3459219
7340414
1051100
5237787
5165037
7676737
545574
7756381
6213054
2805927
402927
1713247
92344
2870009
2691931
8104343
6155494
2727208
7713410
30084
2168009
7877487
2328802
181781
6063934
5274464
4127692
1782261
7666109
1673776
5693897
8099047
650811
8202375
7576355
6690213
5424829
5871151
4063723
5111005
1637743
205379
6869621
744120
1659849
8094125
390047
7826063
1903271
221842
7177119
6417142
7920845
2977415
1538154
7579207
4536827
92311
1923468
8064803
770233
6777780
4548479
193222
4383002
2266835
2817824
3293213
601471
1472411
1123366
5390968
2005326
2425748
5868941
1681689
7272551
5929772
6330197
1220914
89891
1269327
3212476
2560138
5335244
1503495
4721156
5113025
6417133
7713527
1044975
6227459
8088662
2869168
5990884
4990923
42229
7726117
6490475
1575708
5671380
3052673
745403
6888
1190772
932648
2565259
1919665
5929761
5877064
7708124
4849219
4842329
7123382
5390452
3821998
7904978
163250
5364947
7229558
2767095
6313471
3501409
8025015
5854926
6209366
4708876
7223871
793259
854329
3509544
7176703
7803005
6218865
7537496
758049
5096872
5345576
958861
4604070
3805421
6549967
1959055
671426
689606
7844134
3932454
4755695
4838688
3442825
8190470
3479566
5355975
4543857
5376368
5995026
4461986
8105770
7025649
8154025
8125186
5906953
2275535
1362608
750687
2155039
7708439
5709699
399340
852837
482605
7021737
2579056
3605531
6347877
7280741
3047388
327492
2311124
364742
3057939
6073302
1108847
4001200
5020833
220939
6462252
7575237
935817
2185141
432576
3599444
1078408
1627570
5349272
7341076
2261161
2638689
58317
1659828
86611
7984584
2234761
5350260
1930939
5553360
7448426
1417171
6437903
258092
1262185
7281099
2522182
6828990
36779
136539
6215073
58146
5366356
2898697
5355613
7869454
2854424
4536291
610413
7984575
3028097
233024
37766
1202471
1330085
2439358
1673630
7984621
2175467
3701724
181880
1433750
2072290
7713545
2559964
1911376
5598890
935970
5356133
2762885
2190880
5630231
7661573
221751
1243741
5344739
4673475
4529817
7903820
4565417
7983463
571464
3829468
7990765
753450
5373594
3621404
7477633
421534
2308968
6929335
1968503
7917854
2466211
212944
1105759
156583
187600
3047709
1926600
3235691
5361834
1226594
6183317
1337436
8262158
5348375
7863587
3390602
203783
5881222
2538592
2764847
3823211
1613188
