2578867
5834238
2200835
5581199
788120
5525969
6570031
5386865
5077479
2034227
7284747
790884
3656762
6961698
5701669
6403153
831099
6799459
7161034
6501200
1001534
1118231
7000491
5332544
4931141
6180931
5402773
7112535
6677648
6253554
112012
199067
6691583
7584342
5484375
6673019
8024459
5313708
6787919
5541478
4002771
7262470
5361804
5377748
6260544
5884118
5547681
1593752
6062408
5357541
6477535
6101849
308091
6867944
7921028
5337487
5339324
693094
7339308
5721938
5527116
6580290
5831724
7292145
5680172
7862648
5484649
799459
1749315
5332964
7127161
6503662
6755238
6286942
8195219
779391
6943376
5403829
6051413
7485569
5317870
5392213
5412186
3663003
5401437
5579750
6542771
5317036
957574
7524558
5761479
5236196
1216397
8282231
3840357
3242738
5860363
5340617
5913099
6532712
6331153
6875906
5830585
7083877
6902050
5787182
573632
6133030
3263092
5703952
801578
5813618
441328
4002821
3046955
6492938
7805304
5814452
4974498
5830576
3533942
6569530
7297164
6719035
6437009
6230887
5334911
6917813
7294437
6974600
7531918
3225720
5694094
749231
5547894
6404037
5534490
1789300
5941402
6176626
5072491
5337985
5681279
5552372
1262570
5545993
6707782
5339912
6643058
7233443
2575459
5441600
5829851
6682035
5885561
6879101
1749363
5376460
5520699
2250259
6615865
6572060
5834307
2128991
7153102
5453290
6458416
849501
177231
4002815
5374005
7204957
6229960
2127193
5871440
5538447
785017
1804340
3053339
6686149
5310765
7534003
4160193
5427520
5740327
5970644
5559497
498449
6503408
6198175
5959231
5360651
7286254
7129157
6923886
8246378
5414443
5885654
221959
200673
7241879
2432434
5338266
5701753
5879224
5884441
6260982
1238857
5487553
831305
7694101
5838076
956050
5411542
6883074
5746262
6871720
5727720
5472894
3238
1172704
5413699
5552641
5212198
3029160
4158745
21745
534791
6373595
7126567
6759866
8306752
1118237
6071361
2700575
3676081
6789196
7763202
5798547
5378356
7112547
123661
956068
65191
5798667
6309829
5551660
5403496
6247656
5824737
5611707
3705207
1531396
5386010
6858032
3729133
5340293
5723240
2539189
6071304
954931
5402590
5548761
6171617
3664727
6427703
3207058
7069566
5877801
7432422
3498696
7091747
6691616
7392133
7345675
5445290
7458578
6504288
5314850
5386148
23769
1982130
5805875
6691742
5555825
7101800
6722592
6408758
5538453
7804046
7486535
5461732
5787434
6048093
7675769
7129163
5520830
3501448
5560735
6537914
3207319
896941
1891508
5330679
5332808
5665065
7232716
7433427
7488377
1703784
5830606
6084458
5492457
752
6418540
5830567
5341229
5789922
5801887
6133183
2186605
1637807
5427339
6260970
7284774
1022470
7531515
2245958
4829586
7235906
798304
5309947
1688503
5318352
5469617
5359069
1841940
7465369
1748098
5452865
2101506
170367
6184780
2473240
6391860
6207232
2173640
5566511
1789600
2194654
23618
6320662
5550627
823530
6346699
7345553
3664703
1853146
7303407
3655106
3396515
5604084
6242326
1688711
8189673
6391851
2251463
354991
6114320
1220142
5913084
593759
5617669
5535083
5873842
122339
8064147
6638071
6171614
6393832
7449400
5380091
504007
7874317
7368519
6192772
4132075
5800449
6688135
5722474
6209132
79372
6476471
5880602
7938680
5419264
956053
750001
5514332
4717542
5183950
5403983
5402767
6455062
5007476
71322
2248736
5419665
7012803
6158273
3442974
6803104
6405325
6298654
5704266
7584552
7109034
2222704
7123436
6402070
6047946
5738337
5711396
2100573
3712431
6196376
8306749
6356184
5433098
5492797
828096
1421859
6923916
5868274
5461777
1174742
1448689
5508215
5548362
5490269
1031361
5874221
1012932
5379264
8152345
7371913
7486493
6073287
6825315
6132948
1083303
70116
5471850
7490387
373661
355051
5361879
2128431
8183005
7145839
6027050
6668515
1165709
5528484
2240024
5548650
5503167
6248046
7198905
6405963
2237618
5469620
6329291
7098893
7763355
6351131
5458159
7703380
3979762
5801185
5378440
6156602
78167
10072
5723136
3964008
5825121
6673744
6425927
7112523
5466766
3439584
2240439
5213549
7559783
5357550
6922328
26780
3728861
103504
5403487
3396518
6691631
7103373
8006950
5929580
5382398
5538450
5831709
6978865
6220054
2674111
6185127
1044039
5846105
796344
6180847
5122189
6836609
5543594
1945030
828132
6518482
5549186
2269795
4649953
3660020
5704308
1524824
6890832
5781788
5919380
5941243
1651949
1514814
5647249
7106959
595954
6326792
7324305
5419668
4370010
478261
5392129
2489103
8306857
6990052
6569259
4116589
5548647
6329288
5332009
5385932
7807035
1896552
1637178
6764057
499833
5402602
7449430
1815665
5632167
5479503
6195846
5341211
79384
6858020
7906441
6853943
5486733
5831736
6174480
308014
2204918
3676794
7843393
6307319
6943678
7098791
1972612
5213543
6323370
5918493
6585992
78793
1686807
5341235
3843469
6408767
7805805
2339862
1454358
6169432
2244666
5323034
7027740
6448482
6500177
6352284
6297755
5796588
8008979
465292
7294843
2010583
6600573
2181117
78739
5779769
487823
7818602
7041121
5789709
6353870
5690945
5111233
7694149
6284108
3453948
133301
6756068
5546829
7630957
5414305
3530265
287514
7807026
5432782
5625139
7807182
7083940
6503294
2474733
7090661
7531840
5742171
7813826
6961533
5960633
7809846
2099062
6551007
1940256
6338481
7089402
6663562
1268251
3487845
6363783
1174736
5519176
5508707
7292129
6071301
6747475
1559674
525375
1916468
5483369
7555901
2993016
6330552
7068763
6680970
24041
6843478
247019
5555855
6318695
3830805
5331365
7535921
5927722
6220688
6922679
8211063
4009439
6184627
5316274
5493899
1897941
6773305
6287338
7227300
5877845
6774247
5707354
1887855
1866833
7233446
7478876
7232109
6330730
5392102
5580804
5358529
2251799
1627435
7090433
6184483
1836013
7755101
2557193
6184534
5049818
5313282
5481021
1625782
2250042
2620570
5547535
3697916
5497886
6708481
6742156
7805307
7598941
1688035
6286876
5483129
7222944
6691548
7334892
3285520
6295172
7342560
6638607
6838319
7365489
6229553
7266475
6677615
5460598
7840998
5772174
4165283
6898797
5548269
5723165
1321037
6431843
3624023
7115513
6182755
6391191
5432761
7963536
7045592
3654749
6763658
6400161
5339966
6303804
5492342
7253624
6504285
5403736
4002653
6682821
6232543
6254152
5084765
5435175
5460418
3444599
7688316
7222962
5643645
5391262
5746133
6287275
8072001
7449463
7288791
6203407
7564162
6299832
7079557
5884136
7713065
5944026
957565
3671147
6482345
2051260
5804329
245274
5834343
2177134
6325518
7229279
7098788
7081353
7542495
6646605
1086776
5888928
3664760
6681240
5932779
6429566
5570930
5883791
7154794
2792108
5466650
6883959
5472002
6769523
7082980
3244945
18696
6774232
6295872
7345654
6185103
6674110
5871582
6603978
6408729
1123420
6943525
6615303
5930865
5484664
5740594
483531
201296
6815435
2595953
1737031
133376
7171612
3533049
5708644
6787154
5441712
5213546
5508644
6393651
5462816
6112376
5723330
1770391
751134
5637378
6303801
1686898
7883638
5799277
7103685
781723
6994231
77361
2009628
317080
5717094
5445116
2253609
6760553
3244933
6876032
504010
5379480
6691200
6570632
6603427
5313762
6488829
3732261
6604266
5579723
5560663
8306746
7023979
7224473
4375502
2603656
2070889
5884127
6637796
5482853
6490154
5658209
7068881
6783436
1174751
5904387
5461774
923
7524243
7967087
5888664
925007
2725794
227750
6793068
5770184
5533300
5560208
5417403
1028834
5381537
7401325
5894025
5386208
6796752
3669740
71877
5339330
6169728
5460826
4764551
2127394
7107022
8211060
6303663
7043032
5702008
7961634
5743181
7091650
3676051
5907603
7284263
5888682
6409153
2288689
6836612
6487173
5657325
6405954
5779766
668109
5656746
5888649
7183403
6689975
3821822
87706
5339087
5568734
2070403
4958433
2424682
5460586
6943675
5493253
5715466
5386082
6774241
5333129
6331732
1688455
6341473
7243047
1137804
5432635
990858
5568084
5372439
3231976
5607650
1593812
6192716
85217
6488469
801575
1202248
4401005
7222947
5544387
1172758
