7510830
6790157
6869343
5343959
3370513
1983922
6179606
5532733
7409067
6507344
2577616
2577346
1943575
5978092
6011125
6016449
6014047
6309263
5952372
4004463
5869858
5345876
5326484
7007041
6014917
2020898
2926378
2040227
6236040
2934308
5349473
5608518
7004011
7620100
6026420
2560500
7751315
2469985
5605767
5979863
2121207
8289787
7021266
5337660
7015552
5729216
4760134
5983433
5511672
2714127
4522169
7027467
3224267
4904275
5324231
6161673
5437063
3041061
5672906
5571320
1905680
4779813
5763057
5349416
1898922
5945373
7993348
7199580
6030815
7051449
4312029
8160210
5343539
7058019
6701171
4077328
7836582
3767534
4526250
3574368
5453926
6498814
7836579
5477190
2567104
7026834
7239759
1995658
7257602
7493219
5674282
6013159
5983403
5388254
5501232
2879544
8001402
4526693
3837169
4545593
6528831
1883750
5656267
6548112
2711330
7296685
8157782
1895364
2030706
6286321
3756418
5349431
6014815
3342220
1895220
6528876
7021593
6113423
6663057
4857048
2714092
7620397
3690628
6015064
4540701
6273587
5508689
5869831
6734997
6513037
1983703
5756196
5352852
2873191
4304243
5859750
6194985
1865476
6731175
5503853
5978975
3002789
1974783
3762765
2276673
2931585
6010573
5772686
4556503
6016371
3724277
7018104
2930594
2016491
6546935
3726086
6563726
7052914
6027989
4548347
1906038
5349395
6287795
2982037
5994211
5344250
7053626
5389153
2016664
2698937
3769196
6444571
4041779
3689230
6016440
5998104
6701027
2542611
5443897
6982702
4526720
5406531
6013560
7018197
3761114
3927097
6937233
5496435
6800089
4559033
5512134
5824231
8173865
2925329
8084653
5992267
5326495
2037426
4532465
5310152
5405735
4793591
8159702
4552422
2304590
2703744
4539189
5349560
5869774
2937974
6653359
4760526
5727778
3733719
6031452
6563728
5502876
6098330
2213816
3711119
6199030
2928522
4843008
6445937
6262761
5678348
4883101
7005727
3617422
4534788
3202603
7520204
4247980
2538098
7002951
7026681
4619291
5331766
5997420
6348059
6512956
4552607
5458801
4544442
8161089
2438550
5996985
2023414
7269567
5983370
8001450
5375803
2543364
1894579
6656242
4554500
4311616
2625077
4539567
4540866
6116470
2121889
5730573
6013453
5729577
2999367
5344000
5862744
4551181
7513284
3212787
3386924
5869603
6510994
6528897
5439605
2030712
5730564
5511963
5368576
5384130
1985205
2304584
5945817
1935018
2017906
2460013
2935725
7281167
2643125
6872480
5349461
2894897
6087300
4556462
8156228
3224063
2902627
7328623
2016272
5350647
5348051
6109841
3750561
7882028
4555997
7599578
6979767
2714111
3203024
6734955
6510517
5869733
3295594
4552464
5506710
1907106
6200104
5436886
6145886
5187354
7208480
4553396
6869169
4557284
5991082
2703172
1985804
7181895
7018146
5729868
4331259
2931670
5979371
2645238
6029055
5323094
6731196
5632280
7187064
5869751
4526947
5317027
5599229
2858723
4526498
7745973
5994883
2643353
5630378
5458849
5406408
2934877
1884172
2577145
3202606
6511168
2577508
3737186
6528099
4542019
6295316
6251398
4518867
4614669
5614513
5946135
7301027
5754639
5869978
2038419
6013264
3425605
1983688
5598905
3040039
6731217
6511252
5398971
6528018
2929879
2645208
7613928
3295582
4135343
4628150
2055654
5404610
6511402
5349612
5344793
6250001
6510979
5504552
2304970
3673619
2994524
5991656
5978933
7511271
8236876
5350646
5848358
5731301
8156351
6107219
7520219
5869897
5438551
1946872
1895080
5343557
5349488
5944745
5349613
3295496
2901749
5396948
4554587
6008272
6512411
5869640
6113915
5560199
3282119
4528130
4556629
6805484
6656086
891107
6550761
4619568
2274228
5406112
5349467
6175609
5504204
4714810
2304436
6679610
1907100
8328938
7327873
6107213
5731448
5989468
7704064
3764739
6687872
7301676
6872378
6731222
4162556
6528902
5869742
3740107
4528034
5437051
7723041
8158655
4660687
2305579
4553707
4526076
7051018
5325104
1946440
1906216
5869448
2870368
5995341
5994859
5436400
8277925
6044422
1931248
8001264
3617411
5437060
5957330
5048101
1894570
5405807
7060718
5983085
5599096
2934233
1985810
2934841
3992806
5186982
7520207
6852218
2986115
5952852
6155168
2543652
2701291
5207995
6026226
6625295
6936458
4556390
7097747
6527644
3015143
6016753
7721020
1978174
7012399
5344694
2577352
1931487
6511375
5599334
3295609
6872351
5978936
4657403
5673889
6798210
5689039
6330519
5324710
3612598
7583863
7022546
6775618
3045097
2714102
5344061
2572035
4756151
6090202
8001462
5349551
2626697
7015781
3748790
5990131
7023186
7471025
4752420
4760439
2098188
1938536
5992480
5438958
3770295
3226217
6010138
6986567
2817836
7301489
7420880
7467318
5932856
2930641
2439835
7006642
5869631
6589053
2212098
1899094
6027901
3088831
5443319
4619435
2322544
1945612
7002760
5317039
5862946
6525817
5745281
2041806
2931011
6015268
5992339
8061214
2577664
5508682
5321292
1973982
5983295
2117821
7539782
8158292
5675167
7540677
6251185
8156342
1903304
4557293
2620581
5511591
5991937
5986151
4522553
7026984
5209160
4558943
8164515
5324450
6202690
2902823
7517431
2655521
8244185
6822629
6118149
3225684
4536896
6119700
2212254
5983557
5729346
5355379
6560777
2835906
2212242
5672552
2577055
5618029
5385050
6016794
2929477
5348231
2817812
5989164
4519189
2304800
4335002
1961137
6655651
5377029
7467315
6010228
2623763
3303062
2925943
5347865
6528885
3790880
6890158
5558810
2460685
6549024
7991689
6013663
6534211
2479450
5943909
5971851
3745250
8157135
2540945
7301706
6009880
5334992
6530084
2931006
8072229
5997183
2933972
2017386
8242333
8315768
1899204
8030791
3036314
2212260
6042303
8158730
6545143
1946597
5349784
7026453
4607281
6191814
2043296
7991806
6013888
6016062
2849197
3734632
2626713
5503886
7420982
4574211
1887463
2137285
7178598
2877477
6890153
5801453
5321262
5672061
6542138
1902929
2016389
7745148
2577598
6107214
6731631
5730873
4758188
6653251
3213170
5859758
4556633
5997372
4550458
7025042
6015879
2697260
5325608
1979576
7007416
3295238
7005889
5349485
8063198
6805448
5388296
6315696
5345447
7731082
5990979
8173679
1946398
7448138
3895112
3617374
3783763
5978966
5952876
5187271
2017389
4553945
5406694
6251191
7239962
6526736
7484836
5731265
5388539
5385248
5559008
2930396
7281170
7510704
6300990
7051845
6299379
6283889
1995682
3764208
7178427
4006973
6196730
6536845
6152858
2566641
1111437
5344715
6478904
2642037
7026525
5349524
3296294
7181560
2833182
5990980
3688286
5438500
3119041
2577499
7179624
2626119
4553296
8029332
6032907
4604019
5793294
6869113
5349512
4730711
5988172
7388056
3040547
4311777
5869081
4060525
5943552
3767516
4528151
4783393
5327354
5757091
2136852
6502423
5980487
6784165
5943732
1906923
5348978
5376955
6351524
2873361
4311139
3223925
2057437
5983364
4619874
7007559
2939669
7002727
5399258
5952834
7026909
6250924
6805490
5384121
6017058
2018029
5869628
7300739
7621681
8029320
6012533
3028978
6093305
5325878
1996287
8162274
6841537
5955787
6527653
8155694
5342390
7010656
2902933
5770712
3926576
5978948
3236556
7301382
4528614
7017126
7668249
2123146
5387821
5377053
6010189
5382485
6775285
6283856
6107199
5349452
2927478
5957870
6791608
1899081
5401748
6526137
5604966
4538417
8173910
5769329
4536965
5943687
2625131
6078523
6445883
7026858
2858915
7201619
5952468
2836035
4574056
8029464
6010318
3999343
5674006
5859601
5998044
5599680
5411773
6469027
2934883
7577048
7413586
3876171
5326511
5349478
6526796
2927525
5945727
1979084
5971227
2569245
7852847
6512152
2016724
5343941
7015546
6513042
7007206
7746731
5398799
8001432
4527295
5436898
4545719
4620519
6672894
2925961
2538598
5187108
8328508
5458846
5324441
5944787
1946586
4547759
2904034
1906222
4078235
4628156
2304973
6115771
5309343
2541656
6704560
2136845
4515787
2542149
1946161
6961815
3755020
2570261
5992696
7188202
1946920
5990937
1993098
5993635
7420252
4146340
5943919
5559062
5206467
2460016
6119715
1976964
3225097
1905695
3380698
4527618
2152315
6251846
5302288
2456765
6731242
3005492
5398892
8000970
5598881
4545522
3303086
5342600
6011648
3386912
1903307
5983362
5861454
5932853
3763796
6472450
6093057
7413595
2934197
6594513
5348510
7020834
4227111
2896657
6731161
6548799
4914765
6604689
2137376
5436760
5997547
3873041
3617432
6012956
2880737
2567119
2316010
3926863
5350626
7421933
2903338
4545731
6872447
3224207
5325005
5869623
7510710
3761085
5868914
6936578
5983421
5869951
7036988
5375788
4556599
6113426
5803609
2317325
2331834
2577358
6652963
5816472
5344067
5848451
6111215
7932915
7469594
4312086
3436402
5363636
5995491
5385047
8159760
5991619
3058867
6314863
7006465
5990662
6016194
5600012
6051593
2012583
3761091
7017141
7301661
3762768
2459307
6713615
6472822
6121832
5343857
2934870
6185834
7993234
1902941
4628135
7239145
6802993
8161272
5349808
6250828
2933341
6013849
7662535
5991688
1978673
2932749
3080407
7735356
1906201
7026684
2566350
1887327
6009913
7301373
7060973
7051842
5763379
5793330
5334807
6731214
4553349
6107850
5344022
1984227
6784237
6087689
7258506
1894900
5978969
4605014
5206581
6251176
5572628
5345522
7469483
5342792
5856765
3926953
2274406
4606217
5971953
7517873
2577493
2017074
2967601
5389039
5971773
5558891
6652888
6528147
4555985
3754454
5349419
38207
1883252
2833140
6697381
6628902
2202270
6542126
8019466
5349458
5674343
5424016
6202651
4758755
1953128
2566269
2903604
6016155
5987662
5343860
6007172
2900698
5321169
5456196
6511877
5946117
5316658
6014470
5855136
5398850
5766701
5423529
7621399
5804299
4556540
6028390
2934113
2436811
4556751
6800083
3206983
6510664
7026138
4527938
6028914
3162280
5343551
2570086
5995215
5801899
2885691
5345440
1979562
5454736
7018194
2577052
6784231
2459311
6289431
6530086
7731454
6014449
5432681
3224611
5987713
7002947
7009036
7416879
4522218
2469522
2900964
5990967
5504408
4554590
4527953
5599347
2885694
2843748
5869649
2643396
5981666
6042898
3761081
6652885
3303037
6798305
3295362
2304608
3771800
2459417
2903571
8159237
7745781
3688050
7989730
5455443
3734584
1995793
6010816
5455108
4304891
6048778
2642996
6078474
7012947
5364344
2571547
7183530
7006600
4522577
7376572
6918872
5790032
2633769
4526068
3223190
2859820
4518790
7413589
6732409
5382052
6731240
3926767
5508668
2850089
2461364
7281173
5343956
1946605
1906225
4558457
2577541
6731211
4311130
6092402
4529073
5960076
3767327
3386927
3760367
5327339
7098194
6530098
7300667
5349533
8163396
2626739
5348969
5786579
4038847
6016610
6528153
7200304
6602933
7616590
3078972
5344040
2276553
2212235
7200013
8001126
6063662
4558024
5458804
5995317
3752961
4335444
4559225
2626724
6144201
5388518
7536917
2606778
1904278
5342687
5943549
2925392
2626700
3764730
6009877
7051123
6918837
5325209
6188517
3306261
878849
6252150
5335493
5331753
6200602
5346629
2714554
3011254
4525054
5800230
6251206
7746401
6528891
5345891
4730714
1895619
6287870
6107183
6107196
2212937
2904162
5350623
7007814
5733638
7008534
5349410
6529179
2900711
7620730
3761082
5755298
1899084
2933682
7022551
6113513
5868929
5372176
5436341
7807361
5978954
2927093
2577513
2577577
5750351
1950901
8164134
3760980
7179879
4842111
5344733
5202993
6633437
5572009
5126135
4730692
4471378
5943780
5731574
6107313
2465619
6530080
2927219
1978538
3388027
4752296
6656071
5863377
5770865
5992306
4552416
2043329
7420591
8161046
5324471
5990938
6963092
2899350
6222376
7021422
6652969
2714105
6699429
7008429
2290141
4552667
6872220
5745686
7006603
2121366
6056225
6653578
5575333
5447469
5859705
4517428
1953873
5802712
5344697
5983406
8156345
2899101
7192642
2304681
3737860
5348042
5504369
2305567
5997567
6872441
8001300
5342534
3844725
2849232
5495913
5247782
6746052
6016314
3750749
5344053
2714073
5503793
5958226
2926497
1718494
2016763
3617371
2967580
7021086
3610990
5335037
5992135
5128864
4522841
8153925
4293210
5363346
6645795
5848323
2643457
5995245
5388422
7440899
4549115
3737851
2714078
3893989
6221026
5342699
7745157
5340854
6804569
1938358
2017401
7402032
2895330
6039162
5730066
3746537
5985847
3690796
5989474
4628138
5952813
5327142
2459923
6015421
2903678
2538631
1946599
5455927
6197821
5984876
3742109
6954932
1984845
6261532
7188450
1900978
6734657
5505164
5799880
2904040
2303112
1923153
6197158
5963172
4519159
5774310
5423909
2626718
6113873
5968606
2873357
5447466
2896088
5344073
8165070
3342115
4891417
5558828
2016087
6734736
4559144
3617388
1882566
5350696
6027977
1984224
2896835
5131593
7991821
5995416
6800116
5986382
2833128
3294429
3957255
6528843
4528370
5511396
6527989
2305538
1977502
2437480
4533155
2926447
2626721
5731322
2835987
5343173
6014218
5349503
6281347
4548365
4823118
7005151
5382067
2648079
6015622
6654097
2901493
6731193
5040141
4545278
5945601
5432635
7619983
4554224
5349422
7016715
5853464
6471412
5987247
7022794
7007371
3688277
5385239
2479399
2016667
5354543
4403177
3754402
7955331
2480190
6576735
7017525
2305692
7721070
5763045
5342441
1931026
6011873
8334614
4527950
5989633
5978957
6017088
7026627
5436718
5995653
4537937
4620183
3767318
5599629
6653491
6154002
6011630
6513061
6830731
2849403
2925096
2117836
3212419
5729916
5456433
4416780
6012146
6013993
5399147
5104702
6268363
8001411
2927156
3740128
3762941
7008464
2714146
4311127
4555949
5346149
7007694
7051045
2016636
4556299
4558469
8163621
6872250
2137134
7157957
3904266
6274154
5571359
5869795
4311142
4304342
5327038
2329107
5981672
6548474
2929080
1974543
5559155
2056866
6688623
8163612
5348228
7619770
5672600
6784087
4021380
2460110
2930144
4101901
3879760
6482949
7238576
6120188
6056522
6016950
7006614
7024378
1894987
5349515
5853591
4175518
1965105
7360316
6382495
6171046
2930126
3761097
8242074
3095963
5450528
6122306
6013519
6653740
6011544
5674105
5729118
3790901
2934484
5511960
5945841
2039735
6145397
2543124
4527932
1931263
2626709
7251186
7986153
5385023
5358004
5996748
7722870
6012998
4619553
6170183
5410067
5324711
2461373
4759275
7007946
3762762
7009801
5344718
8236834
1898919
5436406
7510720
7621489
3735301
2998516
5991535
4311126
5343977
7301480
5982119
6017187
7542884
2933081
7039161
6731199
2711095
4534825
6235488
6021882
8023974
6013031
5729466
5326431
6027903
6954811
8173676
5323802
2365438
4527962
2965025
6453284
5981975
2305597
5990671
5344029
2464675
8271003
1906206
3631626
4542975
2017374
6588220
1930933
4891408
2626745
6761665
6263462
3198760
7410221
5859099
4559211
5763393
5983484
7448333
5675020
4607520
5388185
5344025
6788897
4760037
5399198
5763408
1907103
6291727
3725834
5131482
6290623
2700295
5862051
2900447
5655536
5802223
6010024
6750482
1902359
7745607
7563967
6009501
5438515
6715005
5992129
3768927
7003771
6525278
5399186
5674778
6047964
2896409
5344703
6512134
7511436
5755496
5991100
3225037
6128996
6653236
6061657
5347353
6512128
1943246
5869682
6252282
5987608
7766955
1957880
6537173
3401155
6015119
7202462
5404094
8001438
2904000
7744380
5114989
6015034
6961144
2274266
5404544
3768172
6202835
5348297
5987071
2931172
6890155
2016488
2459423
5981726
4548450
2714159
5363554
7550377
5480195
6109791
2937913
7061758
5642184
5991652
6653872
6028455
1961215
4557107
5347868
5350710
2965379
5210188
2903541
3085305
3886004
2728011
5348861
4619961
5344394
5417486
6697989
7015842
6731163
6653560
5869706
2626733
4559162
3302868
8158313
6251170
4143573
6803204
4517468
5366680
7330193
3294400
1978145
5985230
3767239
1895577
6513130
6010111
5466356
5745383
4311762
2930836
8156582
2933526
1993044
3212823
5673484
7046057
6115202
3908780
2570258
1984236
3768922
5852099
6513127
7027062
5399024
1943588
4530953
7300643
4523471
4060611
5384810
7052535
6730980
6011026
6014896
5401422
4480419
2577661
5345879
2330307
5997810
1396946
7009450
5348975
4553774
5979359
4520498
7146842
6528061
5729271
2896965
2930549
8001111
5343554
6880639
2928342
2849188
5991397
4557029
5826394
2939675
6290599
4793299
6011822
3401545
6529588
3746514
5352318
5377017
7273479
2849987
5946174
6620247
5991547
2930845
5679011
7016649
2924449
7010923
2926199
6197830
2542401
5983084
4312005
7543791
5326298
5326838
1909818
3756800
6652529
4172144
3206980
5623046
5731700
6197131
2903078
5849304
2570264
4584639
5343560
5443411
5404139
5384450
7009899
1979927
5349506
7022910
6015909
3766721
6220898
8154400
4556075
6652517
5998107
5462065
2904013
3687462
5959120
1936132
7175760
5323973
5455596
5745743
2043335
8156024
7012050
2818145
5678879
2928705
6653734
3751401
2894804
4077963
5349455
6107316
3742516
5349449
6009637
2880586
5943753
2577088
5424165
5598791
5945112
2017410
3109365
5349658
4628132
7541004
6731124
5388542
1953182
5997762
6633842
4551226
5298961
5349446
3256658
5599940
5984463
6013363
2709047
2569206
2577517
1884360
1906231
2566566
5365493
1895205
7743390
3878148
1937221
5991753
5349548
4619577
5374886
8157821
2479626
5345450
4574165
4555331
2709023
6012515
2709053
5343872
6014755
2019052
5672220
6545053
3765986
2577343
4730584
5864839
6012812
4788641
2626742
7022612
1946902
2211981
3690577
7467402
4523941
5790082
7746572
7013730
4552405
7497574
6511114
6016899
3057750
8153943
5840538
2932947
5861400
3759742
5450977
6731157
1906044
1906048
4547675
5729478
2305647
4527971
1961207
2202282
5983465
2017407
8164125
3312620
4311136
3007320
5971658
5321286
5991097
1946611
6653587
4741836
5349479
2304710
4603642
4538716
5598548
7009738
5343890
4040306
5343893
6286318
4527134
6638669
6536860
2030325
3431415
2924676
4558326
5398787
3306857
5345492
5943579
2728017
6731256
4555520
6528132
8029002
6121844
5869869
5436970
6731247
496987
5399161
5997387
5945526
2016120
5398745
5456607
2577553
5731388
5731568
3226689
7058703
5347901
3767381
5504114
3293575
5560588
5952342
5669681
5343395
2934597
2018095
6645780
8159054
5349542
7051906
2136854
5986363
2849050
2585941
6731169
4304235
2577149
3734626
2642998
8163592
4527515
4537070
6107207
6087291
7984296
5314805
6512483
2459426
5457688
6788900
3295618
4556294
6333971
6755407
8163615
8002784
1965076
2017109
6482756
5995881
6235624
5321790
4628123
5349939
5428963
5997624
6511405
6122825
7053250
4006181
5372703
7420979
2039669
6058131
5385302
1979583
6056321
6528864
4619427
5731391
5756298
5344688
7621339
1899075
4311927
6115361
7022785
6006687
5952411
7540185
6087297
5943543
2577475
5297006
5505759
3690058
6088611
5432299
6511510
6078412
1865616
5959738
3303266
5436706
7205429
6251508
6116560
6155919
7201428
1901035
5437030
4335657
2566935
6735619
3224213
7178739
3724247
6872080
7663649
6804294
1946476
2557762
7026633
6800064
5343962
2927729
7300550
1946923
5437043
2018080
6106299
7954743
7020333
3226887
1907127
3299783
4527615
6010807
5953263
5335040
6960601
2645223
5388146
2904030
7051909
2117848
6077725
5508656
3039974
7007071
5399099
7719226
2935086
3760662
3771099
8028391
5558528
5423820
2933978
7420889
5436553
6527012
4553342
6509000
4540896
6014785
6110501
2313884
2835435
5729340
6012662
5988148
6872537
3370069
5862210
3737195
5899627
6010333
6014698
49816
4013605
2305387
6016059
5326337
5324381
4535461
6510667
6786403
2961338
5392670
7018053
6618654
2691332
7018089
2936841
4524562
6286336
7046066
5348498
6804306
6016977
8163627
6010174
5869894
5998200
5398692
1961185
2016503
7024312
2274214
5344049
5347937
5984591
5983493
5945922
6010993
2543565
6653608
6015124
5439917
7003779
2858946
5986384
5952696
5384148
2577094
5161960
5992432
5506422
6196790
3301167
6120863
1924281
6527650
7017195
1983883
3689596
2900368
2577631
5447481
3783464
2490106
6120836
8163174
3044612
2552127
2859736
7017123
5465705
5952564
5398820
5348141
5935159
3752841
5869710
3226214
6011571
4310953
4548368
5970453
3926996
6747332
5991926
6260430
7990534
6028467
5861436
3295600
5417349
5993518
2123989
6015412
7199127
5869757
2934886
7300571
5599607
6535414
5266901
5945421
5244809
6548468
1905683
5988757
2063639
5946096
2835996
5869813
5674267
1995688
5443334
4755899
4520576
7012443
6261451
6652737
2017404
5868941
6653422
4545659
4798837
5558675
7016052
6731433
6013624
1946782
4537566
5759082
6785259
5570723
2459378
2893958
4310950
8001114
4537010
2123230
5992516
2030704
5205717
5353005
6220216
6252569
5447505
4556423
6852209
3253716
7027464
6510976
5983481
2645244
7565597
6731230
5335827
2577594
2329579
6175823
8122004
4519195
5405840
1946662
6016470
5389078
2934865
5456364
5382061
5967265
3692183
7522159
5342597
5314769
5350615
5869592
3001247
6511612
7007628
6329843
2714135
4331752
5799626
7747079
7808678
6713862
7662526
2900373
4430793
7017171
7746302
2647984
4526975
5754852
5790962
1906051
7018491
4532195
6718802
3617383
7300872
5392760
5348513
5342612
7028055
6014908
5347940
6009925
7505699
4542411
6295301
7327879
2903132
7479354
5844756
5382058
5665053
8112548
8001436
6788915
6731190
5324741
7643886
8001138
5377011
7052415
5349530
5984436
5800760
6090680
6528120
6291676
2543655
2457159
3224222
5763390
7300673
5990110
5343545
4553363
4024172
6472684
2992889
2712217
2931260
8001123
5660332
7238709
5345537
3228196
5943897
5511693
3293698
5865793
1956526
7744752
6041882
6729237
2934481
4554791
4527956
6375488
5862976
3295057
5641328
5349434
4519462
4788344
1945976
3226442
2873140
5477232
3089352
6012152
6790700
6010534
6731181
2018023
1946275
5356460
3403278
5399262
7051340
5323841
4248033
2212257
5345882
4891423
1882553
4528355
6731154
6004970
5988214
2542857
2000506
4556456
2965341
6127897
4522736
45888
5672244
5350578
3617392
2061634
2934520
5972906
4619689
7015960
7301393
6198185
2930812
6015852
5869879
4556381
8002994
6803635
7019098
5348159
1906207
5991550
7013760
5350118
5388515
4557032
6526043
6012128
5605185
8155332
4526636
2927030
5616478
5436806
5455144
6528828
3928710
6009886
5983367
4559214
3237337
2202274
5348525
3750752
2626140
5339135
6011533
2577655
7765618
7006564
5349523
2853206
4604538
6061661
5388850
6784153
5437010
8106145
5558623
6618419
5353254
4547840
7445579
6870170
8242282
4213468
5719817
4620873
5559323
4527529
6811841
3221470
4518809
5348189
5946123
6804300
1909614
5399192
4545369
6510913
2277080
4077959
7183963
6013138
5344391
6012158
5781116
7938381
1977544
5869598
5948149
2473738
5342570
5345495
6731226
6612121
2566168
7010847
4527002
5324735
5344700
6852215
2037375
5345549
6731235
5946027
5456510
2903332
2857525
3690517
7051425
5754682
6656074
3436405
2709079
5986201
7743719
7020135
5366338
5660411
7011628
2521038
5375680
6012842
7046198
6683983
5786112
5451049
5730950
6528537
3092419
5327069
5800500
6251188
5769359
6528867
6047249
4527959
5866825
3761979
5365436
5948101
2317843
6535306
7208202
5372844
2542797
5315638
3228221
3734629
4527609
3224051
2857531
7954301
7743384
3762699
6872306
6731178
7019797
8164251
6731206
5599341
4040687
6300453
5367082
6789759
2699348
6731250
5388335
7539958
1902371
2934101
7739381
2111502
7016496
8163723
7593735
3011278
6730959
881260
5990962
2274238
5210389
6031925
2874204
7300700
6754022
4763522
5413030
5364632
5599388
2320856
6011958
6118173
5349566
7006059
1946719
8159880
2277278
5363644
1906920
1946587
7955322
7731582
4518778
7985601
1965096
6731232
3302955
6511015
8159285
5349407
5348180
5800943
1903328
6078421
5763495
5981543
6731244
5324069
7420330
7469598
1904288
2895629
7239292
3759730
4440804
5407002
8032063
3725508
5948131
2577157
6116482
2929869
6872432
5187012
3295603
5983647
7019085
2459779
4025994
5983805
1946000
5610138
5763522
2934230
5324366
5729655
1894567
6652456
4518451
8160273
3751280
5325254
4524865
6014719
4841584
2463242
1893232
3926983
6872450
2930977
6527983
5669594
5990983
4755950
5990971
7060536
6027980
2577514
3295538
4628131
5349664
5983487
8164773
5398916
4311771
4040675
1946593
6339180
3926866
3002195
1896021
4559240
1904293
3749691
2880550
5404127
5991052
5344034
5616301
6527680
4604287
4533856
4806872
1901820
2078521
2520517
5438527
3381213
4619871
4839554
2904132
5203968
5378362
5350635
5164935
2314906
2934188
5595597
5572927
7007703
4441471
6527485
4525275
5869817
8163642
4526100
7510671
5989576
5406567
5960067
6027983
6195356
4822003
7448743
6025434
6009649
5990596
7413592
7751504
5979718
5985844
5558852
6027998
5348987
4001353
6197815
3058870
5325260
2901306
4311924
5996547
4532234
6202292
5348146
5348223
5677901
5365124
6510988
4553234
4211550
6058015
6196173
7018086
6011056
2577574
3223235
5854193
5599898
5952954
4518776
6928859
5868935
2334024
8161098
5943474
4304258
6096138
2817985
5349536
7802723
7744734
4659470
6107187
6784264
6031113
5933014
4555517
7301231
6707953
4041623
7264215
4940091
3737201
7205762
6123174
2112125
7199583
7540674
5203526
7175373
2461825
2018026
5482623
4559251
2896941
4335433
5438563
2931594
6731253
2624420
7003399
5729115
4548294
3760872
2075030
6750897
1883945
5436733
5990944
6588775
5385215
8065772
5323853
5443682
6887967
6010735
2018944
5385368
4419435
5730099
7064247
7201180
6107180
5763381
5984388
4524166
5405870
6625298
6328446
6027750
4021214
4556431
4534022
7519226
6017100
2294973
5335490
5859616
5399195
5982173
7012191
3343351
2543694
5995494
7007835
5503895
7693996
2704660
6286372
2927222
7620055
6196990
2873364
2934943
4542912
3302994
5985280
4557542
6512420
5327245
6179513
4865060
5458837
6820032
2833176
5946177
7719867
4794060
5995896
5821655
4518796
3767495
7039270
2542521
3293710
5342822
6872420
6012808
4526795
4558472
5436352
6528852
2016108
5344685
6961255
5432662
5640052
6011095
2626736
5398775
5997165
4174671
4939220
5995311
3737857
6112259
8001417
2577523
4556373
2459882
6628666
6078340
6652734
2459578
2340356
3926581
6667425
2695330
2854259
2935188
8156339
7015411
4540252
4527968
7018183
8165253
7016733
2304976
5558654
7051587
3844722
8001142
4781617
2572104
1904282
3363328
6800070
5982118
4556531
5801112
4552529
5348507
3370357
5558867
5399438
6528849
6028001
5343569
6013654
7620322
6530092
3224048
6051902
4532904
4623122
5978978
5398853
5751976
6755343
5364342
2137070
7469504
5562025
3586504
5669420
5447484
7301084
7541028
5994739
5380508
4763999
2897019
1895358
5374967
3386894
4779436
6011678
5599337
2934856
6141382
6063671
1946590
5349527
2939618
6567602
2712557
6124058
7614819
7479453
7301228
6039143
5990926
3226358
3688148
2949617
5384166
5978951
5350632
7939061
2486698
4539126
5623116
6016176
5405915
5439758
7016595
7300991
6014965
2543127
5558768
5343950
1946512
5404461
5793594
5943750
2959652
5457074
2294550
5599274
6733585
4546850
2542345
3202794
5572756
2901647
2926395
2016045
6731168
3126061
4628126
5389150
6196856
3689860
5799619
3926694
5868917
2714114
5346599
5869673
7448687
5315047
7053064
5345552
2589357
6016068
7010545
7300529
5983061
6507507
2932875
7017507
6127496
4558499
5731781
6283859
6513133
7416332
4333432
2056992
5952345
7020963
5957053
7422064
6566307
4034561
6340770
7240080
4916793
5398763
7180215
2476365
5869617
5990953
7231989
3764583
5754684
5753597
4620939
5333592
5991409
6141286
6010792
6817292
6115076
4628141
2566192
5674483
2316749
2993584
2577268
4553381
2018011
5327285
5348219
5731418
7092812
1956529
6292048
1961213
6016086
5990956
6890149
8163624
2928210
7021875
5348501
4147789
2709041
4607517
4938258
5984037
8157174
5314784
6428494
5986753
5399183
6735390
1906213
6108435
2329110
8156222
2016392
3295499
5990974
2932572
6013642
5731913
8173562
5334278
1984458
7613520
5296861
1946042
2025237
6012683
6546758
6029435
8160139
6655999
5728827
5342531
2696861
7695712
2998884
6009976
8242893
6121604
8155503
4619293
8162874
1906953
5324378
8159661
5852460
2626727
5508674
6093060
6108222
5984604
5987842
6220901
5750112
5945588
2035778
5745245
5320147
2702842
5948056
7256549
5943642
2557867
5398919
6500384
6802999
8234634
5570632
5511198
5438518
5144237
6262764
1952112
6767612
5945724
6907503
5506638
1902935
5990949
5983659
5324147
8001423
2894091
2881136
4556408
6090265
6698700
8165262
6078111
5424072
7018065
7006636
7577926
5464051
5364353
6545098
6505772
5314206
2366545
6290581
2459381
1992306
2460067
3043636
2936369
2566983
5991457
1943581
8318996
4539636
7008546
5605203
4542990
5388497
4201667
5990932
6784132
5457928
5743881
2117213
4058880
5732471
3885162
5342627
5862582
5997111
2899964
6654172
2542371
5994718
5504792
2896570
7239977
1979586
5346626
2902681
6332586
4522141
5399303
6116727
3295093
2305483
2998465
6251201
5145898
2577582
6256775
3766593
1953033
5990543
7018914
5349188
4558027
7744245
7180158
7007685
7187665
5869825
5334104
4547341
6014326
8163606
5869703
7024383
4554596
4823111
6028004
4552475
6510580
1946515
5348528
6010891
5726053
5391734
5678693
3737887
7023424
1887331
5869842
1979087
5598959
5338320
3313817
4628144
2566713
5349470
4547885
3876129
1875200
5385245
7744183
5349557
5391584
5389147
5982122
5672196
3689857
3926611
6012050
4538366
6010219
3742039
2542309
2577289
5325986
5349509
7181582
6653098
5987722
7245565
7007050
5345453
2839211
6290620
6652879
6261290
2305147
7020696
6800114
5672933
8161141
6015061
5859583
1901034
2853218
2895873
5326950
5457077
6505769
2304731
5389633
6291670
5508671
5995452
7620631
5348516
5981596
1928833
5508677
2720757
6528873
6016434
8289032
5598902
4554524
1906210
2274271
7301535
2898112
3686957
2211909
5990356
5945523
5995500
3616990
6124061
3928719
7541034
8001456
5506474
5345888
6798419
7791375
6513028
5793684
6014425
5928290
5598815
1946749
4542984
5559089
1995535
2041920
2577658
5346621
2333875
5987665
5343866
5952654
461671
2543701
2305828
6251197
6511597
6687845
7024790
5345894
6654463
2305516
3744001
2894372
4556537
6510442
2212149
5804110
6788078
5526128
4607514
4796026
8156159
2032399
6639614
2016218
5729109
2915353
6783143
6250738
2020922
4526522
5344019
3303182
5326086
1888473
2017413
7178816
8237150
7471073
5980394
5987248
4785701
7232315
1899884
3949909
6528906
6014938
3370552
1895002
2212116
8174033
7829049
5981513
3302988
5984994
2060696
5673431
5993098
2929825
2432160
6528123
3053501
2697920
2880878
5869661
4542306
4280351
5571267
3713794
8165250
3379710
5457925
5465329
2138301
3688283
7015564
5439653
4543275
6653911
7010107
2904192
2936829
5672651
6872339
2070055
6528090
6926690
6588067
2937713
2849110
3617423
5324384
3229775
5731948
5406291
5763591
4537085
6920390
5382046
3735251
4796757
2542554
2566710
3737863
6698439
6251203
6013438
3767513
1931221
3737798
7024810
5504798
6731209
2543737
6014740
3689854
8154754
5342604
6732214
6788894
4526629
3058873
2606775
4545563
5992348
5399207
5349539
4538438
4522199
5995866
4549136
6794367
7469419
7695931
6293703
6980905
5347097
3926566
5869891
6561905
7027914
6656347
3750692
5944781
5349546
5600033
5987236
8001441
5763596
2056685
2880952
2439897
7614933
6040301
2935368
5384226
2542315
6026300
8001426
2625476
7743779
5462239
2058587
4604269
5971704
5608468
6015750
2924247
7301156
4168977
7646779
5145959
6014479
6448023
7008471
6015106
5349437
4545580
3751007
7612563
3573684
2707145
2930633
5350692
6262767
7051016
4077489
2017798
7391676
3890089
4619452
8162628
6054698
2928345
5382064
5981069
8206642
5353689
3750189
5743905
5375824
5869767
7616593
3617377
5952573
3743404
4537214
5983449
4542972
5978963
3295597
5978947
5745482
6027098
5945784
5505200
5994862
2043909
6010720
6092354
7008279
6013258
3876309
5406495
5400129
5398688
7907722
1896024
7009365
5986237
6527661
5482617
5346609
7017348
4551173
6291790
8241706
8160285
6852224
2903816
5991757
4793735
3741364
4556534
3007264
2304919
7510656
1920524
6526082
3223502
2924409
2117830
6016368
5755852
5387920
2542217
4520597
6121184
5443445
5348492
7652847
3295585
5763389
7736159
3758573
8122028
7467408
2274274
4556592
6014941
2303103
5398925
2577746
3999123
6012488
2123342
5353356
5508695
4335095
5457091
7443338
5983382
3927088
5324375
3363094
2933052
6929661
4522248
67575
6011792
8163609
3363628
7347739
7621342
5343881
5983358
6251729
1923861
6271810
5522657
5860116
2902901
7750753
5364602
6653992
6017019
2696111
1924320
6653188
2904149
6188694
2462473
5802916
2274220
3737854
5349425
7027140
6801011
6278382
2648598
2713609
7508203
5869643
6114047
8158295
2303880
3690505
3295616
5995086
2016198
6413770
5988157
1905698
4534869
5458862
2314468
8242327
7300625
4841626
444847
8106136
6027965
5388470
7688688
2903559
5348046
2932356
3208798
2041430
5672516
7026648
4515877
5345540
5506470
5349079
6286543
6022047
5374640
4522875
6009453
2643593
5983252
3386930
7535336
4036389
4556552
4419324
6633413
5945643
2910014
1895472
5512206
5347947
5729217
5956656
7019770
6543534
4607523
1905668
2720754
5943318
7644006
7022534
2121593
2946573
5869930
6291988
6304479
7025146
3058885
7613523
3591087
5508683
5869945
7314527
6012929
6015634
5659378
2619185
2460664
5859544
6784099
7991368
6491076
2037301
7006597
4541554
1904281
6107220
6511165
6122135
5346527
5762018
7067187
5986768
2645211
6653998
5417346
5451284
7985902
2916441
5500557
6511624
7744965
1906237
6625655
5349413
7021819
8158805
6155261
5869619
7177535
6109359
7004005
5346612
7239765
6011551
2543322
5868932
5935162
3689410
7469387
4628159
5387818
6014602
3789907
5359293
5981591
7543656
7051428
1932506
1883462
4628174
4556513
7513036
7019653
6107210
5983472
5990552
3407514
5980205
5985368
5672310
4542405
4518709
6510985
5209290
1904287
5344253
7020616
6013456
4558371
7182060
5104705
1894582
4332931
5996798
5730048
2043338
5320198
6841662
5378665
2016697
3342054
8132369
3757868
2032387
4550035
5436995
2538929
6009628
8157695
2033454
6031752
5503829
5859598
6129290
4722079
2304937
8173697
5946274
4554737
5350617
4619828
7501050
5351724
7242053
4310994
3748796
7014275
6276274
2902426
6804620
3612942
3687591
2626730
3690157
5506487
5659807
4553405
3844719
6014563
6962566
5983409
5844483
5343878
7053025
7683167
5399126
4604313
5983385
2925009
5302696
6545648
2903775
3889763
5511387
4550434
2117210
6731601
7017153
6010867
8001408
2710737
7009726
3927076
4552703
3760979
7019563
5436694
6016065
6472636
5389947
2924241
5729574
1944035
7179386
6013354
6081755
7987226
8001373
6528825
2465043
2643860
6086643
2305291
7550380
8114556
5342438
2855308
2119971
5958470
2332358
3295621
6672112
5454895
3735295
7025039
6023684
530429
3767235
6800051
5344004
4604079
3294675
2714084
3294564
7508194
5344001
5991801
1954095
2935323
5992750
4891411
5347334
7347742
6545140
6653706
5730843
2426960
5869634
7020588
3181073
1886132
5732273
2560466
6526152
6251849
6023015
3766022
6704885
8163603
4312047
7745645
5324150
5985958
4557129
2621130
3737156
6654091
1974675
5806856
3740023
5984592
5323772
6334726
6701093
4556393
2043326
2933508
5844840
3294838
2979135
3735310
6283862
6563744
5990959
6527188
2938297
4574044
5372700
5511444
6011721
3749929
5856192
1946509
8156805
6053500
5345441
7200507
5869828
6012692
1945742
5384918
8244877
5334176
5506467
1983700
5654689
8155005
2566210
5398964
7347736
4556042
7023673
8275477
6674260
2577670
5363639
6145412
5731443
5994229
4533098
8001429
6014257
4544387
5674813
1946917
7849173
8157749
5945847
5982128
7986861
4556240
2930824
7763001
6528894
6017184
3893728
2904485
5952534
2303124
7177529
6001487
5945823
3768924
5388476
7660562
5436754
8156796
4533065
6116584
5868467
2543658
2714180
6119034
6653677
5869670
6138097
6852221
6542992
7421377
1974679
2024320
6653317
3770486
2597261
2643592
5316795
6010501
2931952
6027324
2934698
5343611
6712640
6115861
2276481
7015222
5349443
2895617
1946602
3746388
6653737
2625326
6077515
5678573
5349482
5986534
2366611
7534957
6568571
5945517
7021230
5398766
5382055
7018071
2904429
5377002
4760438
5613954
6199831
6778811
3752844
6016795
6527806
2836005
6971550
1946031
3760863
6010591
4021000
2016773
6471705
8158337
5326559
5457997
3752901
4619337
3740071
4795198
2133647
5750288
2137373
2934808
7541166
5266895
5115025
5573575
5458936
6012206
5344910
6129128
3765974
5342285
5344706
2366614
7448737
7026462
2064590
8112218
2642046
5465320
8021460
5869918
3295493
5346607
6112406
2201670
7179797
5760294
5978939
6175042
5451587
4164958
6129123
7510684
6653545
6237167
2713586
6013690
4794045
7621627
2211954
7046743
6652861
7300682
5599475
5604984
3767519
4620624
7421688
6731149
5405942
5763465
6971553
1954208
6018001
5759121
3228248
2569540
6092810
5669675
7510850
5599004
3927028
6731151
5399408
6115491
7469501
5802892
3609790
8159733
7014012
4537040
5343869
3754472
5729613
5991598
7563872
6872456
4519126
8155638
5504381
2931607
6530113
6513082
2926384
3926732
5978960
6175165
5981616
5750462
7779323
7520183
4175521
5343617
7006639
7177989
5869691
3617380
6061732
6529882
7746479
5869960
7061380
8217477
6544990
4527602
6887971
7061767
5350727
7496340
6121634
5844309
2902366
2275997
5821207
5343563
6015223
3058882
7017165
5349500
5398781
2016093
2859737
5732648
5784780
5349464
2935063
5990044
5689241
5679070
5859840
7002652
5758974
5599597
5399372
7300754
2542170
5996202
5364356
6528138
5859732
5343968
6688685
2855083
8001420
5575259
8165103
4077918
7231028
4557905
4311788
4541275
3931900
6594244
5502960
6625301
7719135
5654346
6048036
3767623
3011086
6304485
8161725
5335496
2137406
6129924
5984097
5349563
4547253
6589128
7009735
5508662
5349440
5350965
3119356
3073791
5324798
4394038
4537934
7543753
5404487
1936204
5210308
4175524
4556287
7227253
2037854
5302256
3737189
2016015
5323799
7744962
3415880
5436556
6015103
3926635
5971606
3651101
6015996
5399264
2035058
4134452
5343614
8157673
4098080
5984712
5869942
2212215
3097732
4539453
4558454
3879781
1901050
8163618
6140898
5321493
2017703
5349787
2212044
6903003
7008646
5994100
7687805
5382043
5729808
4913787
8095044
5324369
5859711
4522558
3292380
6525991
7621345
6937762
6015643
2714164
1933148
5957005
5800757
8001108
5377035
3617426
8163501
6872256
4548284
2303817
3761126
2835948
5981054
3746517
4304963
2896767
3119267
7007568
3737258
7051011
5983430
3726762
6152954
3295164
2999447
2691368
6512417
7002709
6120692
2929547
5991616
7018215
1946728
5344712
6778821
6251194
4891405
5363579
2333686
5805333
530446
6109173
4974595
870811
7189119
5209642
6286369
1901026
5205762
2940079
1961197
5349494
5983376
4553021
5849218
5735630
4918378
2714176
7746107
4533164
5343566
7258219
2211957
5757514
5990968
7301282
4545471
3445753
5848352
2931733
5344016
7301592
4605737
6014839
2577178
6119790
3926956
1976724
7023832
2933697
1995685
2714155
5589482
5869939
6731172
2471045
2122393
3461896
7746042
7539776
3752847
6653866
5406732
7749542
5672519
7016739
5346602
7187197
2859817
6713922
4334184
5598557
3789349
6066542
6653428
5348926
1957899
5770793
3737871
5344736
2060972
3741705
6526399
5945892
6089451
5349518
6118593
4526115
4518811
4526978
2930920
3403287
6872083
5436781
4552562
5348301
6009462
6798257
5436967
6104449
3405353
5945348
6115133
5869900
7023625
3224183
5559242
3365515
2925544
5374796
6528162
7037080
7947338
6107192
3281861
6016365
5991403
6087294
5991079
6252201
5208569
6107244
5398784
5869754
5348675
5773070
2571635
4038141
3843973
5457799
6731187
6872465
6198253
6296712
2275180
3690739
6628821
4619580
2305492
2274280
3926620
6594516
3783436
6766077
6013657
2037393
5572603
5728410
5348186
6805487
3057013
5398871
4532132
2934632
1903313
3611845
6395800
6012911
6118414
3927106
6610221
5946080
3002386
2692277
5734583
3756566
2996137
7273166
6632530
5990923
7016385
7387594
3737890
6112541
5343947
7024498
2543697
2895969
5344691
3687070
6653557
6699474
4545597
4527535
7019680
3926704
2849343
7179399
6961425
6010603
6106308
2929072
4134626
5439075
6528882
2997314
7199335
6486268
5349497
1883944
3305589
3027885
7004332
3045425
6535104
7022054
2699306
5377023
7239500
7009444
4642975
5986507
7008576
6086907
5345534
5353697
5344046
7020723
7066288
1946899
6528879
5869949
5389636
4296458
5348531
5345546
2305045
5165496
5343548
5660023
5945766
2459274
5869804
7018278
5728863
2038867
5848317
2037336
7739054
6252027
5589485
5364347
6110570
3058876
7419853
8001369
3765881
2566264
7300665
6653669
7039374
2621679
2016574
5343984
6251182
3631915
5405663
3384801
2365866
7026028
4761456
7300460
5979626
7239343
7010914
6872270
6212152
5858460
6083804
5870005
5990536
6114941
4303737
5355382
2947960
5794986
5443301
2999408
1957814
2261519
6273534
5344758
2899147
5335823
7027008
3058888
2366617
5981669
4550752
5508692
2626706
2016676
5342393
5385425
1984653
2626715
5599538
5645991
4794057
7620348
7010266
6290311
5997749
1957865
7297033
5599082
5384837
3926935
1901023
5320158
1974780
5506464
5945751
5364815
6536863
5443166
2619629
5869748
5345543
5990929
2971907
4628147
6351530
6109233
4535048
7753086
6537164
2305978
7053283
5572308
6012161
5351739
4534018
5985820
5755783
5994208
6080266
7180756
3894016
2677314
6027986
1943249
5345567
5382049
4628153
5763555
5948137
5348048
5672756
5992234
4551956
5443844
2577649
6667475
5559317
6013369
5659042
2315308
4555432
5404490
2839262
8162817
6114167
5349781
7404818
3756752
6048070
4839454
6013249
5728140
6048506
4558000
6482994
1901571
6010126
5803906
5344010
6014680
2650523
4556459
5983469
7300547
2901099
6800121
5865184
7026614
6656068
3876161
5348996
5406843
6698757
2304778
467940
5348216
2849212
4620570
5983349
5556545
7288014
3750854
6528144
8003003
2849841
6731223
4619169
4519192
5377050
7535113
5399506
3890215
5436790
7517984
6016374
5674270
5344037
5844129
2898520
6188504
5443928
4526966
5450909
2566569
7003369
6024553
5672507
7177517
6653983
5952948
5399268
5349428
5345446
6849995
1904738
2894846
65333
3295612
1953870
5348993
2317530
6012289
7738601
5956521
6704566
2374299
6872363
7646782
7540740
5763493
6528870
6413671
6089220
8156624
7012315
7016508
672858
5399201
5437018
5327186
4620768
5994235
7024372
6941259
2924973
1950717
5558975
5437059
5986126
5983379
6090635
6821963
3603617
5345486
7023688
1974750
7934462
5343542
6539645
5993260
4545683
6057227
6959946
6078782
5375180
5348523
4558568
7199338
3039901
5351458
5347943
6293811
5457628
6235616
6017052
2460434
4793594
2644422
5388536
2901084
5349945
8162763
6811463
5995308
5343980
3226103
5436497
2965391
3749685
2542341
5730045
5659333
8242068
5384139
8001120
4527510
2896888
1946716
7341821
5984396
7650972
5608436
6236058
3737867
5734742
7745025
1900966
4939049
8275408
1902365
4759548
4190210
2030709
1899067
5436895
6731202
6872387
6617053
5404205
7662532
7719725
7018110
2929594
5674126
4619946
5406726
5754642
2902805
1895092
5756998
6653311
7623834
8241879
5343992
8127391
6852227
7745205
2016679
2606784
6014005
8158847
2125310
8275508
2709060
6022221
7662529
5988340
5508686
5349491
5986594
6526730
7053593
5377156
4171645
2212072
4891429
5458831
3040550
6010585
6116844
2542422
2865131
6784141
6819209
6014302
2903033
5465323
6542398
1956585
4518160
2900173
5456969
3741738
6030500
5436493
6637208
5982101
3739729
7058361
5945850
8158307
5674781
3202825
5703716
6017118
2937743
6852233
8265546
4550524
3386891
5384145
5325607
3041047
2927639
5350716
5505634
2623360
3612951
2315194
5348147
5869746
2935140
4659656
5730072
6251167
1949976
5570542
5609730
5869789
3295606
2900992
5364335
4534729
6510526
6112077
6541945
6124055
5558723
2902565
5844771
7024285
2927591
5345513
2904318
7541139
7744707
5774418
6872139
6862372
6032910
3927025
5983935
8162490
5388263
5978942
2849958
5763384
5869783
2121066
6732403
3058879
7722924
5984727
5599724
8156219
5983427
5756699
3686951
5869838
6954935
5983475
6512185
6872205
5987659
2108735
7300868
5335562
6015843
2137415
4331549
5599544
3737210
2618012
2894825
8159153
8163285
5945391
7511196
7018101
5342693
5400120
2714093
5343965
5323793
5452631
5607077
2926247
7817285
1900043
6731184
5511516
2898448
2931245
6115768
7443350
5409163
5345885
6956614
2572032
7473980
2903761
6536233
7007936
6537170
5342569
1882894
5992438
5342615
7300493
2667931
5345456
5343974
6525909
5945907
4558541
6656413
5436346
7016916
2902077
5428415
4524142
5869625
6528903
6548991
4533677
7745694
2577286
5342780
3734415
7744548
4997576
1983687
5997375
3748174
7791909
5326576
4526616
7014278
6014398
7018068
1903310
7015692
3878703
467943
2060708
5990095
6645777
5672493
7020780
8158879
3603224
6251852
2709065
7002781
2577355
5992651
7696554
5316976
5763429
1048616
5405681
6011741
2702950
3374418
5449617
1943578
6014971
6139557
4891426
2567610
2305744
5316850
5348504
3737846
2939680
3747772
4545507
5599185
4556558
8161125
5349554
5811678
5997777
5869042
5501085
2609771
2048595
3228092
6732385
5388482
5343989
2896837
2939666
7989519
5344055
3737872
4901850
1905542
5209745
5350620
7009878
6058128
5729469
6652720
1983712
7273838
8001414
4556546
4552520
6117973
2900967
2543747
5353590
5457056
5756645
6515501
8047040
4924639
5413311
5986318
7616587
7698584
8160600
6922023
