830907
361340
142842
765495
6797186
1186177
8146151
229944
37356
535970
3410677
1406272
7756574
2320886
648535
1903955
8157593
120873
506564
3695126
2391382
611509
65798
3106784
328752
8041987
1949486
764773
1399672
2118344
5621316
1993392
5093996
5913597
328800
7214981
342428
2083971
5188948
1927469
2173568
3967256
4573459
4540435
343858
6068252
647204
6874926
5349017
3752225
5950643
660269
931723
1181846
2844410
1135608
3638754
2410232
1728851
2839322
100782
5277280
2182312
2601054
579073
1733455
70639
404517
929833
2581001
190192
228983
160368
741376
370250
105346
1635402
1196906
3415667
690173
2329957
2404344
927528
2114554
6988527
5365637
5561503
4306017
7792188
3989516
536058
3909392
1394853
1698275
2456628
7569867
5944065
7660256
7518512
5723270
5229675
2339186
57878
3837289
114350
6517904
4546830
6114440
3757970
4142932
305731
2821051
5645359
217647
115984
2555049
227994
1030316
1399669
3322813
743200
5631239
5065978
2227550
5760612
5428387
1998174
2775245
7601552
5023283
2161448
7242517
5508945
1671755
183752
7643382
223048
2849538
5981657
5880332
6293247
5425013
3491390
5410887
4332538
2776879
2170215
86179
385216
1834138
2188827
5570849
7235837
2756156
516194
914758
6783027
6293244
3395471
4690693
1895355
3744268
7271877
94192
2218930
5889800
2506732
170011
8177495
7760309
238806
919796
1423283
105640
1941213
3303770
1884742
3998833
1905290
2017326
2994719
6224226
144048
3229099
5331215
2019073
6658663
1883537
16642
2382612
2088776
8024648
86926
1564870
3310423
4450719
1077486
4573594
627841
3836952
5579973
918825
2736047
3526439
1280694
4760439
7026567
2407883
5916517
7527630
1007637
3486013
1171686
3172979
302426
7302114
1934397
5583135
2378239
1906905
7297030
427048
4949240
5081615
5426524
7556593
1931849
6301767
1817423
2424861
1950355
5473985
2202027
576584
119177
70017
7026415
8114564
463933
5659192
2937470
1030319
317272
2820577
2082775
3323108
5774022
842438
1999744
3957875
7214909
16639
2809386
7797552
293391
2747536
1167171
2849490
6292683
2125178
6478414
2860074
3392521
7557091
7975542
1998773
7664120
3107424
1997249
5806242
5514101
1709444
2092945
3839194
7260137
6547174
8339463
3764184
192469
7500731
3205160
3996384
5364311
2019067
2718972
1894211
2003433
100514
833838
5535809
1287725
736645
3390629
4332298
5734049
2172340
2847203
6238978
4578011
6433495
2275070
6442689
478228
1479127
7521415
5528602
687946
929749
1966094
5394244
5904826
5911510
3002900
4133688
3023431
2333530
1907973
1906441
3502413
1394250
632148
1383388
328215
99104
2779756
39569
3280256
7760429
1838277
2579579
6195672
6678781
1307704
3222793
7237441
2787235
1335188
2089631
8090159
6397040
105403
2002000
187669
133301
457539
7510201
3482739
1606779
6673190
2009038
30741
685441
5579617
7707292
43680
1907483
876068
7555913
3268962
1910554
1697152
107484
1998308
317269
4604055
317248
7696362
2563794
2043155
2932356
3966052
2843053
5933547
5914011
8057389
3380472
768223
464144
1994599
2305261
2121868
6519807
39455
6051251
228980
7081691
3837068
1394069
106071
969435
5657427
1820504
850271
196281
7409430
6970250
1963237
606648
1804556
28693
2259479
4064726
2734777
1147085
5083448
3284609
4386575
4920207
2934901
6875626
1397023
6205791
4460633
919032
218510
2012478
3126745
3837283
3542686
6607435
6247346
6109779
2810094
6936343
2102983
2007357
5578106
1479121
5425458
68525
105382
5683236
3509777
499674
6733741
2585648
605172
238488
8725
1201545
7714373
43169
3351746
105253
1321409
1027978
6552493
8191815
1607926
3363046
2012949
521768
4414343
2193778
7016138
1171680
6650508
1951168
6233971
2637099
2573127
8031460
1058708
4444310
2377454
3415
1741597
2572131
1398039
5762259
128221
2006609
7938405
5798903
406775
3324809
655674
3940954
2464824
1478848
554737
2313455
4423735
7248736
5345069
238347
4991141
645334
2883156
2253823
113222
156695
7222675
4308230
1593755
6005576
144530
6604527
2513042
7138584
1224867
7007940
2182960
6727763
119009
6695026
1041332
1907602
5226536
5400639
3399544
510966
44511
4944900
7053566
2991386
2009274
35448
3836934
447363
5481228
6333140
5366716
535051
6489641
5534701
3724238
4759392
67398
2462839
4840402
1449271
8047013
4253659
6323040
2997581
6365884
3242726
826213
3501598
197179
294023
2954628
5424851
2262245
6917945
3322617
1478839
7797870
2484047
1462313
164920
3383343
2184233
229058
742649
3704560
3324187
3380469
6217993
5335727
1509276
1478929
327480
2314603
2741083
2442520
347538
2775626
2256918
1020486
919035
114124
3971253
2739205
1972146
146033
5739302
20044
3125968
5334896
8311498
1198527
4540300
743215
5346647
8272590
159616
3174927
7289622
1928266
5914442
4023409
144820
7722175
5774019
267090
6612641
144856
2042718
5395208
1910909
1702169
5828830
3938668
54873
1085720
99709
5582755
338727
6612385
7363114
596207
7540704
4895239
153968
1100995
64870
5949427
1330275
5642779
44580
4128967
2753417
5320593
1807863
8237178
896703
7892751
6293034
1465593
3229486
7827295
4108267
2720386
5573848
3836928
7562299
7049517
2088236
5655886
7063016
6682488
4702032
2768689
4931397
5363798
2512122
1569915
7484306
359638
2466371
3348659
6261085
932972
35646
4413020
7711877
4532744
7781417
5433134
290385
7925118
3403620
1588997
125411
2159455
599279
1240074
2699333
6647759
693281
1171674
392688
3644186
4008769
1406448
1311278
4152011
8024561
1512039
558293
3372407
2606050
4938099
2123134
7685810
5089132
407292
4208547
4919208
645867
3926257
1319601
174
435141
4194377
5733014
484339
3621728
1178986
7588754
5534862
153965
358686
8184665
7980933
660484
2996137
5524981
7675736
2097825
3527708
7979382
5859625
474207
653273
5475671
5910444
1918515
2002991
2844772
7705259
397146
2738580
5844672
1974576
5767556
3051115
627986
2957977
5164974
5940655
3700701
3569030
2195633
5026328
6179486
5389529
2255342
1912262
5474696
651454
1904507
2019064
6432738
2213519
2154624
7638845
5315398
1315163
6842458
5681423
2697854
4175491
781024
4540441
542265
79552
331688
8100159
3005698
3936930
2012886
7745625
407301
2243211
7916100
3130308
7820868
860704
37997
5904616
7661057
5359027
2748652
3139230
6337799
1178992
4512499
6590341
2124807
646719
2447837
337595
7082845
120870
1479464
7587066
780522
1916096
407283
5408261
1771935
3652363
1277
227237
7613679
120867
2358151
113295
2482382
5335334
21535
8003288
252562
3408656
4573384
5426446
4276294
964886
4902384
491723
3375526
6293187
5618268
7182315
2374916
1907922
1914570
266655
120756
972896
7060688
1559253
5565806
2374771
1493682
3015889
2701803
47460
1171689
940704
3322531
5411638
6695203
651412
2613206
7076497
919742
2626631
7566240
856424
325614
303807
4290797
8154928
4025406
64951
2101632
4853958
1268347
2627644
3284080
5365640
4972647
203253
2328574
7553309
7020768
5326943
7643379
8219297
6197788
3662889
5393999
1607671
2543463
30747
701231
2112703
1942338
475395
4617098
841659
2279680
805246
2329233
3290075
4351745
7927895
5543507
4008634
2876563
1995994
2700056
4212589
4946935
3146465
101295
7499037
5534577
1088630
7854756
2107998
5489775
1488077
3354979
3312856
113502
1127031
3701802
3440534
3996545
4333900
2816111
7641067
751199
6229553
3285905
3236604
927078
44568
3490011
267048
100779
2240817
5434392
7516096
2182177
138213
7525994
589561
2213270
395648
4123227
6293445
5347541
402826
6202798
194817
3451502
5490039
20605
4939893
50349
4546638
2560403
5951033
3129378
1386231
2435464
5341911
4916652
7642578
3155542
7117968
4526151
6417967
3296369
1316757
3829570
6310210
4532510
7856880
5951294
3669143
5377372
4532042
6334132
1573220
5488720
1301968
724930
2606146
291283
5863485
8056078
7819533
2899976
30421
1964228
7948097
99778
5505314
5331344
886349
147084
105774
2627273
5461927
4352804
1128920
1711654
7725502
7528211
6293133
3689149
2118562
3296363
7423967
2627803
3322689
2784974
1883645
2305708
906348
33059
3817591
292152
2764199
4939049
3837014
402478
1171668
4919640
6835124
1892144
8132036
6216631
2547603
1216118
2776499
7110373
19852
5780179
8080140
1751485
2006483
8009186
5364635
2581104
4012749
716261
328341
3424316
5463770
3960780
175110
2305090
1907340
2876554
828260
3516606
398400
1955012
5344634
5746508
6477580
5579228
780784
33020
851324
221371
2729097
646399
4573244
1483339
5392658
6656707
323165
5329076
280703
3831060
3961978
1331665
1997495
2732331
1803335
438941
2643789
5348978
6011759
2162850
1671466
2578367
7784989
93215
5327962
5394318
7172923
99396
2180012
7510905
431612
7666376
7431130
1904951
956741
1657505
328218
66607
21613
3692574
4789573
1166943
186908
2334747
6342588
1806486
2738693
269748
3703815
5702750
3769719
2507671
501530
120753
6840128
4730624
4840408
1672042
1278793
1913256
4822652
5599826
8158217
1909266
5628294
4573372
2009499
6715961
1901002
4205489
5067542
5313819
2740902
6420607
5846147
6942199
1994225
3049281
4401988
1302060
4140641
2269274
3971310
5864899
3900575
431408
7862845
7089999
5320785
39137
1745698
1793969
918747
2083168
1020304
5366389
610923
6547180
5601058
5494394
5441662
570017
887824
929974
6165489
1196846
7804725
1020552
5069772
2600406
1448752
646536
2400512
541711
7249945
2903652
247475
6051290
159727
1418893
113838
2004344
5999301
6513280
1181843
353862
873278
651361
5738100
2504424
3413094
3799478
228959
1927015
2212552
2801125
263454
5413507
7736231
1391488
1479091
2247265
1485162
1805871
8035781
4476141
4805267
3825848
2601362
1836916
4534936
5337580
3269384
618771
639309
5885789
426511
1041260
2732443
2083165
7658633
7642848
887848
237812
205827
192433
2234644
898646
963756
1890164
335158
5088092
1927136
3408638
27315
5634217
4156520
5856968
397896
4536504
1996224
6335856
4433352
5797628
4303623
993564
3089217
254097
1284044
6678646
5613453
4558700
2448850
2049668
3007221
5804651
3837313
5697656
3284302
5541433
2255242
3248392
6770919
3221701
6245152
5363849
1922299
2504119
2509454
167284
1171683
3580785
7508909
1479028
3413676
5574477
4738444
6447834
8185820
6963197
2744202
897714
209338
3118127
5088409
463867
5440446
5641686
1258850
7543094
2334190
325377
6676508
5874105
300301
229001
1227830
1756444
2612888
4573115
1734578
5426126
86857
5945433
56261
6419935
3492296
1718509
2013354
4424288
1894759
5633694
7847269
68546
3177838
1715863
72183
1283635
328797
6223505
2363632
3435535
3124
353859
5571772
3242085
5989012
3941128
2064409
105583
1304425
459071
1056487
7848185
5938361
105598
2701142
963510
8309449
2215369
2910564
1973439
6381373
435924
2128842
2194194
19231
4542792
536039
2820856
651451
929968
742661
2462779
5642425
7704655
2184534
642613
5936214
4759635
2090324
62361
2172191
5999435
2606056
6549844
1481791
1251976
5561911
1085357
5816189
2651151
1284059
7907552
2430719
3661615
5491530
5976610
7052535
7232130
46584
165963
5337928
2843395
2592521
2542536
3954868
3769948
5574198
7736426
5540424
5930457
5434120
5929728
105229
4578025
1606532
5546754
3324499
555465
1545712
302507
3345328
278225
32747
6260647
3099082
4129474
5354478
226764
3837345
7696809
6681401
370901
3659020
626950
2087851
7090832
5425644
2161463
1185955
7802172
170014
8185091
2140634
3322528
32616
2154684
1896328
1885253
2925991
2567505
660009
7543280
354874
3580989
1180155
31643
1479004
3624026
1346342
2562080
1241535
7505332
27747
1397299
2085168
5946801
5314844
660272
5553780
483323
7391661
7874227
3263446
210316
5583048
3367328
4375304
2927561
7739105
1950279
5945874
817171
5343731
3156017
1921147
142572
2879358
8028697
6028300
228953
2619708
132851
2205606
4573396
1941564
3240970
1363804
1874740
6565026
2181557
835436
6171827
132887
6193101
7672302
5547299
5582101
3200266
931096
7601990
608778
6566289
4551714
3810839
1258847
26214
5591622
7606860
6074990
3749319
6233827
6788777
1033981
6836143
5584780
2305702
6654526
957180
5614082
6115055
6549099
2186505
5708473
4442748
105283
2242054
821695
2629817
6027768
6934049
4123034
8083876
24722
2031293
3383096
1946821
6996218
5399654
1077426
5335871
6548136
7948792
7602465
8313869
2432163
6500159
145069
5382245
5409584
4970543
83414
165981
15622
1956768
4302596
1905653
631989
918828
5982362
767603
1950447
7019590
3837134
5037588
2446875
4155239
2234022
7722484
1422431
1904504
2886072
4418530
5450
8010759
6493874
7616956
2355792
327537
1701760
1314446
2121162
5345645
3385170
7833597
5484609
6739594
483320
919065
547455
4968969
349916
1606974
79639
3808802
2019118
7178253
1937922
2552086
2158776
158138
1165560
4573277
30624
1193663
792509
6891689
464116
310764
2486284
75874
2332577
871518
5642116
2247154
1384287
665186
441376
3738610
5525401
1389209
30750
1035399
757200
5576082
293382
2570012
4323387
205376
4110068
1380847
5512315
293385
20248
3560905
7781179
2855410
6318332
57866
5575054
3821998
887920
3380496
120843
65699
635807
188180
1958899
605169
860115
22956
2623075
7929407
2139274
4620156
317254
1736206
53534
5386409
7467396
2213315
2262806
2604358
1889754
5565911
4130493
832262
1125840
2270837
33035
3553829
241080
5393956
2803769
1996002
6678784
388650
4592434
142249
6691149
196056
8283915
2122867
2910555
28314
4125235
3900566
108324
7718426
4478534
7726155
2394211
2619747
6900506
261807
5764284
317260
3589950
7042237
6729234
2016881
2160529
1181786
916729
2239420
5876609
85313
2234536
5662869
1181849
1811608
6936307
4260116
574528
5774031
2778319
761677
5374245
8342282
3239486
5122084
2134030
5424842
7094182
1714801
6046213
4927705
1519771
2572239
1756649
2229123
7903264
1914907
94578
229040
6112121
5346314
4546365
2143753
5929761
6501083
5109448
6406044
951454
2811305
4119769
5539953
3602744
4746062
100653
2011732
2179453
2616981
387325
1508490
2786549
1906800
3597302
93043
466328
16690
6369730
2404933
1951748
4985175
5612597
7197996
1757446
115263
6696822
7125951
4541911
2337673
7282381
1504219
2348616
5650135
7992331
4159240
2185843
3374302
7495221
157160
1090287
4916943
2649817
1908722
828811
4062176
932345
2184203
2063189
5655209
4129766
235977
6368653
5511492
5019186
5931670
5756819
2377900
8173451
4530189
2184344
5678918
5418310
465935
7686768
651367
1993632
4432271
104230
828236
5071476
3837468
4253677
2013381
5989283
4840777
7517870
2186575
219861
5539596
5552494
2114324
5317651
1647471
7854200
4013494
4069695
99089
5364209
2887239
1741432
3798164
4607546
929929
5546781
1219590
3323066
765378
1393733
2247172
7506021
4130935
5642767
5571542
5439659
3303616
2234082
126132
2763942
5541690
2734792
1173354
133208
6785295
3156104
6834746
6438301
4401485
134835
7673224
4014652
554743
7744326
2024709
43372
6565488
105106
7797139
2829543
7553014
1806845
4925748
5424848
2833554
1924842
5068147
2633234
1478827
1705742
2074771
7101379
5329238
7992676
1950459
4094840
4551519
156255
5425259
463407
615455
7702534
1108316
2844740
1949288
3189369
2123281
1077498
5165287
165853
1178352
3603547
388535
2013456
2321272
918831
5865431
760952
2600838
1397284
6360921
5424887
1987769
2762846
7582672
4438158
120846
4315990
5015481
2305840
3324783
7356639
2509830
4194129
5649516
7743255
2572848
2005835
5915732
750639
5988652
113256
5346650
5675449
8512
5476121
26861
233054
253989
4573534
2137508
682504
2885566
7709017
5352213
4573124
6275156
8069080
97597
2020205
3507819
2656509
238078
6990160
1607776
2875495
153472
6843553
2294868
4096302
2387922
5370954
4552766
6598973
353808
170194
5839398
496468
4334432
5641187
5917735
3323829
824995
1211581
2755985
333641
7435555
19108
7976652
1674184
3284977
8097173
1883660
3597179
5371063
3048031
4649019
5563546
378514
2197816
3294744
8281311
5108763
35679
458448
899553
1147088
2933951
112859
18563
190931
1400351
7898334
2834286
1869895
3371889
232684
5314428
8178961
2537483
289160
827876
5813414
5335337
1907316
2378242
1883597
6513283
1671716
4844001
2117656
1479112
2019761
2533870
4545863
205204
6224733
5504327
7739552
2216590
2526171
1396955
5309636
2004290
8171773
2037390
103759
2084242
2206294
5669318
3265629
6818625
833319
4904938
94524
657530
4355702
7510815
3306412
4170747
4519785
1751086
2387442
2064210
1806372
879508
1907943
237610
8238481
1986319
1974024
4149900
2123095
1277594
862267
96525
259909
3326199
500840
466644
770209
2264670
2059903
4466015
5503448
6120854
5370513
2586111
3105416
2205768
1345114
1096125
5347442
629722
2550360
4890946
3367589
516775
4072879
1617593
1743175
2527615
1724475
1508835
3656130
120837
1874800
3283334
5686627
6145115
6529930
3170863
2811029
2804639
6900500
4667423
6837897
1966543
6334391
753611
416986
4146780
5331242
1658426
2101906
7506207
7400849
4242394
6835750
847689
3239489
483338
2117701
2414299
416339
5347457
5388973
3563811
931384
604665
2806278
1728875
2078416
100855
5491469
7479453
4573393
1284074
3878352
919074
6534357
8098967
930049
2676473
3947835
2887795
4648953
1478081
1262474
1247882
2268630
2004320
3156484
8113802
2149659
120855
7816519
1472730
5376236
1478204
2811032
586840
920532
2073311
3324181
6051326
1295544
132644
4652987
7013634
2557636
1397149
6835887
808165
3505021
2008439
990903
1985118
2833497
6686823
2566779
4544598
3529619
113298
551440
397407
2858937
46464
8043971
256895
1797706
4257138
2885324
2547579
6772169
369013
731865
5374233
5929722
4210328
2255414
997455
981180
305248
919071
4526888
56345
2184573
1891481
293538
2701545
5273311
793707
3183586
2569328
3126106
1044087
3209290
8183635
5513930
4532873
4331351
5321685
4573354
7931851
4540585
6033925
5948098
1960059
1955995
1690870
5357535
3362815
1943213
5138942
4573378
1479115
2808936
3345694
2810103
8003174
5538722
276162
2089928
3492981
6299219
623493
197980
6902209
3040117
891661
3572862
5425319
1325657
4133838
5617454
52241
2201351
5983941
2017242
4653844
1922850
2642246
3837017
5114980
7857397
2779984
1828183
920154
6046453
8129566
2088599
3156122
512888
971856
6704625
1508493
1353307
431663
105058
7722058
72500
1399421
612064
105643
7350897
355311
6998206
7865221
2676527
5856887
1149522
2432353
6406967
1934158
3136375
5726140
6348549
2329110
3785363
1059106
1895244
394809
5983758
5340515
382474
2424540
6293130
2112155
5571536
2173757
4896238
2948146
5539734
514327
2084143
3263804
7613472
929848
5623116
7701677
843875
5427972
8127600
123559
7367588
2808927
2867387
7736429
660254
2186668
5525700
2586727
5348195
4653242
2532350
2271461
4573369
1314440
2660289
3741813
1980256
5629712
2606943
5833992
5433284
81404
293070
1941654
7018560
7436911
2903643
5530052
3322534
7428955
676648
3498146
2129543
1258533
6239404
1910569
5961966
1990004
5637610
7567061
4323889
782745
1234721
6330312
7096311
3634840
8008440
33062
7525985
743206
215410
919802
5797073
7906336
7014749
2167647
52360
751355
2182936
5637143
1934511
105712
5368752
4721463
2768668
6646920
1408961
3323694
30744
514153
951457
5431745
3753748
1895922
5929725
3372910
570032
1857640
2006924
98139
4539147
5273872
2557178
1806659
2973819
5392730
5892231
3340127
3575379
3598981
1676312
5503643
1079846
19102
5545547
5986336
2419743
7551559
1945398
2948562
1996365
3808554
5364689
4521353
30706
2084540
1061610
5408159
2747389
2726477
106439
5426515
4988474
1883522
5404550
4895778
415381
1433040
5598854
1866965
2166090
5656081
5434422
2847206
6458422
3764268
5601154
2883980
5336989
7317392
196422
826741
907968
2699630
1021602
2849301
5087360
310343
5020349
4621296
5369404
1226735
6119652
7660979
5605101
463993
1548392
5079115
6845693
7874212
1287177
2624583
328203
3741816
3239609
1936909
2707351
758019
5895480
6929871
2250642
856421
1976641
26789
1337345
219320
2024519
1181971
367087
2252134
8171368
1899728
6054229
19867
6914028
3661840
3322781
4841671
2955330
4826664
2003487
270411
1915848
5374118
2113539
7688634
2241617
4769753
100246
4428211
328125
7831672
588308
2401703
4468808
1933422
3428339
5328995
967519
4524259
7395137
272243
1842072
3008762
3941083
5380685
2653783
4573582
6838364
3698733
7454076
718383
5100741
936501
5089067
1494598
7422560
4017250
1277979
5710814
2570015
2159179
4599231
5641767
421216
919068
4526771
8201552
2229531
3663667
5456801
2404335
6887977
6310903
5393304
804697
106445
4254072
6393442
3837254
1139985
1594926
2113380
596493
2196517
965314
5508665
1987269
7955543
7962284
5584141
5641202
4481427
116396
6510742
1920560
7474739
1375337
4793651
1419722
6413868
435153
159967
7988773
1094037
5569019
8040412
2155633
2581625
794559
2147881
3325218
1836340
3369946
196047
4763133
1988082
554996
4910068
5912727
186866
7907899
1887634
6982702
6763789
5717781
2994734
1479034
2126551
250432
7861003
579037
6251864
6481656
1634739
2138718
4337030
6924542
6524451
8324
2175917
5657110
4023223
732667
6502204
2186581
6276734
65035
541441
3324172
2996673
7880585
7171491
7558300
2943129
7715595
553147
2217742
5692028
7683446
7562006
1659987
7642932
4412933
3324786
3980391
7715888
601291
4544811
2643881
5417313
7745898
600985
4528789
7214855
3156000
5034318
4338123
5574624
2955721
5897226
1231588
1132126
50394
7029904
539386
4603220
5998011
2254040
2086640
3660944
43198
1478845
1763390
7937541
3973687
531243
2888806
52425
279151
3796516
1924125
4517031
822543
7827319
6834665
2543358
6279863
1818449
2267802
2183683
4336674
4498396
1926275
231676
7926027
2157032
2445907
618780
1916108
1561332
4332799
47382
2301740
446490
7198053
6293025
3376512
919772
780528
4032515
1951898
198112
507727
2566764
153481
2101978
1018576
6859223
2473201
105061
2185042
7627027
5348156
5099576
1218797
887854
2284152
2587852
1883558
369019
2160616
619098
3997016
4471632
1965210
936297
1826228
8026915
127312
475764
6894362
375280
2593761
7926833
1749171
2029542
4048207
2279740
7984362
6444982
479463
6287506
741268
5811987
4334561
185129
3324406
2305273
5878100
5374368
6953223
5930544
2173188
1711305
229602
211357
3586678
4555826
100333
4534462
8160852
120849
1920386
2744268
2999871
2003204
1386759
7202640
5709300
2898919
1340117
576590
6700218
178100
19516
2339183
5430228
3324812
6378823
214989
2828961
228815
6010975
3221698
2236494
7621309
5240931
3381751
2101488
3369442
2381907
3836963
105697
452224
1908719
105379
7830104
4631667
6450513
752713
5500533
2222305
5811264
1030349
2089357
7371066
7025377
2859099
2138196
4324923
7901735
832292
3392064
3661669
1181704
2626775
2886638
7563369
6010675
1238287
468204
2178050
2582962
2873475
6512059
929563
6118164
435422
4625338
220501
30543
1543130
1982265
507874
245906
6521627
1957439
10158
5072987
4123049
7014434
3542456
235362
471248
1185247
4431319
194266
5381091
7182504
6220343
3616528
5738088
4242553
8113694
1904807
2605032
7388321
250480
4519600
7992679
249115
5918887
5426287
2184191
4518835
2010517
5860503
4646682
1087334
7505530
530614
192568
1216409
2791300
2562359
1917762
2740300
1994584
2180605
1908967
1544261
584896
7815107
2011172
6537729
5494370
7013697
8190989
432417
228998
2088593
7510398
7690087
6409953
1460219
6299532
3324157
4332841
682656
1806803
7809714
947920
8321228
5346947
7715373
1893262
6282896
627805
5204382
1024486
2910570
144946
2805701
5425488
1567621
7532344
6345416
2440515
3426485
5815389
7728242
1088423
329681
5533757
3171795
464092
799162
607432
1031415
191969
743209
790618
7906678
3985063
2149629
5845059
1088732
4156778
1939229
3380475
8133375
5950445
2808921
8185405
701237
5433428
4290328
4903650
6293541
2574307
6014326
550959
703858
22053
7981124
2006435
2138838
3421971
8011141
1993407
3623757
1294597
5529237
33970
5365811
2528089
1933638
4737088
7002179
1160194
2087010
307585
771273
5033118
4290785
1808270
2578454
4110071
646976
6050679
2147561
8155101
85127
2590632
2166583
4939359
2461123
1178104
646740
2080374
6027215
1753174
5650460
3983469
7642824
2424480
5216588
8254147
6883070
1317201
1928195
130038
3173812
3323123
8192864
3367595
105145
2088440
792116
5729970
2078248
1888669
660209
2330133
338674
2002973
1569942
3387125
6113735
2725940
3961149
5898337
2335984
2189992
141189
682002
2122375
1184686
3508233
59606
2376757
142365
30756
2541641
3285295
2925215
2527182
1080543
38584
7660208
228974
6780613
2139000
5894895
2169944
272982
8185247
2171146
7658780
5121595
3413286
8188201
3136674
6859037
371869
2456889
5399777
6292764
5590622
5161231
6669605
7868120
294428
5068464
6148034
5542071
2822404
3221533
2084140
6363536
1901778
155184
1646929
2122426
5343425
2186635
376090
172801
173712
4021407
2994581
5814786
2253189
2101240
5428556
372548
5583600
4001983
1330272
1908725
262533
3943638
4707809
105319
6590221
7914820
4549756
105595
7992670
2110253
5475612
1479142
2884533
6095277
574794
7020585
2401757
8335288
5478345
4002409
105079
4573130
2268876
7546950
6247343
2088596
4001774
2501617
1996692
6293352
369002
950056
7411178
7689826
2540360
7505380
1174790
919793
3672301
120852
1613585
105220
3509831
37507
7919968
1229
6681054
3293884
6293439
112690
2007354
2045083
442259
645136
6415428
6637938
3755895
3136014
5321127
2572854
3551183
457195
5366521
1923333
3140142
2138691
4123061
7263152
7428907
354310
6363601
4257907
2166015
3402439
4739618
6265238
5711975
5425226
2084636
117571
106059
7667985
2127211
3089071
2614461
4444510
8296473
4928995
3973285
1944444
1233499
6180242
5274315
3703692
7773305
1465782
5542336
1718503
7727589
7614327
20917
1842138
2218065
1940594
310767
2306572
5664753
159499
5569441
142824
4154130
6499582
19096
4634005
7783063
2452361
5733005
6142944
2151318
3286422
2017633
503914
1213794
1924290
2639126
7322388
330188
2173796
2322797
5997750
5917999
891658
165987
6010267
3450060
3969725
5370963
1396967
3216714
5344091
2098275
2499787
7932416
1997393
365366
7963704
1320214
3324891
115722
4841815
6023018
3462971
418933
1149749
1107671
2065127
6206169
1436381
1530209
1857969
7824729
6862372
106499
3358762
2184209
478264
8209176
4231128
1059121
3815857
7201425
2036289
601138
137080
1283833
701240
1944876
6427258
298836
2288411
251271
2248715
2811026
1946737
3823211
3260153
4401461
5783875
2667862
715822
6977890
7728257
4325709
1908771
5426533
105798
2382450
4881303
3226247
4199311
445611
192367
2311896
7642410
3837062
1960412
3486879
3981065
3358325
5919870
4243896
5334251
3064590
2440880
4283907
1618795
655310
3003614
1950210
2441753
5374224
3938921
39056
4435469
5430381
792059
2880664
1870589
5990968
10271
5431655
7718300
7643373
7594345
5425772
5554778
50571
1971218
1883474
3568865
3118428
7593631
2913652
4979552
1181897
106490
7879405
554909
3285154
3326976
7140821
7540323
6408558
3453684
3999255
1220361
228914
2700431
645167
201311
5823097
4334227
7899659
41597
3378149
1034434
4698610
4423618
111958
1205826
50340
3837441
7239250
1646962
1707506
887911
431621
1905578
2383828
3186267
5426539
1979440
3906009
99790
5796465
1479031
2780035
4538895
7622290
148736
4008511
2775476
1361340
5408780
6835956
7521745
4573465
396951
1794755
6936214
5370903
2324263
4148876
5652839
5865784
7593679
105175
932474
4652094
7018794
4735184
7616839
5990317
100650
4443758
5730843
7505919
2487781
3212901
7357200
1181710
269583
5393507
7461447
2013240
246974
4204729
2382377
2606290
5287565
5545265
5366614
4757600
4753369
5523708
2391811
1238626
4021389
5854633
4370261
1884777
1294664
2254734
919769
2605790
2808933
4135005
7267698
822688
5799667
6839741
1021173
5409176
5201876
6362318
8161017
1724419
7021455
2811017
2091007
9064
2354439
2494624
5025774
4416167
2560721
5542011
317257
3239579
6333340
741367
5494070
1092660
8068472
1534105
1927801
7736189
1790639
332448
4452690
615140
2606639
862753
5100502
2553157
775979
925472
4070227
5979113
7645227
3740968
607474
5402935
6325879
2626449
6516249
1446543
7773981
1886744
5557788
8283071
5537456
5985274
121085
8168695
743212
2579273
4590892
259954
1394904
3454588
5474211
5493447
5056527
5088412
5586498
244860
283972
929545
4161355
151480
1462316
4645715
7509533
5535128
1236381
3233711
6723000
5534448
8249466
3560162
3474927
3324806
2515100
5642668
753465
6363386
4576022
458484
3449868
687027
323198
5024812
2574906
7964467
1595444
1584033
2283258
5461957
6226785
8216055
5368931
3306658
6939572
5366110
7713873
3387518
2980959
7371904
8154190
2557639
1115710
5666149
1146013
876215
1168069
1899626
1864536
1258647
5304918
563122
5885410
2208981
5081283
3640555
2219506
3169473
2099758
5186431
6372568
3380484
3871654
950570
7601298
100689
3837582
2047302
2629814
4477751
7630984
1632682
5877798
1206659
5332272
3427284
1607869
4400666
844253
2783046
1649443
5725602
105394
3250712
5531916
1926281
1067265
1886411
383888
144096
7892748
386201
93617
856439
320157
7000167
2825448
2314430
7820814
4989780
6765683
7376518
5344010
2606344
112309
317251
612271
4540336
486305
2263608
2458238
1056271
2247646
5802589
645514
2811419
5602631
3769906
3198685
3762297
74557
7047395
109911
274170
843110
3592707
2618772
1944412
2393383
1258440
2857934
2237765
2040486
635342
3136646
574543
2886635
3194819
3183661
4926940
3701967
1978225
2067420
1950450
2201637
4630108
328794
75871
1201191
1295535
2595974
2875978
523920
6088437
317266
7955001
6721190
2759766
1504549
5672439
421249
5364998
1061043
7015063
452114
3740140
609043
7297598
5097833
5401209
4097277
302505
1527170
1607471
157070
3378923
5795256
1049553
3189459
5580965
3453798
5337916
5532817
2811209
297602
760536
3458656
1479109
5928719
310770
618768
3590891
4458620
2260148
741280
1024798
7553360
1620126
1970982
984372
5155976
7852299
5339903
1964111
5540940
100348
6106719
601877
227774
2778058
6420550
5946300
4840566
5858871
4002499
4722741
4570445
3587566
803443
2218948
3528628
887791
2034765
1340165
170008
1105531
5340380
2677335
6318018
621315
5433308
1077930
5534496
7589114
4902814
486335
2779459
6175033
1077411
79474
1602581
2290872
8076235
1005997
4021398
6397333
3493126
2352375
2453488
7845686
929175
6044350
894903
3791299
32613
6368318
4605758
922139
2173042
2716938
56342
156201
646557
919077
7327751
617374
7642827
5362822
5085050
2443742
6543806
661348
2082817
5931457
6811894
59082
651409
1005661
8238607
579043
6221478
4903374
1939965
5066516
934759
237592
5327822
1736173
1123558
5912335
1899962
1448986
1577941
4186379
2217284
2102543
3562317
1989071
8202847
1949000
3380481
3390008
975250
1972191
6875742
216430
2220851
6150382
6835840
1675060
1866602
3724958
6539482
937374
5907798
463079
6006298
1867566
1508703
1966232
2580065
53203
243443
5394321
3285475
3971696
2198623
6578452
3078094
72946
6497731
141045
1213956
1252268
1997838
6490559
5628029
7717060
2019034
423396
1996893
7075196
3427987
432423
4681639
5528794
5461891
1977601
8048769
161478
5215224
6703755
105631
1901994
1362464
2229040
5321082
3245160
2884768
2205373
105460
5340180
2242610
6416706
550695
7778622
8308270
6027693
2783695
2064695
4256419
5989172
8028933
4653670
6202822
2002997
4333903
183611
3631161
5084662
7887668
248321
932198
21670
1131940
5082811
5425826
1860186
3124059
1202580
7101758
7967194
4661797
1385698
2933918
3387512
934005
2335162
4508320
229064
5403163
1688494
5374371
2093847
561648
2519221
5394312
5759644
7580275
7544031
2844413
108835
2003421
7715687
1958800
8758
1749006
2927219
4966700
5473907
504364
100794
919739
7573538
2053646
126102
8164113
353618
1724859
3103927
4537058
8244615
2940833
83241
3876499
194787
272555
4628150
7725046
1964801
4442526
4943669
79468
2199356
304786
2218155
4527223
4650855
1931852
294026
3900578
345617
4372658
3430623
7622721
931708
5352561
5467520
6788302
4258504
2042957
3286102
3263371
3206189
584047
134447
467901
4573552
406523
3400186
168734
7082659
113198
5414728
8255353
8157417
6515885
30712
7711224
139302
1998341
2290722
44508
3741819
5599274
753744
5879917
1908728
1690489
5049473
951451
320642
3943168
196152
1198551
2159367
5537420
3346037
2810097
7749354
1928675
247550
7807430
86548
6204201
7637187
1025132
119853
5398631
3135579
3235200
7991251
2083852
1675566
2139232
2937572
3470286
2129414
3380172
6528969
4550896
2082586
2578702
6700413
1944503
1803293
5350482
2159744
30759
5088400
7617043
8173946
1945395
546964
6372750
2698373
4546314
5430306
757956
5642794
228779
4123028
1657809
5425739
2990762
6154563
2319473
1442266
760465
6092529
30762
371218
1177147
4018567
2855062
1997333
2839340
7336012
7845683
5650436
1422575
15457
7857078
4175485
5513279
8117658
1036530
1981333
55991
4901961
1314494
5950625
4608910
727800
106077
221650
1080199
8279093
7527618
2461582
620773
8030485
5425289
3162423
7765003
5335196
1671752
171569
1783707
1907498
929965
5204181
3721152
7100889
2140878
3449482
174901
2999949
5002206
303415
7683179
4352651
656070
228701
170397
3798564
4461382
5954135
1479097
4308146
7746623
1879255
389041
389378
5948251
1903199
1961422
3459826
4267907
542906
5196712
7536230
5338832
5390857
604139
6526411
3960074
7643385
4573687
6158081
3303030
3363628
3408102
5839170
743203
6017130
2833551
482865
8128882
5555573
169393
7504186
1222059
4149665
4307102
2400716
3146258
5325794
7704643
508393
461686
2401406
2287612
357308
4557290
63206
296579
2217727
5814257
338672
2737100
481207
525816
649366
931702
6504147
57284
2005850
927798
2242648
214454
1196157
5019637
929497
4099864
2404921
616330
2002847
5650177
1647241
6474689
1963874
68540
1395669
1981038
227991
3678146
2255248
2035358
5324156
6657192
4552068
4030193
2698181
7215092
7238218
197806
2336418
4551489
1695890
2557450
5978607
1672686
2051059
3479104
2242993
950086
6312475
7763271
5083214
5439258
1478671
6821678
2082278
2252545
86839
7006819
3323057
5343635
393122
3191233
1678475
3817462
584447
518103
5236932
5394646
588281
601144
5915729
1178911
1400958
5394907
1061373
7705367
601991
2624229
1539643
952965
4473899
1102024
1934292
6214706
3367592
1995937
487298
5361076
63200
2014542
451913
2713826
2334786
1926132
1478875
1925270
8070868
2713727
327789
931711
1858747
4840736
2465379
2784311
547425
5964530
423402
3836955
1120773
4164493
480193
1906186
105879
3837579
1238000
402725
5633569
5360847
2013528
6246318
8173802
2123563
575493
2577205
315196
120840
839
1996218
6162797
828835
4021404
1998054
4573381
2572780
5729445
5553470
2281777
930313
1805269
4045804
54503
41959
1996090
5653566
407334
4657253
5893291
1870150
2330409
192511
3482742
328910
82366
4073598
789808
8100108
5386046
2755199
530219
4251695
5183675
618043
5527693
3126622
8286036
2606553
3448114
851309
232720
8055177
1239403
3236523
543036
2273989
7051069
8056075
424367
1349548
2960773
5467454
241428
4877101
105888
7970593
5317882
106508
3753573
667247
7795980
8110424
4396529
4544265
7922055
2278800
1749500
7874113
5930206
5354340
99775
31969
4437609
1035903
7297054
4983670
4379303
96573
3162967
7752711
3323599
7877151
2188134
5426911
4142471
1232221
18878
5430216
6120335
4188631
5457976
5915589
5953820
550568
1170531
922673
6109119
2020092
1362211
6459
148742
5071393
1782272
345656
1829295
2670362
5853826
5426518
1030310
6861183
2844722
21945
793052
1999185
6122393
1232
5393606
3761201
2859105
4573651
1115716
7677607
5994478
4337003
7019940
3216326
3096439
8253010
1675485
3007485
133760
229530
5507864
6290824
2003535
5348153
8108234
1497402
6660067
622567
2007140
5074927
2084543
1763857
5764954
8126605
2603112
3380487
2004242
121637
1998171
2453007
968279
3909575
972667
38632
6050944
2551647
2507737
3573051
3385924
5136159
2754919
5444443
2013423
2620579
2745090
1120441
7622527
7082941
936546
8034713
1399094
3387779
7620616
4257922
1927234
168680
5425340
980904
521462
3959081
4521545
5477662
3364290
2093841
369893
5684686
553971
423390
5527065
12744
5310568
2449822
7745034
986142
7186173
7447229
7528465
3609801
3637911
94644
2379860
7613700
5655904
431609
3285274
3969737
6660981
931720
5355148
3957911
1918222
1277321
5407998
3699542
554900
3593088
2080595
6429207
3259299
365704
7642329
4017812
63323
8149081
6858552
2197637
2677532
2004338
3818291
325725
557780
6550018
2152287
604517
3422199
1771891
6685028
5680172
1707449
100234
4526945
5478133
297785
3935961
577553
7670472
2099119
2674885
6883808
7300919
4196800
1965105
5393295
5931809
7753173
4276891
7253690
8244886
5955451
105703
6564384
7261156
189714
7564870
5433272
4028314
30034
1030307
4021410
2663520
5336783
1902815
6924356
2873110
3217768
887932
1548975
3839166
3990491
2854847
1851513
4632016
3767483
3766129
4122466
6676752
3956239
229004
3251137
6542899
5163734
4928609
2988810
5741142
4117330
2703684
426211
1533955
601189
3574323
8201832
2089140
7457660
2307578
105169
2213876
100499
414516
3408662
6014359
7781685
3667279
5379779
2019070
1891955
392238
8162643
2617203
2510496
5457670
4573366
2886805
2234360
5998755
6822144
3452056
2844716
2933120
1905371
5996115
1903907
2585666
2130487
2201261
556598
3270514
768220
2548263
2099336
114868
530689
929758
145189
1996257
887890
2572789
7829019
1954991
3322986
5335451
2069938
4504885
1968044
5341711
8041663
3248570
929539
2089838
2671418
605124
2089429
4573387
4266625
1006036
1905287
2205893
2319845
2043218
677983
8181831
5458036
2571867
1901170
2902633
991548
6565971
466384
4846779
7763844
3070542
3822100
2484969
8029981
2578696
4111316
105475
1922741
5692334
6499528
6610152
5339519
1479085
766635
4464294
4011994
7933278
3028175
1966447
8173685
6536925
2239180
1036338
87229
1492359
4536704
2000413
2113278
1610222
49252
6763622
1996764
504010
4555160
1994234
5470242
1926818
1887109
1433073
5663156
7955417
6103236
5431072
6014356
33203
326561
6997784
799579
2747319
445629
5534502
2463099
2955745
4540417
254599
79426
5425022
143321
79613
527390
2547600
5561329
667971
2543106
41159
826972
2869612
4548389
2253172
4067764
3851712
2493666
1479088
7853474
2189289
2665160
6680970
989600
3954955
4666230
7551160
2224878
1957868
4052497
1777160
2716341
7555036
2347810
5331179
6286336
1294600
5430336
2079545
832181
7052779
37597
1229686
1479070
3575481
4259689
6027450
5156441
964586
1957874
7052794
7513191
2003538
5949424
3290786
6518819
3722697
6902317
2780284
525906
1557972
6009420
105193
3586462
2024766
5393518
5937586
174750
934618
250231
74481
2749037
935515
6287434
1998410
5703210
4400060
5400555
2877468
5429564
2171721
2151771
2176698
1752416
1954816
6528726
3323736
2249132
173824
5011190
8334089
6224736
3324169
5409791
1954982
281690
5426281
277935
6509162
1909587
3530484
58452
1700956
2999955
5759617
502085
7905331
355308
1921442
5345081
4732283
5395223
4706818
5539287
2547151
5418337
3221467
4221051
2814386
3983768
7702564
2087630
2035139
3380478
6033829
6551277
5505209
5576616
1030159
1987062
5914706
2376223
1068448
1027637
2069148
5903772
2020835
6150762
5305323
929731
3571944
3772437
2808924
6286882
1900654
6553948
3227171
105777
38587
701228
1963733
5599436
5192800
367066
2082805
5906707
285584
44145
1434496
3848669
2005401
1886131
7515766
5915723
321581
6889778
7568160
1997859
5425398
6463290
2700089
7069899
1233585
1607573
2739890
1971140
5940005
5996754
111688
105700
7012152
2071066
1519002
7340941
6400302
5078580
5410923
33170
2089925
3325224
5792202
1886314
7398890
394812
2871635
105606
1941998
1894525
6444610
45396
5814801
7023949
1453728
3020682
532706
6816805
2401475
4573645
6523134
5395030
2768473
190432
2726435
7015141
7267524
808099
5790749
278174
3189694
105003
2812279
2774179
1060084
144282
2650052
3685293
4360563
1132574
4242541
6997787
3788623
929845
4048174
929554
7807997
5537888
3577606
2977865
5425310
6707409
1902167
7600902
7950414
2013414
6678649
536042
423393
7175781
1378465
908064
163875
5533751
1967162
3283394
1949483
1108990
496993
6782450
134838
7521361
4533631
7498506
6546426
6314464
5512937
4082039
5394717
4284928
319987
5426123
2104306
2948364
1883450
4007147
3344722
1886804
824323
1020984
5545199
166315
1632619
159730
8265393
1903394
1120770
4540411
2244237
3465840
1392913
916888
2623706
3145710
863354
1394036
3613091
3664847
2449939
559144
6542213
5567567
328251
824809
7519439
3594459
3126127
2078302
667947
2567400
830634
3441713
4356182
2994389
5829220
3344644
6931452
8028906
4209272
6836681
2773205
321984
1884610
2393469
5591895
5425070
106179
7869484
5830585
1078795
7226557
228956
5129394
6894464
2933948
2190829
4573456
3941788
4846797
5394348
7357212
2061358
1426730
5365469
768302
2775536
3083498
2395535
3971468
289548
2803799
3736306
328128
113289
3348950
1338527
423408
3541886
5252329
235016
4349921
114266
3277589
1508484
8164977
5425859
2899871
7579831
2005610
351775
2459887
5222645
3770409
5380619
2311701
5630384
679134
5060712
4021392
2715035
7134726
5326247
1422761
2287394
4556626
7523453
1644042
452180
4134501
498923
5962382
99402
2824030
3293002
5994601
1055150
622393
2808930
1510288
2379722
4545887
3499249
7518251
2003270
5741619
7987537
1524641
6051260
2363766
2155132
3032005
7682726
3260357
7134785
2057181
7341372
3323826
7667459
5346581
3747397
2726083
7284377
4027753
1627363
5490012
3351364
2175410
220116
1250274
6432559
5362384
3720775
6982846
5950566
4455766
198767
2839786
168580
6293070
704348
1606613
619181
1934053
817294
2824027
4534924
330068
7807931
4461186
428169
4552760
6323759
7746908
7691493
247619
5774034
5599505
5400540
605016
473910
6603406
79483
3243208
3324178
2605781
2379866
7535918
4880453
6813474
6380179
1694464
813105
3524391
215777
4573468
4550509
5402914
452435
1962431
2761116
6793268
830336
584759
2649481
5834642
4840959
2232598
5389633
6392375
5394324
3003885
174720
2326940
7020624
1895838
190162
2803388
5574732
3380457
379446
5349449
1169322
2449789
6489
3172656
1642816
2910552
8164476
6287437
4903186
2709125
1915096
211237
1883606
2002946
5238079
3829143
3671189
8265384
3108435
599638
2180248
24458
798766
7267527
309330
7746911
229061
5526011
73945
3849207
7830544
664992
2496084
8306422
682513
2431020
2099719
927114
192628
3323832
6049593
6329037
414676
3270027
7757591
571746
6678721
33206
3742055
2377835
204141
3939214
1655981
651430
3954859
5931721
560273
8261042
2713474
8041762
6293277
7843955
917431
7660280
1364437
5315326
8128954
967594
8011921
9146
5359467
564325
4620159
3460267
2869543
4573678
5705512
6903971
3047989
2097699
2769262
2479379
3382108
44571
5073471
5428021
1211776
1560577
6184534
6290647
5320569
1657839
3389417
5841078
824320
2145587
1633310
3377237
1998431
5369279
7976922
3322795
5917472
4540770
1998039
6923804
4399806
8125693
238311
50343
3767956
5352945
1867709
6293280
8294704
2243778
1950138
3112802
155952
1896125
1719098
2929331
3432061
1211
1963880
1082522
2805915
271004
1857945
2402640
3836925
5531599
808909
3556924
229070
4241428
1933933
28308
2967514
2190898
5641211
361626
5837543
5436094
3505529
30418
4044627
6798110
1719050
2763951
1675446
7535666
7655316
3989105
457033
6293349
5373465
2080568
308479
8162766
3156080
4522119
1524848
3962354
4236048
954202
6110930
1902548
7635267
4573390
3617296
8062659
4554632
3952192
1969253
273084
6388444
7817750
4558634
5662517
6301779
317263
944829
7214849
2617377
5340117
973193
2125960
3614502
1996695
1366390
1606553
8130524
8172504
4336465
7507420
6678640
2632283
3260839
1478923
2702401
2572786
3367325
3650594
1705697
7697480
662345
6030447
3485009
1621650
1757497
5426449
7394875
204953
2777896
463587
1279101
7473830
30709
5822955
466039
5833053
161430
637736
4836877
2629121
7142583
1425768
2760264
2704890
398523
4400618
2326113
5981828
3322557
6637159
29938
3311281
2164827
4156957
5798391
5865928
105924
7664985
1294673
2634403
1994566
7652628
8056027
2503049
1171692
4944634
2001943
7693432
156764
105616
6563632
5320734
6672325
699699
475344
99769
622561
934813
4632609
5918733
3719434
6713832
605665
1962422
5537831
9326
6430513
1307962
4840411
7621648
2566638
3969734
627983
3283516
5099134
1464600
1948799
3358867
561874
5335115
370244
2477027
1258865
8125879
1077586
2564742
2811023
1997219
40040
2000809
2227400
228989
2303859
7901423
2886199
256241
4970108
4152128
3408357
1364996
931714
1916248
6110813
3167230
2713408
22968
1871618
588296
2727525
1997853
2480662
715199
144895
2910567
6536934
5392028
3810908
5929025
853891
7134108
7737998
2297461
2248649
365968
1636405
5905745
2938065
3377731
3948870
5686375
7778649
143297
3302628
4573555
7560023
7621978
7896222
461650
