2229958
3996787
2696163
3909512
127561
2231232
3532440
5806341
4391162
6326747
7503986
2256123
469123
6239009
4160545
4142486
775898
3428572
8026585
6044158
250585
7100106
48602
7681695
1961561
2236041
2118958
8134405
2198900
1593579
5414708
4326998
2623487
8055225
2606186
1308064
35982
8024775
5356130
7583272
2251697
7116139
5814546
245265
4496657
7254092
77575
5778137
6260761
18461
3349527
5612021
2269100
5820363
6542679
7583377
7557004
5311719
5825097
5081139
2345304
923929
76893
1613272
2270108
1896116
8055321
6331347
3669386
1912416
5087360
7284278
5432692
2473085
2621911
2236074
2231236
2452256
6961860
134009
6607620
294883
2665648
5339297
2229668
2464384
7939601
7873985
7540725
238939
4997672
6774669
5409482
6690333
3673644
7109499
880563
196947
5569300
6780972
775805
7945473
5331113
2651290
6331255
8201327
8042478
250414
4716679
6102435
5336787
3499028
6661979
979829
5656608
1204051
1890990
2435785
8254096
7203231
6441914
5341469
775823
4374180
7395009
2274684
7503708
3659652
2813370
4154695
2251952
532604
5564984
6326732
2676738
5563303
3659388
2582305
6826635
1671205
18221
8055453
1885109
1907668
1449088
2614614
7850052
1043736
4383584
3657137
2694960
5358769
7905214
775862
133790
1086464
5072009
147689
1896134
6795286
2102197
524489
5481057
7001298
4003648
2101846
7612056
1921373
2852913
5428752
3452766
75907
8256338
5451217
4159575
6688673
7284417
7090106
2976071
7591628
5358808
2253270
3238586
5331209
6758461
6502871
8332579
4713608
5391608
4054092
4122249
5453440
6254420
7675742
378864
7863789
8283891
5162145
4645575
2220251
7341788
5083525
3595618
5038006
5679951
126275
6402005
799540
5792754
5072342
2224900
775850
7585404
4934760
1183827
860013
1998776
6347480
1268218
4645363
7437213
1915015
775652
1914376
3675264
8119662
5336669
6763520
2318313
2457840
5414005
4054212
820716
1896128
4711853
5810059
1615909
3571075
1103058
5797217
962819
8056886
2225981
1123708
7501849
3662604
1229440
696574
7686438
2247268
3134274
8047058
1309108
7264835
7756221
6413053
6660903
6540877
2229764
2853581
5969088
1334652
7900028
6404462
77427
1920749
4212636
6206633
2330271
680483
1980827
7853504
5480216
75973
7504907
2107814
775856
7531497
1408172
69022
2024313
7759814
1890984
5419632
7918933
7821930
5810068
5566719
1918721
6500546
7584761
7853501
5880668
2251679
7914529
5656628
7843892
7677752
6496453
5409068
1270079
4875796
5453434
1643352
3413622
3999894
2274681
3945590
7853495
3671463
8024255
3657831
5440217
7082977
2244021
1972585
4147307
3534605
6350279
2259621
1753651
4879931
8253826
925745
2680769
2230018
3554565
2130859
1994069
37405
5484005
805774
5407943
112573
6344128
1890987
4144691
1043925
6686425
2622622
5109706
6662475
5323116
3945342
1736772
2853725
4050459
5681384
2866422
5067840
7939605
2258304
2986524
1686258
301947
775868
7853492
3997804
6102464
6926302
1643731
8047349
6782095
3625382
5415064
3660686
6660167
2665974
4054209
8043430
7505018
1998779
2099647
7415141
4190090
6851362
5356068
5453042
6260484
3081245
8047478
3454095
775874
5655450
5332829
3674691
3554639
5877393
3945440
5331822
4879668
2652936
1268044
5408028
5483441
7863762
1030977
4117127
5567953
1299208
4653580
6588289
5404897
9522
7863720
3601286
3906553
5403373
2686967
3443976
7517491
7618348
5311248
2103297
4117996
8043549
655574
7371964
1915012
3452459
5771401
7268810
4400489
6787148
1917514
5671092
2241584
520306
2660745
8010309
6326487
6352660
5448098
471496
1687735
1444563
5683050
5060712
7900911
5337224
5548287
7478456
6951602
2854577
2098242
7973482
5797496
2220015
6312743
5870774
6501872
1913489
7393423
6436943
7045033
3657131
487523
2237049
3673477
8255437
7394405
76788
8285887
7585044
6686613
4727950
3338071
7542261
5340617
7108044
7289786
2239057
5765658
3029425
775865
7357965
2231238
3969993
1971410
1642534
4158133
123655
1867901
6767436
4474467
1438210
6477376
7822170
22664
2855032
775808
4159294
5486391
3625694
7059232
4864923
2231361
5483375
4644934
7905636
4174513
7914520
133976
1817983
2034487
2237187
862156
524453
5415088
1912694
6064584
2870722
6326666
7382425
2098772
1922552
775877
8131891
5421666
5376830
8230687
128015
6871333
5453770
3865408
5508966
3430207
3599957
25950
7505224
2473081
7001492
1687180
6466542
4653511
5363070
2433465
2783362
1972549
2099276
7993354
487517
1269980
3527543
134600
5631909
8059882
5738511
7922055
6396547
8012303
6326738
5487601
6500177
2229809
5484008
8232982
975283
1215482
5407751
5453102
248612
6426614
3448207
4143851
6060666
2033508
1085653
4363855
3081658
2651949
2667179
5404987
1893478
7292142
5453422
3956973
850589
2258361
3431236
133322
5078005
3412192
