6011591
7827775
5514773
2549281
3168376
502085
2905847
73741
222091
7519766
476112
5329730
910874
665624
4624487
4828460
8197565
7336042
3415919
8272746
5899345
5847660
1239688
4951635
3830994
3387053
6508818
6908332
3005884
2637623
2424558
4691228
7671085
2184750
5369422
2195851
830080
4489667
2018529
5653046
124388
6211541
7654271
5199888
4626194
2161198
8329874
1834225
228584
4675072
3334745
262524
2806191
2960447
3389522
176512
80920
4457563
6295562
5847601
5265468
7519952
2401472
3813909
2406034
8002081
2070298
4049549
1065056
221815
5162446
7684951
4033655
4124149
1466632
3216909
995181
5688470
8020693
1483834
1894097
662693
5766371
3003580
3165012
7501324
1815743
3510499
2187410
2627734
217842
5422027
3697544
964289
3170444
1927936
8024276
3649904
5804053
5535689
5583600
5908164
3189880
3446997
2668075
519080
1966659
5444248
6550459
3705750
4075610
596568
3805844
3050171
2255435
3915000
8129980
560378
2307784
2736437
7135756
931024
2425391
3662413
6989005
7783459
3939667
2184071
996641
5368320
5812053
6800007
1993314
6600985
1539349
5802217
7929502
6800903
2628032
1922326
7322820
4192158
6693739
221692
6474601
2383517
2525093
2350833
63629
1616760
489809
6988327
5545631
1925383
6177106
5560924
782775
195512
3048932
5359853
1155556
3981456
67839
7762361
2433230
2240952
2101074
6522261
2069208
7994429
2865170
7620544
2169447
6557021
3770603
5544915
3414238
6701308
2359184
6576099
2008699
6500891
2280096
2760126
8050463
3845845
7626620
6054986
1198992
2382114
162703
6297999
6532250
1966567
3161533
1118871
6167119
906594
7626095
5552265
570671
6439191
2424150
5232827
2773319
831358
3813574
553749
5506665
4492443
7929499
6414358
665078
19138
3817498
5702690
7646908
6323109
1527038
5408666
4869048
7899818
7606619
6817133
793295
3455421
7587351
4285174
1818748
39110
7893991
7234033
2429728
100159
6816245
3283856
6673981
2426048
631073
3205890
7233386
6943166
1867640
5651975
6532757
50811
4828655
1563314
3361351
4564753
1511200
1351908
4502888
5915592
6002086
2329450
4684641
5000832
3988645
2464266
1225030
70573
3940803
97782
2904621
4672750
5506668
4568220
475896
5104936
2181194
6578535
2100360
1057441
6754619
2068464
4680038
3565659
2287119
73427
1213429
2985367
6365839
4683696
6578508
5805525
7542881
4572678
5432533
576919
8002003
246467
3543738
8083855
1147085
4679108
4319152
7874718
2314843
4867381
2136169
2230264
1307968
1925195
1793370
7587348
556324
5560900
3334270
7684645
5232830
6792796
4566066
219511
2457989
2817943
8974
1883978
4829898
7154959
4810126
4689893
8270871
1994758
6259581
7829180
6877514
7285287
2711923
306
4764053
7364794
1915573
257215
2077344
4683660
8056063
1142162
932906
1917895
1627624
146456
1071785
4473857
750370
532055
1920095
2696536
2435533
124232
3654032
1356176
2817818
7955001
4501544
7458592
7079184
6670374
2170230
7141031
3712996
22271
70231
3826914
890413
1215887
8101939
2748694
7722759
6794657
8322477
6842900
2132635
2225237
6689043
4399332
6702197
2267100
7367267
5617287
5178772
2512919
5978657
4395138
3814403
73460
3408590
3181767
6988641
1987474
5804624
6996316
134027
719689
7755597
163005
1311206
5531982
5802541
3389762
1877359
5015043
5495607
372225
2084830
2036953
6541987
2716179
412328
6515616
677983
2498010
2183665
2221969
3816359
5532841
351156
8011396
6870340
2585371
5368553
3375601
1465992
6824126
2862659
3809509
1726787
7909558
116011
6784309
1647990
4914789
1988484
2128327
4475988
5714062
1705125
904640
2653531
3939193
6591109
5366803
8656
6520047
7620580
7519523
5134943
5785373
5845554
2458667
1885295
94204
1205674
6548811
1875093
6980508
6386773
2483876
3826806
7456225
8313340
1850818
5801741
1951183
16387
219707
4059525
4318490
3705056
1743214
615045
3829954
7638699
6998324
52342
74331
3874959
5969312
6531972
2261462
850250
2176967
6474769
1889355
860620
5525856
967312
3379692
2261795
1272293
7952772
3048079
5934983
6994567
1889784
1929027
3053645
6405023
3289530
2121952
229226
2627436
2068059
2809683
5337541
3240931
2720568
3264785
5382103
3183490
4429238
5529725
102882
137177
465451
7484947
225553
7186962
95048
2019474
4559920
6404577
7121224
6779025
5012273
143336
5800212
16615
3159626
2061224
6000678
6318150
8089583
5529978
2231277
5259274
100710
4213858
504611
1926003
7552144
5521345
7160854
5359278
105682
2337077
7103175
200514
344916
2354587
190633
5789073
4870342
2161300
6637938
2881938
346416
1331354
150467
1970086
3697022
4667471
2132076
555969
2860539
690023
767285
831278
3191182
4691222
1967729
4495220
3971744
7822577
6702218
3225180
6359168
4134275
120266
2056103
2059562
245981
3416825
780135
4036241
2425080
39635
3818247
1907653
7120333
2018388
5847457
1917738
2818003
2080179
7531389
3003205
3174927
2554031
2731832
2397303
2971871
2068500
3998571
546028
4568108
7684642
800311
986052
6888019
1817597
1978424
3486989
178986
1181683
634735
5333526
3983883
3666640
6264767
5847568
2010744
3937158
2425882
794634
3656037
5460802
5968320
3146456
496033
3829963
612643
332217
4106513
2393920
5249637
2907317
7033291
2307778
3658481
2018445
5534592
5691271
7500656
1978481
1155379
894714
3936030
6171839
3387651
6167146
8214889
1265027
3263650
337519
2061727
4565415
2158002
1745400
2011130
3160828
5014400
2221183
3948374
1049674
1370643
5446479
280051
1205695
3004429
8213292
2190799
7880247
1442946
2307787
2106192
6791758
1264202
2024969
7682264
771966
8145943
1999299
2491546
7765123
5320812
2231358
548646
2199463
3936734
8147761
2109513
1824752
3270834
2174001
1668680
4719914
1288936
340944
2625017
7637812
3197724
5484618
5455948
2806546
3478586
761009
4029285
5368823
6142797
7064154
2170480
1173387
2606311
612325
7088538
3153120
4518034
1086776
1153510
3046733
6093757
6670550
7899692
633470
422166
1877155
3312521
5711477
4679702
5508002
2548463
4458163
7403302
2482663
1916537
3046629
2756027
2410046
5686369
505161
8262522
4054131
2268858
6990169
5847595
4011261
2210976
5388898
2701195
1978399
2429027
2034762
1627222
5110414
3146660
3437853
3847627
2018472
6001145
852056
2626640
6687582
7214109
5713881
2395819
3940111
6191002
275850
1928346
3937186
6368483
6368231
156809
6996435
6961066
3816362
7656646
1889778
2976703
3829647
1967825
1077477
638810
5456765
3433277
6974761
2185561
7045421
6229275
3984000
6890990
5188507
1062088
1056385
1386087
7412345
6578153
8130347
1345490
1152123
2112832
4492428
2020913
2172135
4687431
1133945
6740118
7854912
157010
1828168
3166649
7684693
463283
95267
3049317
1828792
5575703
6694223
3213740
3161778
2157858
2039133
8065994
2733259
2173170
3049547
6242267
4500332
904637
1232456
3865357
6303462
7769573
5847637
5406061
752806
7695427
7472815
6238990
5527173
2332516
7668547
2430355
2330864
176488
3262020
2861034
8133085
5964121
4668348
3161575
3826500
5213534
271712
2486749
5036147
7216772
1158581
3695846
5552658
3938582
7437598
8045921
2179549
2579946
828695
7700479
2860818
5692963
4502670
273585
3699008
662345
4015689
24446
2070418
7620577
2602044
1379570
5634340
4587322
4683872
2201943
3267271
863060
613171
4568153
337165
5978272
2804256
2860800
3824224
621351
7802072
1194280
5221076
6180350
6640690
7549609
1724964
5995278
805924
5998898
1967906
5683454
7684408
3162124
2623929
6701987
25710
1308817
2036836
3814400
3964653
96812
7602797
3826791
4501535
6701686
146531
3501454
7967871
3764503
2619305
929485
760249
3237277
7643349
3730500
3090092
5392117
7146782
2069609
8246973
4703226
7108587
4421589
3979828
3817262
2738017
6673732
826120
762825
2173634
852981
6963428
76812
1214276
1331277
5579837
5357095
3349647
3656460
3327026
1211334
3047184
7456548
2905041
221203
2160384
22029
5372257
2182945
8336687
163098
2156483
4570860
2443187
4831306
6389678
1990001
8215323
335895
1079624
4119925
218776
1762606
2783256
3699733
3451765
558569
3194261
5545334
1968691
7448971
2324801
5999480
2989265
3728812
5802883
5689127
3178920
1308778
2069076
99086
4046697
1315488
6229604
6814558
8064919
2905257
5800554
4691964
6329171
10143
536042
4808685
6416394
2070571
1892570
2989268
6500735
3047502
5639780
1928544
6953129
452576
4618571
5917337
515867
2309023
2259752
1379609
6160256
7225383
2619804
4128928
1365180
6228945
7013937
8205629
102792
2052259
259879
7826959
2018601
5249508
6966110
3167570
5441288
1866782
6102059
2622238
7654589
1155403
3035229
7526944
7854556
179373
7494816
3156454
852834
6345437
1986858
2069618
6435374
3461776
4197520
2201931
4161960
4108525
182329
4336507
7159331
3991904
2236788
4829408
3047745
7561749
2619798
909493
2728726
8015300
3729106
216978
5546391
2924901
3670541
1990844
5432539
6207100
1058339
1999269
6531830
5853705
3624701
6793112
1886747
2621745
4324530
5921728
8156228
2426131
5806107
8096672
616615
6643023
3007275
3194312
7536170
6170246
7063665
1735076
2610980
8069279
2143659
2227023
866119
5564218
6695984
1723139
2187614
2826996
2158806
2261087
3936978
166576
188204
1921883
2230
5542828
2326164
3615253
3937692
6799735
3695479
2808361
4631504
1957445
27427
3313246
6798026
633623
3478519
8148725
2173093
1277203
6167911
1370742
2221177
1219788
340136
6173326
222100
1685228
3824093
2853998
6356423
1081310
2307796
2181373
7949353
3938964
5682401
6218715
6714918
8304284
3900189
5456511
4734370
38662
6347967
5686330
7797393
13426
7644243
346818
2217157
1137807
2189544
4489530
3830991
2215720
5493634
1986861
7517792
2067480
2788544
6890874
1379461
52659
4400597
4737931
6988569
1984545
7554934
7899254
531475
2625383
2227811
4828553
2000503
2737726
270210
3999302
2081681
6955337
4560006
3943722
1688953
5460646
4831090
4184360
7894257
7878672
563868
1432974
519794
8128509
2265493
3390905
7617921
7966013
6166238
4475415
4498941
5528299
6226680
3153728
6794905
120430
7881715
5369102
6725521
6001848
2444229
6550923
1930614
6538083
3167681
150750
5474378
5616581
762370
2260215
7326321
490503
2163818
1916690
179481
221527
5686534
3914333
6582722
8148134
2061766
6706754
979616
2744784
2904525
3262261
5575054
544902
2855758
3214189
1507912
6943579
859971
6682922
2753264
8005396
5812056
471427
2389138
4208344
4190805
6823102
2324338
5046870
5090243
502734
3823075
2152768
6043470
1982283
7216557
8197006
3831674
26552
8004202
2066605
6666533
6358333
5690339
3513839
4560360
7758307
6161206
5904249
5811873
5560786
3035457
7417526
1884622
3626556
1211397
2970657
4073664
1211044
6387646
387036
4194377
4895182
2696447
3490196
7500503
1277155
6942822
4157553
712524
1967122
2012901
6531981
2697380
2785877
6674277
7088748
1065980
6040641
2187092
1278332
1072662
6582097
3696851
3261334
2342971
1032607
3471210
3134439
5460124
2627337
4865332
1918730
5922514
324529
3261122
5682457
7644291
763375
7684462
5133474
8134034
3565829
2885135
99341
7041138
5906248
3203659
2803457
805765
2170874
2549791
863174
6572060
8055606
96728
6714472
276627
312630
4239231
7524405
1892813
581437
1018330
5444257
1544267
2255170
3847573
6942867
2470736
2070826
7661114
7554070
3107130
3847175
7552717
3968667
2394103
3817322
2424316
5851489
6102612
5088161
4209930
2068938
7620565
5560538
3699213
8358
6532691
150550
6072115
4368389
5977209
2554478
16868
7587369
3701574
6989772
5406064
5338359
3256240
2268849
7509864
4828333
1949799
441615
2416671
4565137
4004679
3622379
2170889
3419847
1909979
6582989
2140878
3260954
1563764
212178
2070724
1356197
7233658
6769493
4190793
820922
5443991
2620448
7949149
491584
6583351
2584444
5484456
1225696
621345
6542652
4492120
689633
736047
3489978
2486896
3822638
146534
3947886
7513014
1944801
142356
7620745
5510660
3206381
689999
2182267
4015790
6447625
1482192
2539339
5443892
662723
7040894
4431885
5527966
2817851
4829441
844611
7949401
6967070
25602
3623944
8127316
6258771
2744049
5410797
168016
5018489
3702339
5863122
5492178
6198463
6191859
2489491
5535113
6767317
3983415
5691822
7670113
8149700
4942138
200369
1494028
8223157
2787734
6322229
4023872
2634106
5616926
5531445
7694380
6317732
8156219
3675084
76479
3749775
1602981
2390792
3287995
5444278
1578076
7648290
2625667
6385307
2634160
6357982
8145721
4958980
2904606
3820654
5498341
2203852
2266663
2170802
7371679
5369202
2259089
960174
3496939
852110
4867629
2172662
1430725
4145551
6569484
5357575
166723
8009298
6532463
1404244
7522122
1988466
190115
894342
3509834
2794577
5368855
4566643
5377682
3928271
852957
672802
5504204
2482516
7962959
179508
5544058
3864543
1427993
819753
2312290
1738889
3815782
1963901
150389
6942831
595883
4968595
3938820
179499
6672406
400631
1248606
5566418
6680994
4113723
2221186
6255575
5847445
711571
2027492
7920962
6531966
6183796
5534746
5802532
1908464
6415266
8166445
2100037
2750560
633599
600803
6702314
4046694
6359141
4200410
6875906
2195010
2553487
383389
6004913
6668155
904643
1113049
6995017
1707473
5799661
3198033
6551550
5918358
3403
6689695
6751565
6531716
3649901
904646
3834588
3337785
1133516
5804744
831852
3194102
3049151
3622052
5232352
4497552
1318870
1895901
387823
2863160
6185882
199915
5370357
2989277
4567550
5650156
6297087
815735
761745
3939901
316637
4560729
4487667
7524519
7968341
7300490
5641103
2475718
2949919
5714983
1938455
4830069
2308780
3968998
5864488
1227920
2415320
5494058
5957989
2281272
1536301
6795981
662534
98734
2429734
491391
4218653
7189172
4029581
2163159
762230
2734138
4908956
218773
2892146
6071894
5692714
5456343
3454017
4280634
5189341
5641235
3741046
5902543
3809211
391509
6814414
351066
4893942
3736492
5999229
7831493
6093751
1917675
6208843
2905752
5576340
6173387
70561
7552380
612382
6774838
5080074
124307
3823722
8058805
7971018
1970125
2018604
3260776
2181560
6506521
2891840
7164036
4458048
124229
2330840
6227106
1308151
5371730
7500599
2731268
6584352
2049857
1227797
5625763
765652
6667249
2457391
7130259
3247190
1368039
839923
6916707
7882233
91243
4690274
7717048
7130147
3159533
824127
5771777
2184585
1417101
6040220
681576
6228527
7500569
6695693
2350941
2396579
2844164
4147660
4808953
5763036
4263836
819747
2114646
4589848
844614
1431691
5392383
7750664
1061607
844390
2744406
4936751
6325660
4829673
5575405
3872748
1912229
3829873
5878413
5346980
3703112
1399974
5162580
679452
7690264
1078501
3215483
5184742
6706826
3335006
7828567
2457825
7561949
3708143
6677085
5069781
3360031
8215227
1221079
3606980
6423154
5370063
5524990
3160684
6025084
2386676
6325753
7724956
1886497
2705626
7896425
2069154
3967506
5376788
7806477
7685014
7971240
7524670
2107874
2751210
6790572
4685753
6457558
2471122
5669840
6386372
3503624
4815332
3150826
3161728
2161000
6944344
3775515
5221067
3021341
2619410
1280923
1417113
7028938
1635838
2116105
6682356
1912829
1934712
5761925
3464857
143144
6156739
2804429
3705669
8007177
2011124
8130440
3234429
5931421
8150270
7524652
1098093
4293234
2914956
1891017
8095402
3821269
3826785
2634346
2309017
7684573
2040516
6321694
766163
3936791
3161962
8254508
1460389
1892030
105382
5529681
1464943
6402893
5800000
6792461
8084356
3391755
5712880
2689762
5190813
3825737
156791
4562919
665273
2904588
7125250
2172509
4047100
6009811
955255
1928153
5847654
7559620
5906332
5225104
2659206
2714972
769145
5396801
2172084
6333313
8263668
5412724
1818742
142338
3958694
753195
236671
795895
160605
3052255
1431856
7802984
7149275
1818709
39527
6691480
1893445
5934980
2640213
158591
8130419
2961413
3729315
1816109
570887
2280057
7620571
5530194
5689115
6975579
2264418
1928521
2971638
6754577
6701641
3170818
8218356
3938498
7500533
3599990
7236361
342571
67845
1938439
4027792
1961858
7329617
3983976
5422030
2783493
1867901
7512597
2392605
4828273
2476721
8006691
7713074
945435
3657143
5693714
490641
4006202
4693039
555429
1884679
16735
5804032
3327955
6303678
3650386
210280
6391830
556128
143411
666146
3165529
6578460
5135082
2769999
1268308
662927
2160031
7220901
3624275
788581
6876605
6994981
5691891
6964244
864921
8213927
3391671
5692975
7708223
4211418
8115170
864332
8166016
2181337
3312691
2328996
1465653
4709755
1128835
3256034
6318239
6415353
4696696
5361397
51986
3248558
1329630
6184900
912140
5712339
5686405
5038021
4167161
3546599
471559
1143070
2469121
4573597
4487344
3361184
2810735
6924684
2520075
3090199
8213840
2182636
4475720
195006
1133819
654528
659161
5096040
3938668
6093897
5590921
6604659
330525
8165628
6125001
5025539
6820002
3696272
2268546
2866140
852984
4011755
350974
5974362
48674
8018492
6426067
4997507
2425502
3819010
1516261
6532877
4738159
3940214
7627837
6173462
7594092
3163506
1109890
2069199
7765555
2178256
2033273
7820054
511805
2494358
343831
3500743
159061
5700717
6209566
455873
16699
1245983
6961512
4360181
1262366
15737
7654998
7949503
3818758
8213311
5443889
5931706
5527297
4702575
491627
421959
7760597
28410
4111932
3007961
2206402
6360975
3659188
3444428
8335687
2393466
5329508
2621109
5370266
5357032
2738011
3005707
962274
3704727
613534
558521
3464818
6582094
7093595
3990865
4474455
8296467
3251010
1358580
2189872
5095627
1061601
7010980
7167117
2005270
633626
4245515
3658960
7530922
3165427
1101808
8023809
5395862
490722
52404
5934834
6608093
1211512
2172398
2166120
2374007
2448390
2738369
7910303
442647
6988626
7042327
4688852
2144823
3530033
7501234
3264542
1583423
553689
6779775
6532407
3019975
6514403
6171578
848280
3023126
5918304
6330916
7827052
3823910
2877273
6878224
4049674
3814675
1247181
670191
17748
7592045
3050764
3675165
7382062
4210456
7160029
1851513
3045983
162611
3830790
1936111
2744667
6702362
91486
4867288
4590782
4808396
6265979
5245767
5567646
2750065
4045882
6576081
5213327
7757043
4689764
7027611
7626437
3695852
2196024
779646
4986873
748726
4133292
7823597
164461
2126212
5101169
4831432
5453530
2189445
179953
3623422
2521053
2619251
5754007
1216361
2838499
3150129
302471
2415736
8213612
7684648
586418
5533179
7620556
3965620
5657448
2696111
7065347
7122704
5469581
5686537
5357071
2068482
6861821
7140719
4015683
329952
7124541
7587468
7546566
2182149
861097
3231074
843676
4297474
5663150
4564587
5145524
2213936
3699542
43009
7454478
2247232
2025297
3793665
1965583
5505461
7634191
7116273
8168351
2622235
3417998
5523522
4147163
7644240
967959
1896987
6173230
2162279
9747
2970747
4189462
2689651
1061739
3807618
1688762
1993611
1928275
2038702
5969605
4737949
1640285
2378037
7854927
2779252
4514403
8296528
6849523
522050
1912912
7587294
852960
2317906
4994364
4197187
838933
904175
2048849
587002
2389878
7599584
3949170
2210979
5563102
5221082
6232118
6390508
3974714
1267971
1889334
989924
6055099
2483263
2481875
5582260
6170222
8238685
4564943
7085709
7803089
6814222
2167521
7797106
2171756
1999266
2173604
7328100
2741862
2221180
4308048
3964928
4997012
4191332
3444245
5423790
2069322
330291
7916451
4085948
2504948
2189517
6995554
2490911
5774250
1986855
5944872
6962301
6943329
2954702
2153481
2776292
1140192
560600
70558
1142688
266784
5904060
980488
7124843
7909363
6872205
7552664
7234782
455845
4672945
1687702
1332234
4727092
5572142
6666161
5772081
225412
7233868
5405651
865217
1982968
3007909
7853984
4950236
3266042
7358779
1515213
3149140
3295546
4567387
3807445
7513011
225493
2188602
2252296
1389212
5999262
5377384
2430716
5493073
1211725
8215135
2152251
7131514
7358471
1655835
2070187
2447293
2487041
612580
8148242
6965460
922870
5388895
2424223
5799862
4687882
1705044
3834424
1896701
2107877
2501803
3131506
2080511
3053546
5316976
317787
5812035
1607950
7587372
6506572
6038758
4683720
1948548
3817283
1999290
16651
2282361
7126471
2165997
4007742
1710988
60424
2158398
5332242
4082180
1335295
6072118
2154157
225893
2483359
3928971
5566082
2096805
6458125
7544379
2010246
7125700
6402908
3982473
2038200
3688271
198055
609175
6977531
2022865
7846648
6391833
4194973
5969096
1880148
3334432
205183
7523447
2096571
1537214
4086215
5549309
4161551
4944356
826839
4373782
2626470
7347599
5713095
2808741
2383402
2480369
3815857
3456366
3160132
3035454
2078000
3135531
762481
5799994
2554484
6836389
4828883
6520289
1269768
2744190
2438715
3096499
190273
835835
3794773
223130
555303
2190622
2221171
3165713
6168257
5422036
3251654
6498362
7849714
1222596
5477734
3148834
8128948
626091
4258918
5951857
384930
6041709
2288026
7037628
4344897
3808521
360144
4474207
3824781
6475636
1446546
6551142
5936127
3289471
5469827
3170953
662543
5384241
844384
2068371
104224
8334293
4192164
5876809
2740058
2189379
6916176
2307793
2068683
7684690
807238
2574849
3430098
1500905
5532695
4679027
454397
3175388
7809273
3050081
83587
2634148
7809564
1361050
333546
2024471
7644294
3273320
536039
8177394
1077404
2622241
8263022
233687
682558
6701410
6341019
225571
3804551
942481
3817060
2978480
6755534
1066622
4434982
2067657
4501538
7925934
5649967
1539622
1385706
1308142
1187593
635225
7063737
465394
6226534
7083811
142153
4324488
553767
6782418
3928355
5323712
6392381
5403899
5705776
2866566
2576965
5847666
4686678
696877
2188510
3654047
7841364
2974724
844232
7894796
250237
6988832
7684705
2108942
496129
6031407
28578
70567
3337418
4570424
6953958
3545660
6506632
3334251
4455727
3016597
2696506
3654332
93715
4500466
8212517
3020415
5802208
6888016
4831660
1918039
5911956
776021
2542300
6989730
4689920
2376739
5608096
143650
1126965
6220922
5930224
3165042
7437568
4902504
7552921
2352261
6683856
7707725
5114998
8146041
2131324
3153072
195506
8986
1892765
432576
767219
2159376
8294809
5799910
4120046
5804534
7854915
5671422
4986177
2685469
6671614
2061637
7371556
3622698
661586
381735
2332798
5469980
3046736
7764902
329978
7054866
3566003
5939366
2560988
1866486
772548
646641
7381376
5847460
3974197
1892567
5416866
7833738
7187461
2070568
2749025
1149699
1149749
6054860
3050767
5540861
7587441
2293902
2173622
6413512
6990052
16582
6944709
3814903
2185442
4693506
2336906
1542596
2565136
7301604
1912826
5934757
1323154
7234830
7526878
6789939
635234
1060510
2198462
5629694
7684708
4012354
3263176
1370047
7817405
6779124
4015650
3928205
1477233
5458193
5768270
980578
5789376
917837
962813
3815893
3624209
6500102
2388625
4684200
1319322
6701736
1394895
5413567
6702068
3530796
5497805
2067579
589793
6583106
2018430
199933
1612177
3191348
2045452
3825161
761807
2186605
1622825
5098035
4739219
768977
5486079
4023155
2139794
1700719
904628
3845848
542831
4829170
6592551
3168757
6989380
5461777
2524889
7500830
2046976
3052537
221524
2319332
3153069
771636
3830248
3264186
6737920
6447708
6998584
496027
4196674
1873141
5616830
7524709
736032
6680880
5567449
7703834
6000456
7695958
5839152
1998881
2583247
4291684
7587432
2554175
4336549
3829936
3271221
3825173
5402515
2069304
5802682
5493742
7054263
3194309
2888806
2396157
2134284
6952946
3334009
3828765
5287574
3654239
7125458
1944294
5532193
1541734
1152858
2572872
7485052
549702
1384814
5794529
1999296
2068785
3823211
4289783
1543034
1593312
7234209
2180254
2335254
4618279
2230839
6738329
95120
2152518
6695188
5242778
7797408
5677617
4561893
7932927
2456910
2069871
2165968
2992792
763583
6144815
3161876
1341946
1131455
86584
177462
6952322
7445669
1251461
4677817
3955095
5320503
2402734
2709727
2930207
1832994
2312467
4677672
5369276
6987967
2739005
2915007
6173221
4130391
4802659
5799874
5872844
1212178
7765015
2167877
7587378
7684663
2424153
2401205
1104709
4323982
3655188
2853605
1892642
5863125
2106594
2213915
1174107
5391824
5616530
3240937
7942115
8210946
3513089
1516832
5411209
442163
4431043
7981625
962933
502896
220020
8014571
70762
5901330
3162118
6070624
1968694
3166163
4383258
7813032
302170
5339342
187873
3906141
8087808
2698184
191718
951073
1065178
165696
253262
574675
3161995
1507454
5686408
1209293
2947978
7555078
2070682
2744625
6299673
176443
3941809
679339
1060729
233291
5225205
1934709
2193306
8138702
1990593
4690804
1395096
6054854
4112102
7114867
342953
102534
5357008
1999209
4935646
5423733
1926759
3513429
4502061
1987382
6412240
823488
2215531
450653
1439320
3872197
5691723
4459436
6951644
1015423
1212449
2286828
7792344
6877499
68391
834015
291756
421734
6722181
2760069
449970
976299
1820648
5904018
5799374
2335912
7881658
7967677
1919420
4015826
2018565
5745683
5390866
3873008
2266054
2634199
8053261
2744010
301932
146465
2128443
1105837
2285725
5566972
5441232
5369453
4963356
5803999
3734710
4185456
5128275
26193
6218679
95309
34212
6043797
8307341
6413593
5760648
5514953
7511991
5772054
6581862
6814165
7620553
1820900
7785160
4689052
3261268
2287776
74442
3606166
586520
7587465
6484706
5847523
2673436
7216059
2732633
5940026
7862695
454548
1078795
4580520
4510433
5648922
22748
2112736
6990064
4737521
4935910
104818
5677380
8214412
3167630
6055051
73265
2989163
5874156
8056984
931555
4980137
2167524
2806971
7762364
5896469
2414659
7963343
960561
5396276
5329487
2560058
5251485
550532
4987877
3164501
7358809
3712398
813309
94629
1046740
6240758
3179046
5694328
2429988
769633
2172123
5421412
2552311
5469507
6368354
5348840
6944559
2164508
3195220
3361187
6575005
6241890
5541234
4495169
7139467
524234
5713792
3166404
4107029
2077339
2725058
2077715
162195
4262887
652407
4190660
4690732
1057880
7685008
3240555
4560544
4689583
776749
2077667
2167698
7684660
5577426
6515117
5357205
8145889
1366907
7584020
2069010
7031002
8098316
3702983
6989875
7328103
6987962
967388
7684558
5445814
1063120
3004705
6789535
4956626
5663159
635222
16483
8253160
2079592
7500761
1385266
7894347
6767450
3426455
1114023
273612
3167322
3134256
1465881
1211800
7364174
1371325
4025397
101360
93425
2287158
548640
4098007
7685044
7829777
2080625
6767411
1919233
7500578
2069558
5988661
6578669
5964142
7510671
5514659
273549
2738005
3986470
3146770
3147684
2817761
7682196
235846
1215464
5457527
1999798
6744104
6055003
3266702
3450506
6766947
2225708
1119532
1155370
7127907
5330438
2967015
7625787
6228117
2552652
3333512
1939424
1610201
6943409
6227097
5438776
2170606
4456405
1102469
7684981
7410000
5633458
216909
8150368
498294
3784919
4595019
3189536
1003504
1490322
6690294
3638096
1615087
5625181
2666953
5804029
273294
4318090
2166421
2612888
1892750
7065496
302600
72542
6799161
1917803
1249848
1536307
7762154
7324547
3440081
6478842
864399
1681958
6814219
216891
6814725
7685086
2863790
8001966
2000218
3053917
2424998
7984620
7124145
6318689
6943798
1308610
7790044
1443131
4565059
3827063
7520942
8263055
5847517
398430
7257629
7523025
6399513
3695644
5999361
1442454
7620574
3817474
126962
5616827
2110863
5378121
4574475
2999574
1439386
3865564
754726
2812216
7058853
4991497
5398745
7121275
3956795
2460420
6154651
4956140
2738014
2184414
4830755
5477881
6760074
1709435
2984933
6578162
5437711
6681778
58461
6605447
5213656
5609808
2134790
5434805
337312
7637943
4673747
1213005
2448459
5411317
1595234
5714391
8219719
3391935
7587342
3937695
342622
3814825
320064
5906461
7563711
977228
5616524
5932137
7868660
5912269
5803984
1095890
7069875
3258356
7765063
2789080
1151292
5849829
8168497
4808422
4539858
21517
60559
5051818
3822076
7616644
5904162
5804188
5654775
8134899
7326546
3648663
2904885
6385292
6997025
5658269
2992690
6428524
6207097
5126318
2829003
2482561
635381
2817694
4474266
3565650
2068887
3805532
1487391
6779357
5445660
1926263
4258915
3440948
490515
1400877
6405775
575291
3163188
6340214
2527719
6681721
6422815
2221168
4276273
1999930
3936903
4388805
2489294
7921308
3048447
5493796
3308548
1211689
3124557
8085193
5433844
2048637
6394783
4583055
1617113
3413733
7644213
1847713
2887320
3959561
4904269
823886
2099236
2822624
3810432
3938633
3267522
8003075
2698946
8213447
62537
6227937
13540
6003908
5088900
3166470
7135831
1005754
2084269
6691849
2810738
3728611
6701383
7454520
2160724
2813721
5321310
6573138
2099704
4146404
8093940
7215861
8129683
372049
2907311
291265
6581951
6702143
3818516
2422292
1925612
8006947
3005989
5287655
6605857
8209536
7644255
3823710
7963516
2128470
259042
2429283
7159232
3167926
5232836
3471515
2492419
3005914
179851
7644159
3164219
929476
1358874
3702202
3161656
5055803
69778
2957546
2781800
2367022
257396
855891
3268483
6764608
748511
3391767
39587
662711
155844
1003720
7123436
5025211
1947373
2185480
3823060
6785565
5873509
6998366
2203855
5477635
2178616
4689595
1248603
120301
2213933
4367595
1468142
3160332
4126323
2439079
5198294
47178
852377
2854811
224178
10185
2640703
559969
5908417
476646
2045572
1395006
4239861
156818
1884412
4213204
163484
5234870
6681916
1967516
6791833
2439148
6532362
6184630
5051812
5958305
4154857
4511706
2288394
2423921
7943342
3737543
4575431
6782334
2081675
6002023
3053819
6832949
3818187
3049550
6179947
2670611
5906743
2077967
4678590
2310372
7640757
3967268
4460948
4738712
8166705
830862
6741582
2243766
39272
3656055
6652222
1969591
7257968
159268
8285
7508705
2420432
3176903
5719056
6377968
3415475
665288
4951308
53468
6241511
3266531
2055738
7453695
3049840
7271699
6775012
3179799
591820
2477346
2018382
5466644
6953126
7505530
6694999
7355562
5839745
7040420
2705142
3845198
4741153
1394910
2461804
1753073
1809396
1316366
2112946
4682091
6500600
4586104
343413
7963779
5760645
3262787
2806611
571026
661369
1008358
7132955
844534
224441
4690103
7644162
2068842
2889467
831024
3167558
2069070
4923181
1851693
297270
6488457
5816787
5007839
34143
3829570
1891529
3672925
3631494
1949865
6989450
3696758
4877313
5530479
2801080
2640085
1914166
3048321
6669401
5505804
3826935
661330
3658622
4566270
6988769
5030063
2183716
4195741
909469
802277
2235361
6832808
7949356
5510138
7141414
96
3048327
904009
18971
885235
6583112
2885916
5693903
204435
2588012
6680359
340763
1357771
6362551
3002068
7979902
3103813
7906423
5084608
5689277
1079908
3327137
2905832
5388904
3360755
136638
2221174
3223421
4228157
8590
6683176
2860881
6342111
4849516
6975585
6056240
3507674
69292
5236265
1152870
3387476
3264063
6461497
5560603
1079159
668415
1726778
6691770
5399111
6261228
93812
173883
2110347
3156736
540208
3982314
5099290
2153670
4902285
3286344
2109174
4935844
4717090
1082828
6161120
3308407
507395
3261382
763366
5094352
7827190
5713842
5321616
5875845
4828556
7854918
3938588
2809185
1081337
5410302
417823
162126
1890461
3052432
188295
5892349
1104340
3334348
517476
904332
175244
3436204
2369836
5530446
3278793
5958226
3190003
2773995
603291
1315041
544021
2218035
985857
7002412
6576427
3166001
2904909
7507186
5531516
5533856
1969146
16570
6211909
7119041
4655717
7317593
5420717
5474122
2208476
4828982
2893735
2487695
4687419
3132695
574207
635465
4988308
454506
396858
7127197
7328109
3312069
2443742
8076584
923092
7536419
4996381
2038333
422
5847541
1257050
7868267
7406932
2066193
154210
3415823
5528852
355132
2774628
7627306
5572708
8086736
8063135
5803388
5800557
1153151
4990539
980575
3998860
3006016
2804031
968133
179192
5200233
2428776
420823
7169606
6413907
2386431
5287532
1410133
4784415
6949530
4015674
6750584
3163254
7033244
2018586
5634298
5369528
4123963
3007366
6702035
1060828
4690154
1283763
4700351
665672
5686671
5905395
4682085
7133273
16982
4633393
2160688
1949892
1812490
353573
890404
6072298
5384106
337912
1536316
4831672
4708015
2144893
1817720
5382943
567256
4570720
5804035
6474403
2170868
6350987
7123466
7644378
2323763
5887314
2056230
3206201
6059191
6173793
2329786
7626248
2049493
2549317
2051796
7894853
7934478
5732729
5213531
15761
1970128
1211026
2811651
3474867
4624406
912053
8015333
3237283
67581
1947307
1435126
1429154
1211908
6075735
7477723
2295963
2018379
627040
8225851
3828603
3117771
3936383
5448318
3035576
2166725
1348153
1213050
553024
4045964
2512233
7620547
6599824
7587375
7524450
853041
95566
6191865
5578342
4306559
6388279
2865984
979757
17592
3461956
2003883
5181107
7383107
2750017
6103179
5803391
5530119
2780020
1965965
2106473
146516
5914134
633629
2504101
621258
7807250
2817587
2167872
2284320
6658535
3826464
7827802
5674180
3180072
2309884
2018394
4561124
4881213
5367917
2178844
3471038
1993911
2500225
1999278
2311280
5791037
5803963
5309738
4099678
1495021
5530662
5457682
4452095
1069923
4571569
6989308
161879
1053768
2038158
7809522
1966292
844040
5772033
3937971
5356999
2010693
1884652
6701305
3323874
1884092
4324644
1969041
5648553
6467964
6273262
2240961
5221079
5368434
5474404
7863390
7707406
5530091
1319134
70570
2167901
6340481
1253424
6461560
6030176
4706540
985938
2766276
4009914
187363
13069
7128710
7968344
3987320
436067
7587183
3487174
5469653
7954310
441220
2158797
7511999
2905254
781582
3247172
7059445
2070595
2772572
1308004
5128389
3649326
3746903
2321680
6701320
6000292
6837181
4144434
6768732
7644210
4575576
7546875
3282806
7605777
1700914
1551814
2358080
7470029
1927044
6695439
4718473
5321670
4011734
6046426
904634
4827983
5847454
1031633
471466
5530788
2280423
1212437
5694065
7121518
824006
42973
490460
5445811
2430719
8195566
5086495
7644363
3190150
1073130
4119622
7117176
5874296
7514917
3937701
1884661
6989155
6167353
4678130
7144462
2353413
3917187
6683417
7620562
2516929
1253724
6241872
1350454
294023
4870108
5467655
2138907
1714930
4828859
2440913
3985823
6673088
5688786
7620538
3175041
8060676
2444870
3977058
3649620
5309705
5441572
3277687
5506215
7759427
7334413
5847574
4680799
6173224
2503940
5531067
3696208
764165
2220488
7438890
5828740
6532838
748529
4911757
634795
1892474
2485598
1707854
2989274
1961591
4869496
43499
1061583
7894829
6540316
1213845
48889
7834575
7779819
844277
7554868
1616884
1308658
276633
5427852
5514350
4497636
3986614
6861811
2580782
1956957
5692358
762454
6701548
6680398
7559792
1257270
3051858
4693021
1968930
1541698
4568681
6825809
3820035
7523103
7543638
5249288
661360
3939480
2804969
665303
4811252
5553025
1136769
7379319
2173607
4092842
74508
5370318
2513580
5094436
8190301
6878930
4675604
2904552
761504
2757387
3169574
59483
5908623
5804002
8281891
5334056
1577209
3698314
111889
1945251
959799
7837467
805930
223151
5958244
7928006
1883155
4160894
8317577
1886060
4046261
3441040
2040300
2037693
5506794
1211035
5445594
1507915
156719
5847565
3983570
751763
5999253
2531033
1836709
6001800
1500746
4677525
8122975
2018421
2289480
7130000
2070901
86926
7437514
1502920
6739449
5670098
4987916
6702113
5314347
3435913
22956
4144511
5565518
176997
6992634
7644189
2189601
2467408
7132798
2548328
5573458
1965815
3623458
2509878
5547090
3167567
7500617
5493670
6667950
3166037
6486145
8147713
830937
180109
5871407
7401011
2744247
8312865
3825905
3035762
5337149
609076
2806450
2621879
5125405
5640118
71388
3053103
2160333
4828342
863237
2738026
4015692
5913546
7809519
1954238
5707782
808651
6346628
2988903
124235
5202866
3749343
1099715
7670221
5689325
133832
6173456
2621876
4694987
2560010
6070449
1259576
7506336
3333367
959641
8168503
5368955
6581564
2445582
6037541
6345608
2069917
2811666
6696902
5795049
8130048
6682368
6001532
3127240
865091
6687340
972571
2069130
4559701
7238692
2077997
3525174
5793860
3164018
2292154
2484206
8149099
8202478
6433666
4566345
5443484
2405771
4673286
4383705
5533928
5800745
2606639
1881219
5685575
2503552
2656869
7636682
752459
4737265
1272416
2228574
141446
1307674
621354
1778816
6815228
4565535
2357503
4692387
4674973
1160528
6489243
3939280
5487661
124892
5477782
3657460
6303426
421953
2251625
4567369
3161677
4165919
2587
6950362
3168208
612424
384388
7134838
1890380
1311203
300810
1721516
2068791
6754607
5816780
1627255
3051551
7829750
89590
2259689
6819380
4324485
6040974
1727368
5448661
7039239
2390285
3035451
5532413
3815765
7215618
1114925
4142329
2221555
2158251
4323991
4829922
3164953
163329
3167974
3818238
794689
3936669
5043339
852762
6954289
6292456
5601124
2290933
2068050
2904876
5369456
4676756
109902
2744778
1543290
4683323
3165737
4145043
1892564
574022
5097668
7524366
5904225
1987698
3936237
3826854
1102601
2513340
60699
5152694
5549234
6001259
8142027
559414
5469896
6701707
1268329
