5351223
6378605
2173310
8202184
7805928
5806862
8125120
6513797
1542127
2182938
7158703
2867148
5934736
3745722
7501450
96269
5342345
1886545
5563987
942115
1389246
6072058
6192621
5664862
1883624
7523419
7270344
5339444
5899794
3399055
7354850
2542485
2069537
6615784
6787928
2600955
741832
6333768
7127426
5528606
7006918
7904981
7666852
7075419
5334051
5494409
484588
7295746
5354214
3004324
198782
925632
7440173
6488054
3808943
435488
6417133
7270353
5639595
6979524
5476983
73619
2774097
3125190
5466889
5345768
8203788
345073
5467622
2734637
7280465
6437078
6167653
5350533
5714314
5872838
2051461
7407056
4443802
7501510
8039116
6944100
7756874
5356244
5914385
7937679
3347928
8024154
2830234
6445308
5336510
4022916
7041405
5550326
6282964
7288380
6568982
689848
5950821
8127403
6432523
5526727
2776241
6437872
7262463
6702005
7448770
6571627
4573235
5337999
5937641
1314495
4211210
6109585
5479545
8314615
3153503
5489387
5394367
7477927
2153271
4029773
6429327
5355781
5523660
5713550
5362706
539645
7905310
5353089
7761026
442887
2767371
3226247
5430477
5866300
7761289
7024435
3259887
6167663
5714281
6958184
3966952
4244897
6045916
2139271
5535535
1242459
5688200
7090253
5453464
5312244
6901737
6739659
5350530
5347097
485123
1087045
3854529
7503717
6861196
5915414
147231
5537233
6708980
5937356
3308440
5340422
5901399
7501789
6687950
1997439
5467856
7963307
2792960
5909907
5634298
5034016
6989116
6349180
5910011
3147343
6433130
5778267
7697575
6359293
4569932
6317931
7294729
5878466
5356121
3984138
1305159
1118841
3396735
5514587
6215425
298902
2069383
5590795
6676728
7128986
5879438
7158144
7815973
7744401
6162146
2440849
6490091
6563719
3226058
5356353
5553010
5273536
2808909
6990025
2197257
5417256
1902245
6606494
5312964
2489022
3851724
5469657
2109299
5498569
6428308
7443995
4557985
3200825
7700352
5950963
4752910
2747586
2690465
6695679
2308186
6490420
6489845
4196968
6368886
5527846
7691364
6117195
1906351
5314320
3194246
7904969
7756287
5765285
3049013
3913433
5685811
7707551
4490115
5343384
5895901
6181618
6063647
6074819
6167353
3664541
538335
7908072
6699881
3883521
1911375
6833159
3846709
7825643
7550503
2071245
331152
7755065
3153406
2139732
6551166
7070562
2727766
6995424
6892292
2900883
7612123
7443411
2765473
3326403
504057
3006066
7341132
7907752
5645684
5229461
6591162
2780409
4528762
2418536
5468236
6356511
5745379
900948
2481896
5361996
2186611
4906486
5540376
6541370
4673705
5323595
17610
5861688
7712798
8221807
5411437
6735853
2907062
3327901
5342336
2419465
5782216
6607220
5915281
3394008
5461731
5514447
2087197
7125570
6322963
6818454
5539996
5434108
6914831
1020217
5539569
6439493
4684049
1887029
2096781
7881159
5950712
6038121
5916044
6069320
4424225
6340724
7223092
5909048
4165687
7120824
6996334
2190973
6113615
4252161
5632737
5947720
2621995
5524514
1937802
7869454
3004372
5431247
2298640
238969
7984128
6142621
7177366
6422783
2831116
5417245
5396372
6217024
6183524
7555692
143504
2394567
5476738
4063780
4456604
5935683
4243543
5845365
7901091
5572264
6969087
5711307
5029728
4911309
7893733
5412490
8011994
2270180
7731699
5410600
6284811
5963399
5960571
5892195
6037349
2483885
7626971
5579010
5697553
4211085
4901234
5600600
7754346
380104
2665112
5917830
6339571
5327204
5538280
5398135
1948660
5578091
8098874
5394267
5917912
5872745
2482849
7527835
5942064
7821523
6852635
5361670
2151615
6942557
5541942
5929701
5431336
5563990
4567026
6957824
6507260
5310520
6768892
6345936
6436813
5336700
6934142
2183755
2761020
4191407
7216497
5339957
4269777
6202312
2096838
6839410
5489381
7401707
3259559
1918312
2124939
7905687
6400110
5969041
6444586
7181832
6183490
8145963
7677728
4240891
4144495
6203809
6771032
6071503
6995392
3847274
4983712
5320981
6707842
1181012
5385929
2237163
6682141
7281030
5895285
7561272
7903574
5845548
8202703
7869457
5591257
5054935
5459042
6416540
2118443
5846459
6239455
6835772
5668847
383257
6474002
5353086
5425241
5370013
5511381
8127931
4046979
5000711
1999597
4827789
2424635
1904838
2199510
7272548
165739
5712664
2622004
6744717
6391101
3798098
6570776
7910411
6444152
2290814
4598317
6125279
6426901
2297966
5705311
3169066
5343626
5392183
4931794
4461178
7683455
6712256
7984758
6478189
7355411
7158801
5658551
7615863
16664
8126692
5526037
4883678
37492
3720159
2578322
590426
3366693
2272170
6606659
7615221
7608565
1843654
6228297
7857976
6436916
6444678
5353095
4715372
5475399
4829948
2366292
6441884
5412864
5878257
7756727
6425177
4049167
7174528
3190108
6227212
6551145
2005742
6145825
1357076
7816381
7459653
3029696
6428359
6428787
5786503
7526749
5974724
1906354
6112235
7672395
3701316
5972674
6120608
7793856
6567320
7523250
3960042
6239461
5343353
6767
60172
4674701
7286682
7168612
7755053
3048792
6109731
446892
211216
6769398
8047251
6396252
6597158
6711375
3720380
335398
5114779
5915371
854183
2065882
5327032
1054199
7643322
3046546
2159960
5954903
6332993
1806493
6681695
6238876
828528
5427082
5701052
6835809
6767118
6443357
5759977
6037502
5524354
7535117
7752711
6426878
1197953
1927425
6214715
2800846
4027879
5342339
5693514
7336037
6423687
2765517
2096784
8003634
7042906
2867727
7783231
952667
5846266
8272575
6952552
6738797
6412256
2765645
2280666
2050311
1902242
6550465
2065877
5821261
6347036
5542495
2577640
3399802
4559099
5479482
6110882
5064732
1960493
2884425
7523950
2053067
5461657
7092665
5951415
8230342
6210556
4511919
5426563
4442427
5360096
3259284
5368770
8043078
4541950
2156636
3960200
6365834
3458299
483323
6239470
1640608
1945027
6899913
548857
1151036
5479572
5479473
6936017
2236284
6994504
7813337
1886269
1906345
7302300
1904822
5509053
6378586
7447270
93052
5462047
6228405
7033330
3647986
3259019
5381805
5662265
8005343
7488025
2065577
6045264
7681203
7783146
7128529
1242456
4049682
5093598
3261713
3165752
2316918
6551905
5353083
2157249
3331467
3465840
7215428
108514
5488750
6436209
3697401
5960230
5361298
7283122
3335759
5894551
6693381
5514353
6490434
6430814
2311211
5656838
851225
6580666
6434300
6554869
5815611
2758930
7246612
6426210
7919810
7912315
1870522
6988165
7938246
74275
6766789
6344516
2628861
5342054
7744914
5020978
7986585
2259585
1961530
3741397
2886886
5353081
5917270
2248249
2308232
5711120
7676677
7565600
1997444
6890690
5469743
5745134
5343773
3186243
7820450
3190204
5514356
5633425
3029699
1901769
2395870
1970664
6358341
2446661
8000483
6998454
2258301
1878610
5387258
7725766
5668724
7894736
5662904
6575822
5320327
5358926
6757
5342342
6708289
5534497
5516581
1090226
6215422
5664891
7931413
826132
2629334
5488903
2190964
978446
5744722
6439303
1926206
7377114
2762849
7591648
6849228
5397582
3468085
1467984
6945961
2218864
4474249
2907227
4934157
7674643
6042097
5649705
7636564
7102318
5345354
5590896
6546286
5194055
5410747
2564523
446898
5692224
2800344
5070327
6212405
6210972
2602600
8007369
6241620
2636838
5692837
5650369
7657143
5572267
1807253
5361181
5944296
6678016
6297165
7153501
3226713
6558101
3046584
2525115
2252925
1724282
6764
4580544
2774100
620384
6423050
2095044
587415
5913186
7956224
5466962
7153759
5554399
5527573
7454613
323356
239250
7779765
1460106
7439942
5464407
5347071
5662909
7214372
5780107
5356751
6565596
6443958
5960828
5494079
3818851
1875396
3218724
5477665
5367965
6045923
2750799
219677
5706117
2955419
5244157
5845422
7370989
5961652
1238168
5423313
3954891
3815914
7327331
1996671
6657567
4023642
2600406
6424217
5348972
6428449
562529
6567197
5913396
6327082
8144443
6120668
5859024
3255701
6419056
6574052
2784845
7643514
5500670
7295043
5362064
6366169
6705548
7713515
6547380
5410586
5353092
5394529
1874599
7797899
2865634
5650104
7046369
2807493
2520090
6074578
2152146
5401670
6031814
7657538
6037559
7058082
1918318
7180571
2243133
6993937
6683243
5640714
8257809
7134117
6906186
3051721
163876
5368166
4143269
5881222
671405
7136536
2579122
5398254
5916337
7121781
3851609
7906426
5423392
6419833
4690074
5474304
5845952
6599848
6365846
6419597
7558415
5839563
7215450
7677316
2489452
7494858
8035829
8099047
3726708
2665214
5104389
7709525
215295
5690447
8195731
4930457
8279905
6723439
6043198
5806434
3458289
6705629
7553599
3159174
2761110
1539244
5697550
286719
5340756
5473457
5235593
5434260
5530635
3050061
7597257
3672403
8241062
7585618
1943523
8209502
6426093
8125930
2425817
5638594
8235914
6875182
5919564
6427655
5403712
5563993
5899568
6941111
5685401
6191659
5932149
6890215
2156438
6580952
7092668
2158267
6287328
6212095
5349700
3854526
6285645
7754151
7040048
7289003
853965
5542090
8065336
7360397
6742168
29229
8182478
3816272
3022361
6333164
5477002
8149226
2095883
7126477
5941348
4533595
2884581
4689639
2399559
5915858
941103
2784701
6530838
7109046
5528532
7921176
6273031
5370893
5675521
4882816
259358
6416859
562347
7534895
7072988
6705436
5386859
7650196
5802307
6700266
1943375
3396782
6839103
5568786
2457712
7893059
7228631
6153771
6416937
5913213
6942885
219266
2196224
7704593
7990999
7904324
2784326
8088665
7662712
5361022
6040744
2762705
4491148
5603803
5549115
5369735
5311851
5692645
2006738
5536676
2483478
219093
2053946
5856815
6303352
4557997
8315445
6073847
7881424
6672541
4074347
6925692
3177458
418064
5462813
7556282
3193169
573635
6667375
845808
5527861
5513852
7709528
6418666
6418198
6219411
5593511
4190270
5357217
6741832
6938270
2505008
7879923
7036771
5472155
7360496
7611846
2419462
6365011
5668886
3261101
5395084
2054444
5942580
5905763
3656115
957616
2419190
5379597
7513581
2928168
6747003
2978803
84006
8278320
5963617
1914283
5489384
3614859
7495143
5669846
7380452
6695068
6142813
5313531
5536353
3810422
2410999
5529506
6219414
7892434
6675136
5871190
7706076
5566047
6168380
5026694
2386845
5373997
7869496
6651848
6312031
5519865
2774488
3808399
6044371
2311108
6678602
7991842
2822665
7414735
4027556
4254854
6226740
5370969
2175890
5471528
2866419
7125504
3396795
6875671
6670095
3970712
5356754
7235045
3144495
6226356
6758
2126689
6426542
6973279
7865152
5806850
6157951
5474096
3275228
6329321
6353720
5911666
4770848
6237320
6436253
7930882
6164321
6185313
5762589
7653358
5839569
6433157
6908615
6229325
8260518
5882269
6415589
5917646
2764086
5928962
5350524
5701825
1906465
5818234
5369914
6657078
6443316
5563981
1947032
8317965
5902327
5915744
6596940
7281978
7458771
384028
2893835
5362061
6904964
7309816
5369853
6711441
6409516
5662869
100816
6226377
6049933
7888247
6530542
6416856
1986135
6949054
5386823
5657084
2051155
1886437
7707478
6768323
2863692
2267622
1626279
613052
8306407
3196645
5354244
4204341
5403442
5361891
5959616
4424363
2228085
6230702
3967104
5697547
1287725
181525
5341472
1970616
5575761
5355613
2776709
6708514
3049092
6896012
2087633
7360740
5116871
6444777
4405887
8282114
6039057
5498614
8197256
6995527
3857252
8125918
2864100
2506454
6549135
5373093
6426904
3155599
5909585
8334461
91803
2643662
2884257
560309
6759661
5668793
7738529
1927421
7082761
7500766
5908399
7160062
6763213
3358738
176437
4732517
6015840
5359600
6229206
2579056
7135202
273531
6230119
4022602
7101739
5929586
5901765
7643337
6417168
7880076
2782315
7950054
6426871
5671255
2140977
5532697
7262579
6624018
3516534
286100
6669948
5511981
5350527
3985202
7875482
5512611
5358712
6949249
5311233
6725393
6579798
2202129
7318056
3005773
7682966
1917227
5027077
5649489
5525921
2167080
845745
2420555
3168412
6226170
7273987
3049082
