6260674
7663409
4454839
5453437
4351751
3323289
250678
7880275
5310004
2783235
3654587
4156775
5251449
7089610
5257592
5331629
7979535
406932
1896566
291924
6792615
3234952
7652952
6572378
7516243
980584
4156619
5777669
6761437
7254516
5745788
487622
5560469
2252164
7903865
3567389
6475999
1084153
4115077
6359936
3670991
5415154
5038129
5422695
7683422
7880801
2582386
3417866
4167327
8043094
4341372
7862963
1817983
3664649
3655380
2243553
353085
7675214
2126607
1067942
6534076
776249
2233965
3430275
3432310
3876198
301923
6662054
4160337
7371964
3625760
2991386
5790120
2693115
1972634
140571
5832682
6181217
6500600
294629
5654649
3527334
1244793
4754844
5414806
5419836
3872407
7978747
5806763
6783033
660323
2126848
1043711
1175045
6637680
2627111
6204864
246872
292926
8186987
87316
5059365
776357
3673330
7716077
2245165
3279356
3214702
2853758
1570236
4162259
5759336
990990
6659871
4160238
3943917
7617185
6331884
2666945
22277
787423
2234211
451157
1085018
5508024
1651937
6477739
2251697
1918000
76177
4649681
3286350
6398296
3489650
6502222
22685
6398744
1175189
8011288
3425461
8187976
6601840
7430419
5482515
97555
7280955
6791196
3942171
7079088
7934676
5336884
6781057
246773
2661297
7430823
5877040
6477307
520889
526623
6386773
8195907
1308568
6254447
5870818
4142019
7076536
887291
8189703
5403709
6347725
7370608
1169025
2126170
6101486
6787154
172164
6239191
7564938
7934493
5814720
4143061
5791803
1791257
92040
2033574
7352717
1086175
6497443
5886273
211668
5338907
5337556
5508963
2123727
3906730
3595550
2603295
1449649
6477442
7098354
8306219
293145
4149479
5357812
122443
1963459
5358299
4654890
6502013
1524374
7661543
7617754
1920936
5636079
5607509
171651
292749
4053818
7373586
5121884
667587
6334965
6397808
23582
7673047
5069332
5878713
3530526
5658991
3028914
4733050
504903
5336598
4653478
2459136
5853949
7729981
5402474
1525136
7910566
1688815
5870716
6764808
6313044
3444461
7294587
1917699
8196813
8301497
3198679
7105931
7980984
3500392
1916619
5414074
5680828
7945198
7542270
6146468
5332751
1687589
3303807
76081
3303653
292830
7900313
7870548
8013706
590698
6498200
3995163
5484122
7097776
5890056
2687823
7090535
8061745
1912213
5314793
1523805
5873791
469066
6952490
5656699
609367
5508338
6238747
8125066
2582502
6298648
5879791
5631937
2034439
5402968
5884121
2458782
8171158
8117349
5402494
8285316
7920028
3760100
5888823
5829908
7106475
5676787
6337103
6347680
6758494
2010442
6794481
7757465
7148314
5413949
7098453
470649
7147801
2133260
2435650
8044283
7682613
2237331
7203137
5871801
6559531
1818437
620306
5453440
6330336
1234736
6214355
3667360
3426194
3566069
8116224
2434840
3732276
3453198
3668993
172071
7082779
1712684
7983846
4155697
7879441
6797874
23823
7875841
1349939
8207904
7760363
5100085
1165724
4236514
469928
7585801
248141
1083413
6961419
2460301
3642105
981219
7082587
4528148
8024480
5568069
1268113
3608187
5336612
7042375
7759718
4479971
3480954
3436018
3669704
3311761
1086872
7342593
5612647
7100300
5875923
1963390
1749171
5403226
7102561
7416812
4234093
7146524
7113972
5227985
7376527
3506516
292659
6349682
1890993
2702350
7676772
534000
1394170
516656
4317752
7979300
2134034
6407270
2576854
7171720
7875920
7830855
7880425
3584894
2435401
7466203
6521243
805018
3137674
2475461
5408357
6502165
964469
3434944
1202141
697019
4150575
5332886
1687625
8187583
975408
1524020
8201202
7617265
3599480
6354405
5873155
3483231
1526748
5407544
5321608
1688762
3285673
6534963
67473
1042533
6238744
2270052
2582691
5797400
2469846
5454561
7945413
771543
5321592
8151609
917657
3239857
3251678
3002825
6343910
7686046
6774781
962837
6783059
7822973
849522
4411782
7660052
6357925
69787
2624232
1084916
76533
5789532
6858543
3430251
6500524
5802376
5402797
5414884
1818259
5884336
1511086
5290513
6949797
4436457
3233984
503173
2474730
4146741
5332868
3996359
3754929
5332329
5113159
5785940
1084617
5830949
5940799
4649259
5391268
7542084
1268059
3662188
703840
2234468
5679446
5341337
5886373
8244542
7395913
5309902
2652676
4956413
6498025
7098076
8283369
4162700
920121
2218260
7104994
2549864
5403863
5250972
472129
1548986
2235825
7345487
2854130
6789792
1166596
7875419
2459169
7116273
5658333
3381115
6347620
7082833
6358333
5744605
4887309
3533050
3283079
6724090
6205233
3541118
6791761
3138509
2892104
2677234
7881733
71490
1215446
2125801
7730170
7345030
6979397
972622
5414821
5794107
191285
1744037
5452322
975304
5883044
7364243
1838447
5569720
3746064
3135684
2583862
7380693
923860
7919869
6792446
5445410
7107834
5565788
5340029
7920474
22208
3489204
5072850
2988820
34846
8041657
609790
6661778
200264
5409440
1963345
963116
5760393
6786998
1145257
3136116
6520705
5631929
7978465
6906302
6791209
3535781
2823144
4597081
2904930
1916024
276696
4146829
5415294
5766164
2199629
6781806
5814555
8081492
1885427
7292244
3044
3871669
6826635
294829
3664634
5614300
6490547
1742153
777852
6797309
5407592
6496263
6238787
470631
6403105
122905
7503711
6238217
6403589
5887047
7342251
6800723
8233054
2240439
6500432
3480283
5881022
18509
34849
2695079
6238789
6795445
7981886
1749506
1050861
131588
1407190
7354819
6333561
6153223
524351
7098375
5882095
524504
2044176
111505
3286341
5563675
247424
524561
3415978
292692
7085021
1745059
751026
7358154
3713422
376767
6792424
6930411
246926
5409902
5396600
1056802
7534305
7351811
6961249
5403844
2255922
5805586
5067344
7093743
6353654
6789803
6781023
292983
7380834
495421
6337187
6412410
1488182
2260445
6429018
3445414
5361062
7095894
6775381
1284198
5340105
609325
246014
1838450
1662188
7469115
292566
5414095
6254158
4885692
7341791
1918781
1305884
965062
5886626
460677
4134894
524519
5409176
6605586
5251578
1086512
1972805
2651424
4648832
6707494
3286317
503353
6761558
7109439
7875305
521160
4366878
379670
6347722
7368240
6496726
2601183
5403811
4163905
6642624
3658915
1915432
5336192
2200788
2625269
704387
4055338
6352434
1972924
1728377
6778925
354896
501110
1993868
172195
1866833
4650237
4647343
6504001
7381139
2557510
2130913
532513
450882
470476
7105934
469559
4885527
7665739
6355933
8128212
3666262
4429995
6800657
6216565
8009554
7583924
7978312
3672194
5867470
7756417
2609271
522269
5828389
7376548
521624
5657952
293079
2267100
6951140
2598452
1917863
1836604
1011492
6799934
3529727
743533
2223316
1993302
7542009
2252548
53651
4652446
6499950
2020445
5763226
3659826
7910403
3676051
5432800
5670734
2127496
4930636
6561197
6781704
991009
5339278
1836511
6664850
6785631
6638257
5408621
1254788
7542387
6466101
7860133
862180
7367996
7504661
8192757
35356
7345547
6340166
2909557
3443085
6981102
1915033
3225483
977810
3536848
6352431
2120108
3361441
3529697
8200149
7707677
980991
5402369
7264122
25521
2130898
7224575
4455691
5403349
3676435
1852298
6585992
1889971
5566671
5815368
1743643
456979
1043415
7105922
7533989
7618114
6348264
2693205
5420739
7585807
935068
1918721
7146518
3677498
250147
5341346
3532747
5340258
292629
3376701
3657756
17021
3446680
7177550
7107327
5110414
5566719
292800
6150469
5879662
4151433
7415468
1234195
4652879
804021
6605919
5403262
7367237
6500876
487274
7617318
1268850
7438110
26924
7076392
3906763
1999798
315345
7096344
925646
2598098
198929
3136227
7869305
2010550
5338188
7144677
7253258
3486368
5336114
6795373
3286347
4141327
1086320
133576
5359964
1463977
8023316
6499321
6499207
1176506
1174886
6253865
1234486
5360567
4143674
6457510
7755555
5331846
379029
6560451
5734622
6764811
6286444
7344153
1912961
6638261
1749313
1085723
930767
1912889
1826168
4472656
7882832
1309915
230806
6408109
533080
199544
5508497
8219076
5415148
7504255
5311295
5080098
7603816
7980782
108418
69391
503212
308347
7533490
5414854
3489844
5340711
7355485
5934085
3657452
6660541
6505482
6333513
4759194
2131489
380340
7756179
1910990
4645988
3664718
5836422
1253379
76617
5883309
980772
3303500
623669
7504213
5775722
293007
5402081
2237046
3907218
7395107
2127556
7001190
2256168
2854930
6428278
3501272
7531222
196485
6661551
6298645
6333131
6180448
6404326
96462
1914316
8258987
5414803
246340
5341361
6403823
6663618
1439065
7783981
4876505
6355900
6788385
6409582
6606491
3761420
7154903
5871537
634828
3946017
7341237
8201068
5806183
7391222
481009
7354213
5888742
7371415
6775171
5337952
70828
3665683
2325274
6406598
4648986
6950335
6405383
7355501
1085180
7652965
6817079
2098248
3286335
8106994
849153
5359389
293352
6798767
5973769
6788831
1908928
5377571
86203
3438545
5440135
3286353
4340037
5104087
1787325
7742122
6399642
287514
7762526
495428
246515
1237550
6432804
85166
1066660
5830612
8284744
7079834
5631902
6478456
5378982
5321667
5453413
7094007
5357773
5889229
1920662
6343811
7080702
670200
6691141
1614224
7228181
749887
6284509
6138467
3503744
2220786
6260761
7900307
7144755
7379212
246957
5680380
69920
7467818
6868433
26792
154947
5835171
2130496
3538640
6604890
4604606
133958
1524638
7281896
6347644
2624957
3353000
2804775
1043934
5565893
291894
6792876
6590694
7254062
2132926
5093402
8202198
6253871
3668121
5357365
2915448
76878
6399645
196479
7675290
7176843
6369730
3674457
7794804
5408225
6785928
1099120
1963532
2253693
7001489
5329826
1072572
8099656
7358941
5883423
6399981
5508792
7284774
76305
850393
7877784
8285347
7934028
1420683
2605868
76042
7863193
5339519
5811333
1268119
2600532
5336249
5768873
5355838
5102483
5360314
1176275
5111089
1084682
76225
1315494
5414101
6298657
7980778
495692
5356050
8067911
7079635
2276227
7089816
1851394
113981
4433550
7683377
1891436
197059
6764688
959500
5082835
7674780
7934598
6402243
6797543
6155198
5793809
3233037
5338865
6503935
7093755
1085405
8048205
3667138
7115026
5432914
7474208
7755975
1062748
6759126
5354814
2572601
5361073
521789
5684563
6260415
2676422
292608
1046245
3668822
7660265
1686483
7108626
2247466
37785
293214
8043220
1085753
4653961
2009730
7659690
7604082
7504653
7105907
5881237
3303992
7105910
2126698
1046227
5102361
6189932
8063969
7082659
5414827
7877941
5322490
6477724
3527499
1013199
3668788
8041950
6953229
6301784
5055754
1310080
2694368
4956416
5824770
990966
6764817
2897
1524090
7531048
2259089
2549641
6520403
3668549
775814
4156733
1632529
7280622
1971966
7351177
7079304
2997782
3657457
6205065
7360828
1815728
6201496
17024
609517
6467496
7368762
8012915
6269623
5849041
6414040
4474578
2576307
5415151
6333546
6750467
5415201
6296703
2885657
6238771
6500231
5790565
8202472
5885556
5889189
6094442
5402018
7853183
5414863
6784624
7086789
6219924
291642
5422161
6397378
5612632
2126440
5559413
3655944
5402183
1085578
5409062
3753190
6761917
6787913
5311496
502100
502446
5454225
5507438
6723437
7375741
7610694
834655
1685655
3663319
7085069
7388623
3667075
6797156
6766503
5339882
532781
6205419
5851518
8069397
6572464
6397969
503941
7096801
3673989
5339978
1293350
1083518
7879013
6952558
1530167
959713
1023587
200688
472261
1892807
3593961
2457445
3993029
3663009
5761038
3285064
1738135
6238486
2988870
6780044
5362538
293373
75883
3600405
1145263
5332823
3599957
1349763
6790109
1775125
7081761
1524104
7485881
3286344
6522457
2572496
469402
5662021
4875497
8254852
7105929
2229701
77675
1579859
1085420
6606845
3668753
6478162
2261246
5483048
7254113
503131
524423
7177297
2003835
1678829
196002
6908613
5341834
7978792
6921348
494539
6761419
7660823
5482639
6781656
6909264
1921883
75802
2853026
5792178
3657850
5880931
1087971
7342156
77208
6233595
3001147
7252140
5566145
5453676
7836906
6401669
8048822
1409531
8231176
6477230
5355892
1617080
5109334
7364926
6761662
2009625
77385
6399672
4920528
3665789
2249570
8047421
4216632
3657708
7096807
7603553
3303804
6798903
6354396
925496
7392612
2250018
7074931
470974
3238252
5338506
5067456
766761
956050
1912182
2332792
5873842
7371949
7934247
2253073
