2563905
237986
4186361
6949423
7537410
469309
3664454
3303553
2673346
7979261
8137615
849977
1017942
3676493
8004583
3549581
480654
71340
1440488
4162200
1966699
3941271
2598720
2318528
1959495
8270716
469480
890474
342944
749299
925748
6203437
2188609
3318743
3941716
196776
3936027
3159582
861721
5627544
3806021
487699
6280132
4284192
2458776
131855
1513250
4877299
2237651
3673306
520024
3451476
8294930
1218656
6413950
2268009
106667
8005363
69130
1218797
4267048
3240815
1312941
2101855
3003903
3957722
4166332
5402156
587176
1971554
1048177
3000311
8141880
76518
2099581
2287576
2195845
586711
211962
2553721
514433
5402324
980249
5888890
1982749
3161596
2991386
8210319
1918862
248658
865157
2130078
852735
3429101
3937582
246467
74176
6501548
3649819
5398388
1216854
487691
483893
3650591
5800848
465206
516520
1349533
1176950
1818595
2673304
1660916
3277883
2663806
7879697
162644
1335060
3312712
3564788
1334276
362175
8201264
56194
7667286
1688926
1956891
2233043
1651266
70642
3397781
2716272
3483253
7880197
5870786
3987519
3635845
2673351
7145042
1922493
1927216
3488934
623744
1968251
1921205
4711880
3804219
383719
3262467
2273560
2254319
1030825
1748698
126147
106654
1686699
830105
211960
1646371
2004044
5473650
6201797
5077198
1867760
23346
6593610
4498502
7088003
245007
1107623
2254343
5904045
246341
295833
2191006
2553724
487675
1011520
6553291
5407463
2169083
6524421
2261729
1218794
7930850
3482710
3023491
5356625
3018067
299654
2230504
311342
1981994
64984
2429434
5579368
3777221
1817480
3677127
832405
1091727
3459084
2434595
2254403
14168
2233902
7343376
3936156
7713800
555402
1867721
762230
865958
3045
454229
199775
3678424
7108315
4598605
1088782
5557414
3941746
1439395
1918844
5445704
3217324
4068225
3440994
1885213
486755
503179
2283170
2581171
71427
2563902
2457388
2623712
1853498
2078548
2233055
2183665
6218266
4343785
2611282
510126
23271
231748
2673313
1425900
746475
3481338
2019180
76576
342957
4502503
152680
2960
6997693
2129286
6765074
2223187
7872043
6101327
3499887
969507
5190738
1548957
5112794
1869021
4079521
272473
2831549
469555
493512
4361093
1173870
2167234
3871233
2291947
1086034
5566561
1123900
521693
3004788
7672993
792875
8149081
2333698
2435533
1922510
2312368
5645176
2735053
2102743
833372
1490791
176775
3966151
4911262
3545453
1820684
90524
998722
1892099
2740059
6445045
8071107
2048502
925358
60553
3270159
195791
7083154
299453
474135
3943818
2839381
1915571
8241083
2247352
6402371
1526724
1706119
6637850
1495803
2230498
752492
3303727
6322684
1892844
64067
1866800
342951
471517
123018
504413
1920876
1276870
3678414
258601
3826608
363044
469243
5171324
463718
7385138
4996333
211411
131127
7388635
5418277
2538471
2855673
45222
2239356
5637238
503220
480950
5654777
5097161
2249869
7117177
489433
5333039
2043807
4122027
1963370
6053985
1748703
3319023
925791
5508290
749296
704351
5066747
4887979
1893244
5569614
2099438
3865222
56189
3660888
1213857
589552
2673343
454313
5370449
249895
799954
1833524
5537123
1409794
1972378
5396474
6573935
1613129
4829343
8240724
3960248
3536668
1043583
6716422
5538945
5314751
3598876
3498864
6593581
1250157
47110
3408181
975263
2240622
2580767
1527002
1566879
2284877
7562714
5563627
3242052
931060
224573
799741
3937586
5566642
342947
6696147
226373
5902487
26294
6343934
468946
1920320
6670059
995380
1633479
3767767
2126437
1421582
2784224
413717
949289
2218489
3940247
4352022
7884563
5199626
152646
3957848
823200
1110344
7545547
7756260
2247347
3301899
6322682
2223274
3618118
3412505
2559086
908
3428151
2583895
2869077
2250758
3194108
1919837
77229
1349990
44364
6675070
1408549
1018086
3862863
775546
5562432
859722
2430948
6313584
469504
6792573
1078517
2623709
5949835
1982337
1892627
1898190
324150
2165177
822787
2200492
6265280
2272543
925643
6190930
463629
949221
4902517
830004
2390442
4475813
996940
87370
376477
1183505
8168907
3936039
3505185
2253935
1014243
7706675
860901
1029799
45226
949233
7817880
4752982
349813
4142869
1704937
1436974
4054464
822971
8142016
2572592
1095260
139491
516447
1107352
5648053
1892639
4420956
3969680
76508
7875748
73487
26297
7980096
2663845
703849
2893684
3937262
1947676
64987
1706074
3759342
3172103
1035355
70532
1281660
503980
275716
1972897
5949846
2009955
469513
2673331
1301983
249760
7090751
6147282
703882
859257
3937545
3104526
917362
1478315
2715170
3318687
357929
5741397
5038358
1771980
638486
3348597
469490
6515604
5322941
661753
749566
64075
3188856
46971
3528210
143690
1002623
3341373
7557238
6496656
3471040
5960606
5879752
7677214
3541082
749578
1919650
2327341
67480
3777109
2270914
2624109
1526776
1063702
487665
5532839
70660
2564272
1453108
5097037
1910656
2405252
3490073
1907456
4017680
1252722
2259653
469850
171112
321182
810196
2099433
3649859
3530601
964059
361786
2223175
7611720
3778423
1117923
1972621
1727243
4511704
6762309
6451193
676201
3872472
5357275
76500
4067525
3941149
779390
668355
4090538
4266278
245843
8223787
1602584
503234
77220
2673340
1967582
157969
2465781
1209786
487712
4042938
5968398
1818796
5478762
1945137
2484188
3680503
1603144
2230456
2417322
522978
2248383
951135
771759
3382947
3941006
238966
196027
2557211
6584567
919958
4054536
196113
3219040
3940126
2254379
70619
3671600
3440624
3670455
3284942
5790443
3619406
800560
126132
1035352
1872514
3946041
1896101
2565268
4868243
972896
96722
231098
2110163
68669
477361
8076703
7120574
2336367
69114
780561
2267757
1918588
1288885
7754651
1134678
656081
7545126
787949
8295961
1078431
2217928
2652918
1963411
2048106
1744091
6241026
5413859
2673354
155079
4162574
979755
2375622
1018026
67484
5340322
161602
1173904
4145993
5396843
6037409
3486467
4350042
2099423
1972624
1251356
1593303
77618
3311378
3591456
7249255
2626587
1636949
126123
252841
960069
7783867
2687094
3972337
7809489
480028
4431589
1912691
2081893
1191953
4754098
5256321
5073538
7874940
3970077
7580135
983739
469423
6053968
983799
589546
6210763
958700
1703766
5513366
2613320
524890
1605899
1814474
503069
3411479
3397784
4166694
7868390
3303682
291648
725521
198419
953166
3254129
8129683
1309429
216909
4197335
2676977
48903
3668792
124778
3936019
181543
1913933
2226876
2456565
7283720
67476
1922835
2218383
1928583
1944001
2794
2187570
3331312
951755
3397787
1453671
111036
6052814
6254636
3451104
4646916
662804
949033
942989
1990481
2435530
2254280
6491650
223187
1331238
2457989
3944398
2272483
1108406
749563
4713266
632
919972
971850
7561551
1216360
2428
1973110
2013726
2167245
3972277
3231153
749540
1089139
1221376
3624025
1972912
1874278
3332867
3218078
2779438
6324447
2982406
198362
793016
79264
3242050
3335855
3000314
861904
2240613
6448296
1466489
112297
2965
2532203
3656142
442660
67491
4119946
2673337
2987130
7941494
1826144
5287758
1966607
3936015
3677154
4909245
1965514
545423
487685
1660919
5333156
599
291570
2685887
1956034
231580
4173916
1680249
1915959
3378366
435817
2254287
170883
3304204
6210754
661867
2580792
1920356
949023
70540
75895
2096851
2715921
2909722
1588231
7516416
3736324
4084382
2443063
5098335
106669
8142685
1753523
2393967
6330945
56186
4758818
4457629
143848
4289825
6353154
469456
7561860
1743175
469289
1867715
504563
5461705
983736
5552680
123039
5886396
1016071
197440
949286
4843686
4291054
4454858
861304
3193733
476847
6660883
1842317
925766
2286788
7521664
487598
3939353
2980893
6294465
2250024
5520651
1308076
3048838
1721774
2469124
3200739
1301538
4341368
1439409
26718
1302886
126096
3940182
3738764
3047
893581
3960155
6071537
805300
8133260
469519
487628
1822580
827725
7505876
3284510
5069302
160542
122737
3648666
1454349
1993746
1218809
823750
86028
5647070
1660913
4652467
1349984
2769140
2127200
3381509
342953
3024646
7928514
4934882
833838
291670
4055369
152648
5331302
788678
8044910
5498633
1991572
7684315
295894
1893578
67448
977487
127616
4758035
2806187
1109277
1273846
1439406
3535672
1690258
2614255
2336354
771402
2183181
5567781
3937497
1907988
1968028
4885416
1220770
983742
840851
3239327
539653
6877061
5949828
6041873
1277240
123025
1418457
5235101
7881120
469518
3019659
6815101
1439398
1866797
67123
2250404
8152022
3003891
1002591
2010657
70650
151540
1969356
6602062
7500608
479478
3943722
1130361
4164121
504707
5332826
4116114
2243205
949277
1908018
70651
3939346
1991691
3941740
2977741
1823479
2431932
1329974
804697
2473210
469411
2286780
3960215
749397
6522634
2254292
