5315369
3049284
3375381
8035829
1768438
6351976
627649
5905109
2585333
1980160
6751963
7197248
5428589
7709525
4491787
2446529
1926600
3104955
2094238
5490158
3331444
6988461
7360397
2105700
3428512
2067606
5968362
2094233
5387030
163962
1355362
4012963
1937932
5410746
2088528
5460325
5398254
155775
93752
2614629
741082
2087266
6963765
95098
1886523
5902326
908067
2139993
8313431
3258430
1532734
3429938
6329174
6489848
6071409
2476840
2064136
1959803
159481
7827004
1311195
753768
6490433
63083
976628
95104
4047107
6210972
3828897
5373684
3167152
2448807
4318777
4072897
2254022
5554232
1474750
6708216
156300
563693
163931
1256548
5713944
6490418
1320869
3164120
2386625
5020299
2013180
337285
6229283
6189017
7193154
176505
273261
1433635
6588796
6943118
335305
2445311
54320
1964171
754355
6877670
6871702
2948510
2629403
7406869
2754070
3175466
583792
7528417
1886759
5512587
2764086
6365833
5413765
5310624
4693961
3728480
2176249
7714436
147231
553411
3267108
3812476
3809647
4046694
7535864
114605
6861830
3267102
1257585
5494198
346916
4830560
549687
6598873
7153631
5467805
5744118
169512
319722
2504483
2239500
1990123
5574207
6209963
1198057
678808
7219621
148983
851295
172615
5494409
7412534
1914665
6840092
2807896
2085396
337156
2884188
110532
2282930
2169402
1059940
6432056
5474095
3264263
6229859
7606818
1081486
161061
6489854
2000107
377513
6378049
5600730
3954889
2419188
5499285
515662
1054426
1118670
7122316
5221201
5777643
4831090
5533505
741066
143848
6603469
6711646
1769304
5466962
5412866
7637440
3259887
7965025
885340
5070324
1980196
1924598
2053655
2741355
2485726
5466766
1128793
1945027
4301384
5650369
2812842
3815914
1914579
5806772
5934315
5949063
7380450
3622261
5807209
8061349
6094050
5947720
2677190
7507983
608007
1454206
7827187
5615123
140025
2090062
2090306
6989117
6243781
7121497
4901234
4898605
6293322
7370987
1648119
2801960
1503183
8166541
326928
2069268
2119205
2090058
965407
4513884
5549835
6993939
6570055
651445
3255150
3726707
2109274
2386845
2013225
6418793
835233
49075
3847274
1069195
7678189
7216497
5603803
6242547
835985
5478762
5424473
6876707
57098
2273444
3695877
7557187
1704515
155529
2425743
140022
273309
1333440
559894
273492
7160062
302103
3960043
4829948
4044053
3053136
851396
4044059
5932149
6143073
339699
1921099
1481875
5796995
1954472
7477831
6908613
2005940
7714402
6641962
799495
7272371
3816296
5525972
1968390
3983765
6228299
5323595
1869837
2105780
967729
987308
4265044
5354397
764994
564252
2086088
5707828
1279668
387090
1947700
8002532
5794980
7158142
1565710
761178
1575651
3430013
156734
1005251
8148005
5668898
5374351
4689926
4709893
6474004
5633425
5065046
954223
3368168
1433621
6678393
3153278
5901763
6203689
2381093
59686
3809752
2139723
2737910
5498062
4420320
2307832
5929669
863411
2483252
7501510
5474306
3166899
6071593
3264258
5963599
7108959
6670547
6551001
5405012
8056336
1374785
2166766
7241558
827049
5942604
1009521
6367567
7963704
7125569
1998853
339693
3257029
854457
5310612
2311106
411195
155820
3178142
3047908
3183428
6429054
4784512
1945183
7488908
1925351
7892434
3147343
6054875
2453876
6678601
1441787
3527970
2085102
3334274
6973280
5937616
2109297
996988
4045763
5668886
783649
6168015
6878383
4336638
181730
6531909
3954567
2085669
5914161
1987394
323175
5018466
6701996
4827861
3047703
4713205
6767602
5601488
1577378
5424449
8119181
3097387
5051813
2080335
5713864
1660650
2378138
2175467
8000483
167193
6144286
3140106
678337
6989267
3819424
1417192
5523714
5369394
5764320
2779981
6467271
1730407
1226621
6489402
1701145
1261459
5426500
5935684
828528
5395086
3987557
273285
2400508
3141653
215465
607674
6693381
1945667
8145898
7954037
1276957
1433625
7906147
1928830
153859
335284
1958409
6158740
1750804
5632738
2773052
1082522
965411
324377
7458771
5467338
7510320
635801
3221819
5694068
2081174
2308783
56394
2094241
1239676
1433148
2649015
2118017
1999756
5535307
3153404
95099
8040362
867065
2171088
3190108
5949460
899370
3920316
10552
6944658
5687598
1727700
149333
6415679
3985201
1877125
386947
1937904
187387
142258
2389583
549375
5569812
564133
6942524
3521827
2744530
683236
5532786
1937802
3987162
3049581
1907802
348183
7561272
3331464
5634135
5408934
5542314
1096800
1584779
1622457
2152056
6680928
2542482
1574498
2131009
1960161
5535535
687836
4938150
4457747
2023119
6164936
1465818
7828486
2360685
2750071
1986882
1986879
6676729
337291
6168380
3432145
1925957
3171490
855625
362554
967633
8339661
5582261
2483960
7035091
2243535
7607943
5909853
3815842
27556
6125279
1417215
1439540
5636471
4324695
339702
1704485
7096359
3586390
6516344
1444524
6874591
5431246
7667302
553698
611677
2845427
845745
782652
3826794
5369914
2087220
255962
6669948
7527584
550181
2091197
642514
2431646
5467818
8154118
3720378
2229108
1613903
682993
2019204
3401122
6757091
5552226
3845770
4249509
5467623
7508038
3049082
378478
5464407
6739665
7041403
6287326
3991698
1464522
5540490
6695068
216588
116017
7136536
339708
5386877
5461729
2721887
6344265
5913000
568642
1436928
6678014
5425077
1910241
3334276
5311853
6599848
2096254
7141152
1536117
1886269
2308762
1980194
1792583
3730075
5540376
1279679
18033
6695678
6365680
5311711
1748294
5572252
1658651
2082829
136965
5470185
583228
38599
608010
4674520
1257566
7039711
5213388
1256523
2196222
358371
3237522
21505
5538279
7708439
6675137
3267096
358410
5473457
3104721
967631
1320896
2087018
1724279
364683
1481882
1082333
6227529
6164319
6365701
762705
2174438
3337284
2758670
3847382
2169462
5701051
16701
6328971
2389288
1683973
16717
965414
3219712
6348021
102574
3174141
1096793
350117
5534496
2452334
5466890
7608870
5758695
754623
6387278
7554859
3427266
6891092
7721713
4982850
6757107
6365011
1986829
1633488
2188414
1660498
6890767
5669069
5650762
1960454
2103930
3261054
3805421
1957034
7821590
6874594
3167910
5904216
976756
6054971
6945959
8166708
5665473
159859
2053698
3410954
66049
882346
5890167
6705438
3159743
6081382
683245
203925
5907480
1330086
8168351
6708397
1582512
5918758
4298506
1927424
6437348
225953
2765473
1332288
6144283
7558633
1944870
3164123
4049398
16697
16723
1617458
109815
5636353
5025723
1945640
7800686
907920
5846492
86266
914338
3034971
6159450
5761374
4496372
6366160
5436169
5368772
7127236
4070636
19388
1239532
5687724
67005
1831336
3335108
141206
291176
1911945
155469
4980807
894246
335317
7551098
1925153
5638595
164334
5776853
5459953
6683465
6123647
140937
4497555
3005791
995905
7982599
1467630
3006065
3134691
3176244
6700266
3831716
2381137
6988450
5634299
5524352
6672545
7938081
156304
7582986
229951
5026073
5941735
762728
1410734
5378841
1929964
2884563
5478769
6579780
5954519
739885
164354
8218326
322493
7173565
139303
5512611
337289
852819
1925356
149118
1926054
3183663
162879
624146
2775626
6656952
1760336
8166496
741015
350121
5645657
339711
180928
3161832
277028
2117996
3168145
6228605
2447520
578209
1149579
1570353
2213369
6316858
6073739
1819272
7029211
5962572
256249
6489845
7805928
5476432
7552087
4203776
2094235
273503
2152053
169591
5713550
6916686
981637
5977584
1522945
5410584
4442427
7709528
5878517
5544774
5473334
2005910
1009151
3967104
1279694
1553838
8282360
5541942
334346
3159506
5214689
1177621
1122544
863171
164080
235251
7661147
95107
5686138
2164797
4336674
2232306
2203297
5567869
5430840
8171764
2051155
16366
5341792
243637
176477
187483
7249269
186191
2308152
7792473
5310590
7046368
845808
2154257
5564272
6162933
4580141
6116126
7103244
7727537
2578322
1898307
2083417
5462047
2579056
2577442
276831
3939489
187507
7215125
5368168
7952231
5892195
3821467
7827252
156365
1412218
6039007
5583699
83560
1054498
967163
385136
6432107
1980157
3368476
334364
1927573
1925448
1195017
7121779
3050390
7637114
19874
2238560
2105688
7558346
5413657
1229544
6215028
3764018
2005913
2424635
2761020
3266435
6415263
6569874
7806942
7335555
2355351
5467438
8213633
6228179
384989
6842411
2744812
6519516
1319640
5479566
6283231
6160712
5467889
3167793
672062
7133922
5385564
6428389
3955212
1724282
1970961
5026670
4049581
1928604
6877519
5625247
5473343
6878263
2069382
1878610
5369735
5312964
5426563
6226846
176602
5780007
7764766
5152825
2085660
155573
343001
6657363
4870999
5876905
2763077
5650104
1908728
2005704
7440818
6266341
5898849
6657567
2424771
5369495
4697181
620129
102357
5425556
227774
7159696
6173429
61043
154135
7556177
2744349
1854523
91994
6416052
6424217
6708349
596107
6435875
2505318
6773808
7520480
3511944
5513449
4896737
998422
5471153
1511236
3334712
6658035
7809297
319092
2142101
3331467
6229997
6711628
7627931
73619
1060205
6226800
5545464
5969570
5473338
5431212
2281266
1274592
171533
2196846
2065738
665322
7560376
5473658
1539244
331152
3809094
156312
6167355
1913908
6533276
1382370
100483
4989221
5951162
1053993
6943654
2450744
5479512
758049
6489857
2301551
5241143
5544451
6145824
5467808
2088526
16663
5880515
4032061
326925
2090309
6744717
6877681
3832008
6877664
222875
5960202
2051767
6854969
5525317
2744139
34734
2067611
1433136
7825417
5368724
3545144
6506829
5368452
5970650
553857
6276898
2485670
1246202
1820684
6551166
7556284
2808394
7291502
5554375
5500668
5544754
1459665
7928036
2907065
60493
1928368
6969085
1873922
2132569
2419467
907927
6432524
2907197
7260180
7451686
233105
7233913
7902308
8243157
5380644
5839563
7120195
542167
17610
5459040
8291539
5634957
3423964
5394717
4324227
2496062
3267099
391473
160560
5687164
2791763
4301891
1617467
5706117
562346
5635863
330935
5488684
8003377
5907197
335288
4829343
6716422
4397835
1958381
1294741
4709986
6660951
5848267
6142686
141093
5394802
7067592
6183934
5574106
1828366
8335900
16702
7161290
5460736
1271013
2440849
6156258
2189911
7153760
7963309
5921134
5710953
1542613
5550326
1633437
387913
555447
1633476
3368165
148273
2381845
5467763
5910552
144003
761736
2399305
6878266
4698951
2069364
2782115
1682503
57176
5336938
100250
6329300
5897839
5901399
2085672
6490093
3163170
5538124
7781179
1391647
1119417
238359
5630303
2500661
545576
6854972
6039019
4070967
5341415
3334244
6721879
56289
339696
2228127
7718869
6580684
6953846
7700388
754615
353925
7067595
7526417
6431307
3910864
683293
1520464
2676446
6723437
5323403
3810420
2881979
7827589
2429677
553696
2003354
1276717
49156
7909623
7797899
3192246
4910202
3260565
7345040
4269776
6849055
6579801
1418811
5649490
3325737
967698
68088
5632827
2166327
7407054
986060
101587
5512755
7607940
2389616
5274177
7712798
5368040
7329587
4497930
5410599
1808917
635567
4023074
2489109
6093966
5686591
558335
6791833
1055018
5847788
4849219
6190508
6439248
509291
7224908
2779528
335461
2051476
4314058
274821
3440057
5601280
450554
153853
475844
2082469
7235045
854454
6671380
181893
5519864
19594
7282874
5899793
7735593
2264973
1220751
3163104
6280385
8013715
6205829
6650705
4068723
1892397
8334461
1271005
3052489
473400
2402893
4498520
7910018
6584656
3238136
6585761
2499400
5950710
841310
386035
7599895
2078896
6775030
6532020
4914366
4269683
2379407
3728582
751798
555303
1918216
3938489
384088
5519054
6954356
826133
6226092
1393081
1463292
6094023
2069513
335491
1537661
851213
5913398
1122557
6695026
6575123
573683
2001967
5539995
6045189
965405
4499109
16513
323317
5386058
6825171
6765352
5516581
5386859
5373975
2425717
5942577
2182342
337270
2070460
5118773
5000961
6160683
2071245
5649704
1650038
4673447
5477956
5415845
4690074
2291309
6884277
4078853
4301704
2653970
5320980
5373093
2043620
7495143
2069046
4254854
3818851
6995422
6229325
5644975
4580374
7260766
3264885
5315340
3376255
91803
2101623
1041878
3016795
7731774
3167924
1267232
5512681
6314971
5471528
2482852
240015
7368860
3271098
2093454
5493676
6117334
5920885
6232549
7553722
852975
2050815
5639858
6165274
2067626
5552488
6174480
1997781
7503738
4500109
6657255
3978795
6854966
5467709
5329162
260724
5690867
2085666
2748755
7906836
7714405
6596621
5600602
846833
343004
7637675
109826
7334425
986157
6204676
1986885
1433630
2090313
2049473
3729447
6339254
683107
8075962
6070828
4672696
573073
4023460
2907063
158672
46885
967636
7808821
2531549
1986888
751801
5545149
907923
5635924
7957507
6191752
1851708
5453314
1465085
7324401
2172362
5934739
2282018
8281891
5782662
1305159
7103260
846837
560851
5467814
2070259
5388092
6142620
256699
3326405
5398230
7402928
7451337
5387258
58605
852936
95676
5575697
2777314
5542495
5901965
7767543
4868964
229497
3984138
6282965
3289531
4199410
5578260
1081548
39413
1638087
3818998
2005907
2457905
579697
5932721
57336
4613079
6162797
591897
6365845
5909513
2104204
7153500
3270375
7463657
5367283
6814032
753870
6937278
5386336
6125956
2781410
8034845
2420557
7102190
6070672
5512644
1214920
57726
3194246
2312389
1050414
1365911
6778787
1692253
2002195
5701173
5488750
6226170
1886664
5557455
3170211
339705
6165987
182098
5116869
215759
5909585
1763690
1970664
2385614
335323
8123574
7607555
8336662
258092
2449472
6081413
5638439
235233
