3577981
2893487
2781939
2487505
2203056
2048334
3634026
4223433
6165286
4253355
2829141
4200989
5425097
7507528
3183176
2480793
6667378
2292647
1933560
2289722
3807615
4271243
2047752
2206474
3983265
2152829
2848897
3837071
5380676
2526485
5423216
4066883
4258096
1960595
4583266
1279631
7712805
4994083
2647748
5914647
2394124
4191479
4881357
4990734
2151817
7724761
7964840
4955238
2068212
5015176
2194496
2053661
2349653
2045585
3849920
3179133
3367779
2500195
1993546
4263473
2069565
5886923
2112652
2289718
4262738
2153102
3818211
2005894
1966438
3408407
4277870
2047779
6853672
4290422
3831299
4262735
6738897
3176133
1894073
2068227
2485769
4734768
2560186
3526463
4565727
3634047
1873671
1966447
5895564
5601358
3803684
2164355
4264393
2521415
2759342
3639093
5129658
2828195
2774424
4242448
3980897
4707748
3728801
2164004
5129485
2278336
2753669
2760597
1960598
2170630
3177279
1925876
1969316
3144830
2892596
2367967
2761610
5706114
6672466
4986371
6146041
2164094
2298089
5862258
5233363
4981352
7647294
2605976
1943324
3577989
3146258
2769032
5418669
4290416
3165309
6756995
3747410
2768179
3931272
4011439
3161357
4496072
2429936
2052371
3144809
5913114
3183188
5930562
7902515
2156087
2692723
3419870
3645678
1907630
7069274
5314222
3176067
1944643
3882573
2526028
2311363
4046838
4639298
4051925
2607462
4191374
4070390
4981245
2453506
3862521
3287220
3165046
4266183
2482130
2193418
2771475
2503765
3156838
6336411
2506065
4271168
2192737
2002964
2052426
3158563
2768985
5020935
3815173
2191078
1933963
4191422
5530913
6964580
4262786
2775562
3162302
2298375
2429220
3634002
4014116
2285319
6643235
4986198
6295598
3818118
7035700
5528310
5425082
5524668
2800762
2052947
1944722
4258012
3818214
4257986
2739820
3731828
5906826
5129624
4987014
2760727
3410584
5320065
4930873
5701867
2907140
2776304
3367776
1959172
2841327
3178584
3931325
3913617
5627871
1871468
4262834
3983660
2759355
2357201
4473519
2046780
2768317
6412999
4242445
3693165
2498157
6848618
2170407
4497183
4593419
2782460
2225522
5530953
2047728
2359247
8040457
2559706
5948762
2830987
5910868
2068224
3274467
2166010
2413067
4388979
3818217
3258246
1945353
2051458
2047695
3526469
3149408
6969942
5217610
4191485
2501532
2140613
4291526
2759366
6389120
3719427
2068149
6683345
3985974
5314227
4734759
2225507
1889203
4736501
2767449
2516024
4253349
2163974
4067083
3550959
2514957
5536323
4070408
2164175
2073311
2048303
4994050
3958788
2759339
2047672
6711066
4262784
4953100
5488486
3287217
2113014
3023058
2164241
2840853
2792497
1927376
2165957
5914526
1960431
3182930
2054415
3178110
7500585
4109542
5221552
2225687
4268713
3987648
4066925
5744147
3152578
4639997
5554940
3176079
5941438
4996175
3980372
3283582
2068216
4153583
3821947
6242054
4918993
2558545
2142441
1333802
2108124
2310767
3985237
2048340
4982220
2481475
1883591
2141071
2045731
4985887
4299263
1948532
6642317
2452167
5129396
3408170
7068563
5694843
2840760
6158066
4882587
6696783
4457082
2150116
2753060
2113012
3634005
3819004
5909723
3818267
3509744
2154697
2094907
1987191
4267334
4686904
1989489
6389135
3266237
5129653
3824377
4066928
5578929
1986316
4881225
6234687
3167868
2810598
3176106
2456331
2515177
3020962
2452022
7070035
4070369
2768325
7535125
1987388
3818988
2196115
2559417
5015115
2151843
2521630
