6227118
5016316
3162181
135345
7017582
3340139
3358514
3536117
6867321
1252919
3478434
5303842
3730500
4867849
7524579
7602780
504563
104551
4680573
3035013
7553689
5876318
2651563
1910674
583847
2129095
7889405
3667630
6233179
3927837
2663556
1947520
2329579
77888
2738663
5706974
2776993
230371
7579618
176090
6523854
5576878
3186324
6075873
22865
1529873
7907360
1144979
7900840
7755465
80855
4739291
217075
1044714
188268
1906971
885135
212160
5568342
894759
2174536
2521194
4303923
221755
1944098
858843
7934787
1214468
1069192
962834
7270492
3178527
7172460
6129084
7687153
6058614
8130758
6522341
3825650
64334
5609646
2551969
225112
6820068
1410660
7225649
7868456
7745016
413154
1931816
5745003
1537622
7507531
6181715
1590568
2471224
1967297
330168
6955890
6694536
7636994
3849318
1273102
4502314
5908328
180178
342056
8250089
7992196
4628159
2863403
7910471
8044931
3991572
1884646
1417563
5544948
7521344
6943627
5479458
3623485
4457345
6332705
4682103
739933
1994629
1118446
7952274
1932416
1967116
7510153
339577
4541692
5947559
8257927
6348796
7223781
3737109
382735
5640378
5412175
5314221
5796606
4013771
6403613
5251486
7596350
7705514
94928
1189350
1927677
5369561
5687309
7627067
849615
3642930
665365
4811231
2401612
5730082
2754157
7724512
5712204
5888733
8250011
73783
236426
60532
2118283
1315157
330195
6104130
2425024
3947593
6367018
4164830
1898372
2130297
7829312
3165680
4445503
4195409
5857667
2314870
2735934
2265311
7562536
7681808
4498520
7577866
678958
5376944
8228436
2194888
8330692
7599367
5749550
7507899
4999480
6697091
7632567
2245076
5410456
638513
1474656
75633
6777781
2489647
1108924
5327030
7542842
2044874
7849292
8147585
648588
2927117
1198051
3160897
7974564
962783
7666780
2077795
214377
4011902
2748382
44184
6955726
7521568
7558057
3071
1681112
5906989
1341181
2605300
5102142
767858
6428527
1153834
89596
8196069
7648275
2837761
571986
1191826
1756646
1334088
74494
160992
4583327
5533328
7173297
6605586
6005156
7639821
311637
4978153
7707355
597959
742154
7534929
107587
1970908
7850860
6895303
1745122
984519
329048
6484264
7675456
3240862
4488852
5792990
1080259
2304662
5765154
490501
188061
6711156
1829385
2761995
5576772
4381377
855033
5715281
3687163
1930094
8035757
1330406
3734163
8251212
556397
5102569
8229330
8284362
7855113
935204
7584813
2766344
493827
6680386
2156897
6951816
3468971
7545768
7647096
6160791
1053705
2510416
1956888
988017
2135771
2113338
1708921
5609914
5318382
1406161
5535005
5807926
7524892
452456
279367
4170876
4323387
3167922
4253689
3875064
5561923
1867670
102129
166306
6291775
2473625
7545618
6615697
7602315
2189428
7851649
2087691
2844061
6237677
2557429
4163809
4481637
1919093
16925
2214170
439755
6240617
2747536
5912404
1365234
502776
3980591
1496849
3540031
5393292
5656091
7887476
2413155
1215359
5005394
3982648
7576159
5657568
561849
1947343
5887593
216086
1968825
2355879
6153559
6861294
7823581
7716580
2552795
7711222
357810
2278431
5345753
44292
4828273
7706411
1998113
5656033
5689430
3205492
205650
167761
3729415
2164681
7559093
7500620
3826723
2469909
4497027
2131633
8004660
83551
5330214
3933198
7958529
5442125
7975752
821389
7523370
2357135
7979902
71877
4197330
8065007
211396
2125029
4159488
1225012
7830854
6409803
5537477
3035007
49332
2966932
3155578
5691834
7632961
101420
218664
3925151
2297456
8137882
6355673
8017592
6465052
3983997
1192513
1057238
2692684
4738991
7952346
7608720
4462658
248048
391662
58018
220882
69007
1701853
7792419
3679153
5426875
2693032
547641
7726422
566614
980236
1514348
4571699
5375282
7294379
531227
7108519
1873507
4537997
7722508
2806953
6697187
7782061
7555213
8024510
5888099
933219
4499678
39638
7531506
645010
20047
7951783
7521658
2576439
8142772
3677091
7979508
7514590
333546
221735
7635906
7939631
5322527
2004905
6708936
3937451
8213447
1484510
2307276
574207
1194152
8148316
313417
897967
3186766
5223012
7565976
3105860
260538
8257051
4249484
1644600
1954601
792653
1056406
3140494
1943423
8024064
422679
5988901
843734
2762876
2096281
1053714
1078471
5539341
2198165
3423545
6578120
1016383
388096
7537076
1398039
7636214
211713
2483463
3414280
5461729
597815
6184282
1877264
7712381
1308535
7617496
5554492
2078006
3838618
3848843
1103353
5834206
4586116
3218773
2482448
5698406
10212
16961
145258
3498001
228471
8159607
6697053
1888536
3238610
3044800
532067
54371
2621527
222016
4831231
4446873
1240062
8110940
7624875
2241587
2651430
2461900
2260814
1080064
2634874
4989291
6707359
7714694
331167
1315823
2839547
7526821
2755826
3207858
8126818
3413687
6559141
3177484
2010805
3760635
5313887
8025613
575958
6551073
3825047
82803
3035133
4360635
6354341
3955771
5310421
1084066
3245774
501236
5447327
1842441
5692606
8014367
8115378
7157
7033235
7554482
1240081
5734850
4553561
3410343
2279767
8250926
601687
2473834
182644
2487314
7704082
7170336
1545481
5545734
2544138
5567558
2196096
3331445
2151879
6148357
2760674
4009025
2085714
371024
3334282
53784
164920
6241679
5763687
7304157
1759999
8210381
3236074
7775007
84116
441214
7773801
6819987
4043523
2139483
2189762
7675471
2927126
5951288
8333610
98136
1954574
5993419
3165499
836311
8344355
5937725
4609876
7697845
7245604
4764261
7609341
2238417
7992616
4722249
1492815
7877007
6989167
2808488
3284714
5501236
160287
1933717
377858
8203997
7896094
5562097
7469426
2128315
7585182
4038960
3997572
4735808
984495
7558696
4929374
5431195
8028996
6167684
1308190
6336100
3388948
1634964
2768912
1028828
3182394
435568
3189937
690940
8214248
7606571
1965771
3002216
1476910
5711536
3050764
2566432
3226361
7876254
374116
5523561
5630447
1969945
2009524
8473
2149653
21784
1040819
3267537
7836807
1760139
3266702
2185610
1692434
5951339
73040
3158602
1942443
1533196
6227286
8049799
1963048
2238815
1897175
4457209
5354604
6711180
167008
466298
7951297
1462325
1272257
3514817
272818
7280610
39533
3260993
7538924
3164770
2828675
5520427
160566
2094736
1947987
7606266
1198707
5330375
602563
1805470
6930276
7592961
174543
2757761
4209725
2061397
2562981
3978345
1167171
6181877
1438851
1642513
8007474
5690456
2386758
2472220
6686095
5825022
3312565
5580674
7667633
8158827
4308808
8031211
8129473
5461234
4788362
656936
4699502
506892
1850776
2573939
145813
7506599
1927223
74527
4132451
2165575
8030482
7782997
6853828
2182547
3712475
3706170
4717979
4980377
5914850
8213612
351159
1874069
7966406
490280
763454
3165484
489084
1926874
1120722
856016
1545619
7637181
8150
2186493
3020033
7501525
609280
8318314
2165373
7727083
29744
3391462
3178476
586813
2838007
171762
7510594
1917634
3325134
366389
7690931
2153950
5872718
668559
7820392
221599
3729130
1926286
8162236
5677335
435714
5008114
152869
2246526
2854385
932324
603894
2241222
1740462
5904192
2775635
3254940
3871727
1323385
847300
1967113
5552020
7232131
1054242
1604978
7084632
1410247
763667
8084338
7488915
1743938
2724533
3679159
6785467
177261
1926943
5497451
7556489
5568243
5567182
4989027
7551760
7934232
1997091
4024588
3266760
584325
4543851
7233151
3140460
2765976
3185654
4141145
2158557
6233441
2688965
582348
6373610
1213188
5319278
5532764
3767806
222064
2604465
4324288
1996135
7214633
1534908
1238209
3104137
1991048
7517666
5374335
404424
3780425
2239546
2581481
7036397
2664900
216604
7962889
1069656
17883
2817834
856079
3170469
6148895
5341001
4870999
1606970
6196847
7966409
5662547
7888538
2520180
2807010
6791807
5343228
7253702
2616101
1745406
6444020
790568
59274
1053708
7661225
1062036
8116724
6183012
1921462
7970240
3825038
89864
8169044
95261
926734
2230869
1583631
3137437
5984793
152553
2226425
6430776
7673086
4948112
7037610
5427912
903554
7214025
6203914
2165304
1084500
486191
7521709
1110350
603475
1969156
7662556
2791042
2156333
532854
461071
404224
2168125
5277693
864928
3381695
8130524
4687374
7602043
5562732
128386
745493
2467388
1932332
1738769
5277510
2268552
932546
390368
8158816
7558938
5694048
362489
6318473
4155171
1227234
2244863
2051635
3813918
3215829
87095
7550455
2758212
6482161
71484
8007028
5488804
3820660
3358505
3047785
2425517
7527123
1240263
2737621
7505428
3175964
2113879
6197343
1943312
5532775
1225410
362065
2771637
272733
2492479
2464585
123640
7293178
5904250
830981
1999875
4220555
6718669
1957016
3180676
3766704
4324958
2755685
7736459
7503783
6768741
2460454
2756479
441367
3969361
4972887
2151435
1460568
2488051
5433230
7826688
782715
677120
4070990
2356500
5822399
388539
2484552
2425027
1511197
7687164
187243
1394904
5322520
3023336
7625665
4262893
7077259
7898583
7554058
1891931
7576288
4350510
3959315
2171020
5591284
5426284
7719657
798914
2182408
8210291
5333641
161811
953791
2329287
1981050
746147
7484146
8307401
5760378
7554974
763387
475578
5640886
784906
1949213
331591
2759589
1065812
2723592
4198048
7632561
4277871
331731
5686468
229575
1060965
7290681
2054578
6316581
4158133
5856231
6659646
1505200
202484
1220720
6444014
1332836
83590
1191829
2443311
2341815
3814951
2169327
182345
5381840
5662196
2023426
798947
6039862
1029487
5714347
7535568
2489644
5884142
1927228
8296720
2127446
2402427
2155206
7706623
5748407
1787925
5459995
2068734
3218659
5663117
2747733
1545799
7902419
2048974
8046447
7694297
5909915
925260
7647513
374338
6574689
596306
2639960
2760591
3164069
2487608
163907
926848
1947259
1365725
270848
799841
5706441
5392046
5398287
2662175
3926974
7881008
5095391
8215225
5129614
7513697
3847224
5930164
5727138
5400288
3874574
3355535
2503704
2218831
1995925
3001179
1086134
2387184
1090014
2737283
1740249
6356223
5203640
4495609
6169767
1432058
7133853
8006586
799132
1939041
222139
5768130
276099
2268645
2380873
3025508
2599009
94098
1247178
3266345
182590
5908480
5658353
332615
7513668
6761528
1644597
5543177
354349
2409479
8093026
3265584
1053699
1225433
165627
6797186
6551013
670221
5649601
4934930
2743237
3660914
4180252
2139621
6541221
7949398
7825336
3478931
5027928
9073
1089993
7759718
77732
5871807
7973912
6851573
17341
3461442
467958
1423083
4420647
7293075
5813690
1942454
3194156
3334462
1969026
5541942
2876809
7656448
7531978
2088410
3628668
3862943
143094
5313375
8087988
2804877
6797882
8041921
8093591
4168084
2625853
5895564
145315
5803964
382688
6502748
3203968
7044457
221623
6494800
2414483
5513527
697729
6046640
6957660
7626740
7554575
1365243
3016174
534411
2744436
425377
6057947
3204149
2759727
6708622
3352189
2413052
1730469
331569
6232386
5778116
4263368
7627885
127386
4501677
21508
5314338
217081
2352411
2113632
917224
1998749
2457680
2055964
6760179
7768041
4499876
2468822
3374577
2565082
5251450
3479212
8104485
4144069
7546119
3668887
5940520
73151
233076
470
7824478
73349
1444902
15731
5533931
5529031
3278193
2733864
9098
3554864
6456074
1950175
6693315
5527915
6586140
3817000
7929126
347060
109647
6197281
2254930
2011687
5814352
2411156
3819952
2284948
931697
8167058
6234957
3448620
2733605
6240425
3747455
8123254
7647741
1633982
2845343
6689810
213016
903541
179701
4147879
453800
228198
7046929
1322767
491660
5930221
5655359
6764009
75793
2047645
2802116
8262859
5015265
5477767
2521177
2154850
2579011
891655
7720718
8179968
2169330
6221730
2111202
3812960
2109863
2352115
5372850
2681130
2108912
1646857
1652174
6949677
7606815
6232165
801321
2744585
7577236
5541127
7859755
7599564
1694126
7627177
6339383
7396169
7910462
7902644
6298792
324954
6378823
1798685
5913216
5738088
2067786
5258829
5528042
3439889
5575301
6600733
6954750
227501
8338027
2202252
211819
234773
98357
562871
2174599
2661826
6950508
5152739
2777617
1340998
3434742
2755446
926689
2161223
1941878
6150963
3019985
2493899
2729769
7727849
388139
3413961
1227080
273636
365366
3123975
174612
7627357
2157993
29750
7032257
5478381
1570374
661650
2781341
6282713
5469534
1746949
7541166
2781067
7551433
1021509
2221225
3049373
6378091
2756894
6204861
2843854
7861498
4576789
2153060
2173328
4596562
205406
1177684
2464137
479386
671555
2285026
6196655
931843
3647702
672787
48653
6657431
2924481
2239321
7832399
2160931
6900307
1947415
8171071
7669767
372650
4156927
7656298
354796
6581889
340908
2069388
3257863
3265954
5413564
6428368
4211292
7615511
144889
5338652
1220710
4459520
8229153
5491572
521444
818425
3656394
335371
227138
961786
7011682
64703
6181834
228953
7783593
597074
390255
8273
3152746
1892813
883595
47659
361547
2164300
3826207
7535183
848740
798940
7801664
3500090
1035381
8337643
1924770
1913185
7907174
2979734
7541165
8162238
7881556
4755569
2240667
490313
9651
1342041
4551277
441229
5692948
993239
510356
1969762
6068893
499334
2774583
1225398
2014237
2308528
1982779
666951
6436612
2470799
8110736
1959113
934346
6547331
2172230
203226
6816341
5932306
101624
56518
2629010
2048610
1848853
2909219
3914678
2039226
6311629
6054989
1559521
5908617
4536349
6549659
5218143
3217018
7688247
2628619
6275521
7804638
4369443
5749094
6101524
3659489
42202
8146069
2349665
1103261
7900618
1544261
1968595
59064
501593
7469624
5249646
1740077
760388
4194201
2752109
838603
3824516
4353820
6175204
958995
158275
6052728
4188183
1160424
6888008
1928532
3741482
7615401
5933275
332130
1240368
2150637
272660
7714589
5744775
5936212
1492386
2264346
8008159
784531
7626143
5372030
4497677
901414
1532460
7604035
7593149
3234457
8042602
7809574
1418857
382324
5536223
1877344
204585
209120
4707321
7716291
6916782
2855059
2749860
8205968
5837537
4204777
4933128
2664767
2392629
1707524
7214301
1998866
7681047
156584
2163070
7468517
4371466
2400090
2486481
110457
596592
987614
3176151
275413
1971584
7126228
6544462
1813191
678610
3366158
512909
2419429
1466126
6153678
1334015
3945722
2516458
7234743
5855472
2563890
2128165
6499902
8203297
7949620
7661582
311290
2246523
1955215
2744535
249052
853876
5386529
5940847
6815501
1616896
6222777
1239952
2239141
7941773
2036911
1744578
3167230
3637890
6327620
5949774
3168742
1048631
4594294
5681365
851666
59330
1225747
1323292
5312541
5939246
1910474
2078074
603849
1505977
2309011
6294458
5322760
2378291
2413119
4109847
2140220
249091
7514634
6649537
7963623
7546270
4662744
5897481
167686
2754970
5020131
4502067
5309567
475749
2772233
801864
2452355
6855269
4686226
4700635
3346959
3816078
7609544
524372
7706513
2211089
2064897
3169739
897714
8197343
1080062
2360219
4159994
4462151
167222
1599729
1331961
7537121
8024082
8213432
5329744
5425770
8110835
949354
386769
7626563
3230924
762159
4323477
3443276
6234472
1088082
5290048
1105912
3817459
5453326
824330
5768645
6293529
2409790
5679819
8250509
7652604
1701697
8092476
2490881
5620410
5892285
854535
1191715
3656978
5309943
7968903
990825
1742041
8202952
6816357
100402
16669
7167854
1494637
329349
5825160
3035022
2113006
4161982
7721404
4390482
5078475
3814648
2396350
452714
2164318
6326669
4986090
7538831
4382688
5651574
7636462
2120594
76716
7527545
5685820
7549972
7878022
3638558
3815101
980934
2308301
3537395
3708346
4868366
1343937
8428
7312712
250300
1729684
5451497
2496547
2604681
402907
2086499
1945452
7674766
2470137
5680314
8162547
7647519
7545412
2482534
1927226
2346633
4257295
1760134
383299
1077646
762791
3939055
6403371
3265184
5962788
2521104
976792
40432
5125542
1692353
47655
444358
3823723
6320779
1875110
1947379
4490262
6551205
5345750
3913551
398349
1947373
1021074
1361082
3161784
3667357
6326667
1996081
25784
5323916
61594
1955474
7627243
141598
5834214
473850
2521433
215537
3941809
2808584
5688410
329412
1986979
2323943
2158249
5908379
1884595
3464803
2231394
1053690
5993033
4847162
2204047
2775371
398157
7004512
5368764
6672442
5632860
2871866
3712887
1968772
1492142
247175
4204549
5530917
225150
5401986
2172569
2770865
3422916
5942844
2699648
7632603
7876656
4611073
3991714
1587529
3833196
2014778
3334300
4695460
3460188
3005683
102570
3872380
7918275
962185
3674988
7859059
6213075
1090229
4990733
74077
276281
302841
6536644
8212260
125054
6890702
8200320
6696177
978387
1989044
8014796
3938492
2490139
6644004
1988744
221788
1311889
2387326
1934245
6657255
1893292
1359163
5359653
5910491
228204
2815401
1649030
2057329
3267543
8043820
7283687
5765240
831317
7594991
2845613
6536895
2238428
7724069
3460696
335263
2390376
3822503
2036938
6068288
5319608
6995741
2783430
4556045
4118092
7334804
6363126
35217
3335138
2692804
2014791
113106
6539924
3333539
6469419
7529785
2753019
7917901
883344
2477067
2002354
676482
1283492
6292189
2482615
7281738
158120
1354318
371200
1873641
7414743
7318132
1365211
1436261
2774589
7608889
2180932
2173877
2214365
603075
6936500
8062315
3982113
1886356
1989365
6581888
3047267
5936787
544692
4474173
481761
2170054
6545287
7869766
7843892
7124960
95090
5513897
6845773
2774655
214962
3483243
139481
7864819
1044719
2265640
7032734
822778
2279803
8110928
1139985
3947270
4944469
5714169
2214969
1353095
4201557
2414357
558854
3983349
7902629
1333638
5526565
1991425
144561
2361190
7372340
491208
4336468
2178235
7034157
2412176
1536984
3035016
1926446
1599033
148898
823604
5776254
2591551
3276948
2205249
2470045
7470684
2558582
5714010
2253306
1499741
7867715
2239168
3621497
1898335
5902753
5863114
6569364
2202113
7941857
236111
977213
6848239
5943241
8215287
2837906
859644
5714968
6951471
5825325
822733
934158
2134281
8263028
335368
6181980
6278981
2271055
1044717
5097296
2392683
332567
6395096
2770802
6288410
219499
4151388
8243294
930331
102693
8305463
2837944
4520717
1285551
7611954
7418583
476007
5829875
894032
6797246
9139
2553562
3448617
5319978
8053415
5087011
157151
8115307
4632237
7417436
7809282
4270640
2496867
5873470
7930029
145207
855703
7536185
8160919
5393113
909145
8086701
3155503
2773965
1833661
1540627
6241491
7874619
6026626
351892
6275275
7073845
5425542
7631939
5470128
4307773
1989494
2623096
83938
8116760
3265829
1942580
7526636
4489667
1276855
3962306
5126312
8061403
1841148
274782
6968260
216514
3673659
5346521
5984797
8100437
7509804
3470093
7289640
1575459
2312589
3154893
2778458
7928346
3944124
3215498
435921
353028
1054368
8038478
3182221
2153932
6677704
2142439
596891
3166506
3981702
8046359
146677
1721093
2253593
5931141
7955579
8091597
2254439
2453411
167674
7614563
7140509
7632609
583366
1882303
202488
3987279
1655899
5846507
5388169
1883201
3378706
313399
5339274
2160928
572495
7617499
4341989
2189070
2692964
560192
7025333
1703754
1926317
275290
6355573
236929
2244791
7458035
243740
4200809
374488
8284532
6338835
8222533
2010769
6282845
5310675
1344750
3155500
5711466
2927120
3678240
8020693
7526615
8202412
2256330
2620780
906443
7109626
8118484
1311092
957414
2432491
3278363
7069554
3050725
1970170
6817148
2155173
4623708
2375652
7905378
3803560
5619742
1870459
5686621
2650028
1333019
8228263
6682668
2066749
1052009
221992
582621
6772828
2189331
6582989
453882
1489839
833148
2172240
143870
2607889
7039071
7611297
4117704
2154838
5059563
7341024
3326341
645038
6038512
8041437
325641
1140594
3278163
738388
2626773
2867742
2717703
2092195
4473561
5911860
934343
5339260
100201
3308794
2779996
2386773
6775072
903653
7656380
4011962
342507
3665527
6006062
6243265
7511859
1149262
1248888
716916
8275663
1001148
312490
2215062
16238
3466497
4458530
7885797
7221488
3425876
351859
8003030
2822247
4211291
6799660
2326516
69860
8000171
6137423
577710
2195906
3107977
6333340
6359697
452885
7880978
4685642
7727987
3167684
2019579
3818214
6483307
3232644
2886027
1890854
3814265
607863
2377957
2837947
1893470
59271
3018714
1081475
1474540
4150814
5302012
5528134
4831090
3630029
44265
53720
301170
2386680
7173804
531601
5101595
3267534
1462307
8336600
762529
5634852
1044734
7568019
7854056
2237839
8057690
8216017
1058881
7607055
3152794
7535212
2051358
1286929
7675242
3940027
5019087
4621618
2495841
3203886
7526039
2403746
3653298
3679401
3991261
6233739
1653788
1242204
114443
601554
5070649
101510
8215941
5314519
4158593
37409
3807997
7035263
6302281
6784514
1536784
3218776
2578546
277985
955096
2062766
6514409
2005362
1517321
3205459
1672780
7681455
100797
7862380
972275
7324362
7531147
5747084
6785856
3385065
3636120
7584208
102393
1309631
8023091
4866047
1084410
5721773
9239
3609074
5620487
2017870
2784068
3329909
1069575
1821839
7521634
5906950
3024649
5511249
7506968
5385743
5562736
4151748
5551933
2110660
2199089
5542813
1972232
7600160
166527
6931854
8105823
2729733
2158705
4869775
458191
252655
4917469
6581954
8229150
7841355
3378033
1417593
2272192
6942929
5744046
935190
6502207
4809557
1741633
275820
1960337
8234022
6192781
1366793
1835348
4988396
5637625
13876
2061783
7736441
7697706
5658913
1937748
2297165
1305479
8031220
7501077
1351902
8089551
2416368
976995
5715091
7809440
2285017
6284944
5865724
8012509
7877340
5349536
7689338
3303667
8048196
269061
2755502
842773
2521038
235896
5368037
415492
679437
3267598
515789
8123245
271927
3263560
1990490
6591040
7600962
1947088
3760638
7888535
1278903
3162082
2207173
2358486
516625
7661090
5526158
362471
966288
5207927
1277056
6514821
2232706
7521149
6244300
2759805
4049202
7559013
8089857
6855264
4805852
8271004
2178187
6533425
2195534
5140840
3980215
7562737
104159
5906677
5803757
7606610
100448
5899446
3411523
674553
6195534
125549
5541544
7244559
104827
453644
1362130
7647489
358831
1962302
2436034
5778523
5795767
6155686
686261
2055688
2844773
278213
2382499
4930188
5643143
7707569
5466769
7871265
1079950
217044
74086
1494460
2749904
191255
3108192
4423883
4652873
5857804
6387439
2353739
2837981
897964
5526718
2014799
6816335
6158989
5984958
8096873
7706866
189148
5515160
3815908
1191998
1444255
6514763
8201318
2177637
3961714
2837863
1999633
1442955
576449
6481733
7508910
4186379
2279680
161223
7058338
6288521
4015865
6816344
3659894
981610
1330711
6672657
1816112
5558621
5915000
34720
2392614
3970488
5426560
2474706
6775933
7907249
7941585
7609201
6391970
161391
5938313
4123447
7617490
195782
5950872
3393451
7577572
1336005
1495199
4279583
4341314
3389633
7501357
2851023
210838
2226529
854251
6153361
45161
2179951
2832990
7589246
7909267
3823997
1839833
8006325
1139374
5575494
1987457
1135608
5473956
2651170
1007724
1211346
1727715
5212891
1298551
1659492
5332012
6288577
7899708
2731632
1093554
5699672
5116433
5929970
6775330
8088238
7553055
4015826
3775737
5492331
3374759
3273074
7794854
4049961
762377
3161357
3826950
796014
74573
18
4680321
1160537
5413727
7932365
5027053
8100641
5488555
7659818
2051257
1192310
7044196
8125309
7682088
6365699
2191276
4431127
646506
6670206
1663771
490352
2729721
7871807
8309690
7178634
2171394
4983922
3164728
2139477
7647948
7357457
2848309
6842284
152872
351183
2020346
6395056
4264188
7123144
2228106
7546872
7244818
5810137
5984805
3418773
3257777
7986630
761030
109650
177416
7644717
2069621
7627564
7578083
7627688
307590
7718227
2231021
69256
1487056
1105972
6332229
7554733
1425256
3334303
2523299
2382410
3051709
221732
86260
8310366
7635720
4580143
2049962
4704414
7578760
354946
2762852
1926018
8333397
7826123
5508209
976517
7793189
8038115
2732710
5557330
1788559
441232
7808830
7831401
6739867
7542531
3417458
8075826
333063
7044538
7394675
3988076
7566969
949456
648289
5693633
1011382
957496
1140542
272561
1227431
7606161
8162259
1001609
1523778
1658591
544809
876991
8159461
1983430
3962229
3018591
6323139
2244339
6359145
3169624
5312619
1516507
3088161
7327576
5524571
7808843
8160800
4499554
207415
82330
5371536
6318439
6674323
7637303
6008507
1077239
1945136
27357
6994453
3375780
7628825
4594140
44436
4740954
1993722
2157906
4189803
925794
7289951
839819
966947
3649866
2341447
2154385
7722511
4398025
2154361
468048
4334552
3163730
1220472
2581834
7876927
4807774
179131
2094665
7521203
2254454
1335718
3513668
5431107
4138950
7682825
2167002
4257280
7134096
7730015
5028181
964334
6606852
4153531
2731892
2756710
109607
3389768
7501469
8244582
5321013
4551211
1137906
7666684
139365
6601429
3956536
439016
71487
5914218
60537
2216025
6351752
622968
373030
5699904
1048611
968294
1213191
2163577
4691628
3829023
2580094
2309278
7118483
840816
3768582
4485381
6027307
3193847
7035367
6817861
2442607
3814897
2274687
6682485
3383022
603717
615713
1077583
385219
885779
3847160
5376436
7794303
60265
3153278
6533318
7037319
2607486
5477942
2142440
245600
1062003
1226352
2393300
8142862
2728206
323432
5798
8131602
178693
171401
7768182
2347612
7920927
1839797
5190774
5124085
4674240
597794
17970
5426078
68925
3372317
3025533
6687211
2815321
5461645
1433097
7876347
2642234
2693085
146279
6738579
5338518
4323967
7355907
5221717
654262
5502424
4212001
7899729
1501271
3269865
7085024
7863148
1674401
5312682
374617
2489785
2779234
3390386
1879792
223517
3539364
2107694
1460565
6363729
2150529
164125
7870662
7646185
920771
4348934
3164225
77317
1368662
1945165
5327390
291585
933014
2559134
259279
4193492
5671535
1897307
4926194
2175989
3501565
2203143
8333474
7500284
7655128
3647314
2537811
7638271
1393237
5373672
4128626
1713304
6225024
231512
7336497
5361470
1065235
1160701
93580
4692045
1217318
7549872
597175
6287149
7945835
2851342
2107362
5714808
7704447
2494639
5567062
3825367
435860
4831522
1867178
7314675
4255980
211881
7535101
1003150
209099
3988050
512903
7950870
4960941
6184906
3047807
8042570
2376733
2278903
4595210
1295087
5613049
7563393
3162996
2054307
1804808
2608399
7646585
2753015
5370469
1083545
3707396
6071894
740467
8212897
389936
1053439
7550975
7977069
355141
2475083
842197
374302
100366
6192858
2202498
221638
7596833
5549760
1227909
798709
7638049
5401098
3522332
204513
3528577
3263203
7935644
1794671
555501
5748413
2560102
5094746
1151042
1084063
54299
4568102
3655151
2236086
1633381
7526612
865553
7064455
2720595
7122366
739260
7660398
7376579
8176206
142121
8296332
2169138
7714550
612292
103771
7710788
561322
1928129
2179155
7817547
865990
2552158
539039
1763435
179863
1365963
321053
3509511
4108249
1746889
7126573
2413161
539044
7656542
3987617
5369587
1646081
6650004
984108
2651558
74017
7863480
1924338
403472
5392983
2563887
5076682
7015195
7035598
5684713
5460184
5805525
7487689
6677884
3915162
1227816
1089822
6441944
2235013
6569220
6988371
5950908
2400073
3841665
2692412
2828195
379083
3950337
2090134
7829519
2066916
252295
543012
7523359
8115939
176225
2070007
887409
162177
3835201
2024114
5873602
387033
5335244
6361946
7962939
2297141
1885064
2116236
985860
5813444
8148236
3665618
2909677
3050722
678157
158135
2289028
7314060
127389
2769318
7849900
2425687
2771723
96693
7833975
386799
1804400
204492
2044895
1925868
3287719
7560948
1908473
8053401
115996
7206640
2254674
3047370
147277
7833678
5730090
2778671
5766152
5911024
1169052
10048
4703939
3390641
3361
6393630
4935246
923671
1727667
2233845
7501798
3566451
4243542
7185330
2323577
4456466
313445
204309
6387475
1664028
813632
7537551
627127
7822860
196830
2491167
2081604
5984784
1542094
6548145
311026
3677226
6325443
4067080
7795160
6705434
1061673
2733806
7606818
1460981
4066502
2652792
2395906
3185657
394161
2736636
203968
8069251
5315079
3983949
7146235
5624190
6458203
222691
8296371
2386474
2484200
5665197
4147597
1053290
167140
7727298
6814363
7542923
1646929
248415
2057293
7923798
7818982
2247712
5730080
272637
7575666
1967355
3814981
1917237
7773978
5057701
7601202
44229
7677361
2456973
3956017
6576876
5341636
3371661
236298
8296177
7033229
5487163
3177568
2583013
4388297
101702
7737620
2441856
6046444
211450
8017724
1706680
5461393
1874996
77668
1550123
7553909
5452625
558581
6515081
800764
2452301
5497912
7512014
312829
5099119
7648308
2052426
5677947
5392938
5732693
4595462
1277276
855966
6581913
972493
7640509
1105735
5964067
5514773
384322
589516
7560879
7288970
7968173
2487198
2166940
6168233
3918701
97513
1973875
323314
2226538
2489249
926686
4686702
7627384
1185772
5376200
7521720
5590692
2045311
805639
3446970
1922582
8339295
744905
1057571
3377510
3592641
6663277
7657847
39032
4476389
5680062
3152911
332152
6238766
5695541
4715951
2043293
7760258
6245014
7921833
232038
597803
6689552
2552038
8155419
3153534
530587
357073
3334665
7763760
8305672
2069061
2868612
1862499
135934
5293095
1545673
7559750
4979211
8046809
4983918
7933398
211468
4585399
4499463
3669185
372644
6884271
77947
1152750
3804974
6711614
4772242
6208630
6041475
7504757
7017577
1963874
619149
4161059
2132079
5860466
5320305
429563
4266491
3460542
2202537
5812579
1052572
7069512
4252299
7806349
922870
6034537
8146286
6378247
897666
2642261
4545486
1570263
2473259
4869411
4105492
3675369
1542591
5461808
4123231
7584646
244920
2749580
372109
2113626
3979108
7562545
2212233
7648189
380074
2018137
6071632
8136246
3821690
852308
5382944
5915966
145111
3164549
1526484
2476017
1927358
5512957
5509061
2763670
2850433
7899512
4326107
8281055
5894385
2057333
2740237
1064489
4208628
7542537
4442263
860187
4071344
5122513
3377696
2375333
2214278
8065632
8006428
3514577
5765208
7047158
7655007
6672451
575478
6687522
8120016
6054751
8341681
2118270
7755591
464776
4209031
3646198
2309740
7829180
105322
4210624
3384080
665395
7904266
1910414
5880080
3166898
950753
2787247
3207158
8304744
4563797
884848
6108178
8284143
603888
5765213
8254535
7161242
1926958
1709378
8155743
5776632
5288518
5373759
8118091
6335346
5911648
2481720
7590323
25460
6738722
5552208
7855268
23331
2054634
3046474
2751111
5962125
3690754
321383
7726885
8097828
491871
1893821
6243255
3673018
2212795
2483663
1400096
2071547
4951800
6739582
1492398
5827567
7854484
2043626
7862488
7704157
2486026
1752614
3614723
4369009
178935
909346
963206
3177712
7876452
7619125
465613
35964
6677920
5524999
5831261
7383196
333594
4932079
2237016
5413639
6295196
7891626
153061
1885079
599719
5578556
6054825
1138600
564663
4226913
6901533
6731193
5921815
3709747
39617
987722
4681759
2054506
5360576
5563804
2518254
371860
6694960
342089
8005465
3178279
180058
34508
362495
5634462
8097620
6776555
5742558
178833
2336088
7764176
108055
5314616
7133536
550214
2457781
1210526
5686600
161211
768586
4574966
1611282
1888470
3777768
2394485
539041
5383346
1025232
7722110
430118
7206580
2726831
3528241
8142406
7928895
6005153
776791
1661132
4399386
1682647
8178600
5778346
4407633
5880368
1356164
5949598
2749806
4254887
338031
7929179
1578477
371680
2613320
2529865
8121528
5880022
6667114
7744966
3085368
5494110
1959966
7574863
5382985
2113638
7942018
5612217
3287103
559807
3378700
2156238
3805479
6292259
8304714
4158762
4121573
5400694
2579408
7784794
333561
969130
56537
7341221
476868
2067580
430046
6691825
1397296
2349668
1211563
2781103
5712160
2195572
3820404
5671748
2127415
2615195
2717184
2379114
2415997
3334671
1942661
5984799
7224518
8147854
3050719
337047
1709588
6923929
2521767
3152893
3268650
7535534
762731
3260180
2876518
2267010
491142
8341454
3478743
8134276
64337
353504
5464523
7556096
221483
216739
2010382
4990119
1890051
1190885
5118683
220379
1933921
7668798
6819884
3970944
4144161
6694513
8218974
1934595
8264012
7505910
4085020
92245
6296002
5661739
4994983
2045338
5556449
1369626
624994
366314
3769716
6213036
3278154
3168146
763131
140247
7562524
3010264
4208920
2374564
157316
6680332
2136482
2002538
1633411
7505048
5493050
5622470
781777
2777275
1368927
2050073
8128576
1990522
5419713
5529998
7659222
4573160
3714238
5203703
7562654
2200107
1914973
2542029
104110
2113714
3265201
3178503
2066919
146108
369603
1494457
4022904
966282
539032
3189542
6767233
2607736
2409516
2386761
7627423
2176476
1611190
600579
1962556
7683107
7068440
7612254
56760
3105359
387340
3836916
2802011
7582214
2843524
153265
1933963
2782875
2783193
2565531
19993
7927799
7636908
2557334
7894302
7585654
1096008
740415
4271276
8060280
2009682
1913119
273348
8130663
7888586
2248835
6798170
504100
1285875
7910468
7439366
2350290
324144
2783040
2219371
6683513
5425052
3451807
2783669
3396521
5824986
1886464
2183403
7389079
6934130
5420441
7626323
7567663
2149138
6063967
5021325
1948255
2627608
539035
5489672
981532
8149030
2004485
6428554
225388
1967002
5580032
6994975
7556881
1456779
2750250
8055132
2088005
2236854
6190611
4337998
2272036
4154786
5578712
3323688
171410
8144449
249721
101555
8146544
8070001
2424352
1886837
448855
1914838
8186423
7538017
1829383
1334490
7948999
63974
7624899
6548451
3285250
7706719
2101225
227732
1300552
8084112
7714841
5054145
3949507
967863
3360710
2623783
626920
3139866
5824557
2764471
23827
4828553
2010993
6343425
7755429
8091603
21775
6816763
5372136
7712957
2261999
1084281
830661
175086
2174621
4098122
247157
8305681
4893418
6701981
6183484
7656190
8254346
1252856
2085087
6668136
2379132
2189649
1834932
5340186
374266
5513690
105067
2770888
8230546
7622540
856328
3167672
6785425
228512
5661925
221032
8385
229686
7801784
3970117
1386488
8262664
2837941
4376326
4831130
2231630
824236
2255444
2160480
2695168
1659070
2663476
234560
160878
2211074
7724626
84191
2564442
2567529
233943
2085705
7648269
3005716
7524276
3845587
1658986
5943259
980907
2887726
2131630
1924233
6816338
5910847
2181996
5663394
2177481
4082171
4806871
2081375
2249719
2872285
2154019
2722302
372494
141470
290216
2754896
392116
5735351
1137933
4990122
3267546
1368813
5374323
2678414
6116467
6437423
3940608
1829310
7018275
7141778
806820
5025822
221656
5955496
1153276
792824
826572
1332564
5576133
1314807
7647552
112159
4693423
4828330
3909518
1705894
5371988
7615359
86995
2195202
2132600
100612
519642
4159294
2456475
2523954
1925994
1966479
7859782
4159769
143495
178836
1745507
2909569
3628677
5880284
909652
7509891
5336812
2292271
4147181
3948458
7585675
7831371
6068953
7833645
3873861
7612004
8170
7501430
8003821
3962333
1877383
7528432
5836044
4191152
2126401
7526950
7628197
6659895
5088212
2563769
6601615
3821673
8158914
1965920
145156
4163064
505701
8060932
3053453
4208253
6245951
2078912
2758957
8012638
1898271
7553291
768274
2181290
7924569
6996976
5320663
3253118
625006
1304350
5913834
402707
2876091
43968
6394845
1431424
3035028
6431169
7700731
1705811
3853464
3736246
3664307
5762617
8092343
5601823
3667075
482638
6361258
5536608
338680
1391749
2244782
5688218
3379309
3257965
7718429
6328368
5806814
5403649
2765783
3391564
4208914
4123321
3052282
5878310
161911
7928937
1305491
8035127
7902398
1647364
2186614
4579931
8100575
19837
133889
3834021
638534
83587
4867381
4700616
2389567
1758376
7611324
167232
4522592
4830737
3498588
2158230
3460541
5603425
1920167
6214771
2762145
2309317
2110229
2164343
2309090
1920930
2521533
1366757
4143992
3018216
4574987
5368541
1160315
1142931
3948314
215762
7598410
6201511
3208789
2049875
5410118
7514250
5532074
2141841
4126635
178582
5133966
851985
1267398
5532433
8171011
3672197
5695688
990702
164231
2131153
2291843
4264492
3826213
3430569
102501
5509991
2520424
351538
6553279
5864440
1152047
1891747
2837406
8326141
2216998
7834584
381036
2241177
7521334
986794
2611020
6348799
3347118
5373765
7558887
7531326
2009754
7661387
7714706
2460214
2479803
64721
4978474
5282050
2841934
1703883
6487269
8166630
5484874
1531390
2349972
5806928
6447392
5918758
3510150
2086394
1521734
6061655
1945602
214128
4989018
5395157
1861960
2257390
6497791
612763
3998285
5342228
7541880
1153267
482099
6273172
3835576
7524652
362507
74551
1453849
5686126
143354
7901735
2414575
109665
4404965
8068909
221677
2085449
5202698
3418697
375607
2171998
558187
7500497
1861853
144306
2344944
5011362
2821461
5067077
958894
7892320
234566
6579735
2723538
7286658
1986858
152433
5337152
4249918
2011131
7320345
8134807
1219452
1751906
7161081
2141070
7510533
7809541
7275899
6714625
3373096
6665290
6215155
7592940
3168698
8084668
8223319
2446947
235245
7333866
7290047
1901071
3558538
859072
7762876
2749535
7313478
8214406
2057347
4929826
21382
2446846
231676
13879
2369836
7420255
2844437
287088
5640121
5532779
3214075
146848
222041
2806028
7952193
4576980
1733970
3367969
7560882
1004582
59776
3845802
5361631
399154
6350760
5993041
3404105
7524637
5368927
3947890
127395
1065164
904944
7715519
5263303
7828124
3969425
3828750
5563114
228478
7235841
6788876
7951646
2440
5327277
601021
4950236
1945752
5911935
8362
102243
5877339
1273702
5594728
3526350
5311836
1927447
2460217
1982290
4069796
426583
5939483
6366436
302306
6815384
7554935
1308749
7941416
3278821
6694477
2011822
7884433
5916604
5950325
6074334
6377971
5333397
3223421
900054
351670
4496678
171775
6651908
7727559
91929
1998869
2736437
44226
100439
4990116
3167669
2704903
6532572
986815
108382
4336339
846550
7287096
5640859
7560512
2053421
3225189
2169333
4424348
1425768
382160
3955168
2864250
6207196
108635
101426
5466818
973585
7817387
7046234
163176
7748893
6201643
2748830
2126434
2201492
2486224
6969832
6532865
7783462
1568010
5337738
6226696
6277859
1458441
852873
196825
3010234
4154619
7819269
1929976
1696850
935884
2975256
8078888
4012704
157232
2559459
6995899
2068842
1580365
2489766
1883189
5770190
1971473
3623787
6905945
3728846
6247597
8055887
7517410
2268864
7935417
5493046
3948467
5468566
4368395
4114340
2493499
798482
2521062
2744493
6101541
3829452
5609601
6581504
3819945
7901399
4390373
6330574
6995704
1442739
8218309
4987545
4692953
6395959
5916376
434676
4145626
7849286
2220545
7726212
3334668
968022
3649285
1935793
2309831
7270483
586172
6763674
3794701
3021309
7558642
5955353
5868274
2159879
2187227
4196379
4244835
1539619
7489984
779751
2080014
7926084
4701604
8085380
3385530
7452768
792881
7825547
2176365
8145528
5984775
6769731
4344852
6280750
2652888
43995
7093463
2222740
5914140
6182993
5279777
2074819
1999933
1011269
4321219
5684699
4185465
4189854
214974
1929565
3939374
2838505
2463087
4730649
1085666
2068641
336708
3390137
6916608
6185340
8262705
1948624
5187927
2370316
8158919
321149
6233444
5320329
3733700
5898212
4667293
7632823
5648294
422682
2489288
4496814
5851055
2138781
3494324
536631
7759651
2221484
158036
374308
5337925
5034995
5691497
21850
4254583
3023967
1096757
3223916
6537902
2414560
5415863
5702690
177216
5386385
558542
847578
603669
2601291
112198
256643
1647190
1055150
8403
2803172
5952049
2408229
7068563
2436061
881603
1135164
5409209
1987871
8204399
7655130
2207539
8215572
2107406
7506337
6738588
5891515
3621506
3367785
589963
458077
7898538
1061761
2086274
7803953
4283514
603687
6816347
142913
6472942
548499
5020135
3331903
5382953
752639
753004
4831336
5331233
5329049
7965848
1306617
4544379
2466679
976677
3666712
4838309
379498
2232943
900122
388415
2806049
4974888
7880768
2837956
6972273
86338
1874732
7032876
7627519
5374353
373544
248450
3699603
2187361
6954837
141736
5813375
5924658
8145502
4198054
1269356
7521712
22640
7681080
7479007
2270651
1558119
3150358
374546
2238377
2261462
1079339
144841
6513938
7583339
4702542
439752
7562668
8187616
845345
37381
7855337
1945338
2228923
1489912
370175
74367
5099134
3521410
7448408
7526328
5339699
2642282
1329917
5318575
636502
337519
2203056
5645494
85313
3707294
483916
413016
3672012
7665671
865472
6296160
7500692
4498782
8266311
2528027
3189784
6693471
2278920
239304
6394272
4290290
7726651
1960158
4358371
5454110
8149027
5643653
2456931
7511490
4412903
561612
157859
6244297
6917434
7822122
8185073
4140656
7580567
1672278
4552607
2068962
5336433
1431691
1752536
152585
5638385
3358422
2749841
7536192
3831551
4201338
1252565
2661560
7951609
1526921
906330
6329040
6476588
7879917
1389891
2460662
2424939
4608947
2991596
7855870
435334
1607882
25788
7064627
2132837
943010
2767434
4519913
556077
3979137
1072218
4814887
7897661
3981406
6389890
3600044
1120240
6294254
3819888
4265832
6602084
5759960
7546549
59686
1464394
790301
157879
852134
114437
5109481
5493441
2621808
7466074
5871696
1958309
3985940
5871883
3434745
221723
2166574
2081040
5576874
973582
8099857
3813963
4211602
7501366
4851935
4193518
2428498
365656
7632959
6815417
597791
6122360
7766715
3614574
865845
6450417
761483
828430
4570875
2813733
221918
1334251
6787091
439021
2510961
229890
5686321
7363231
3164129
3208149
2175254
5761699
2394951
348350
2767170
2821070
1686126
157918
8170282
6687223
2724965
3661813
6683080
7552604
5369635
3358517
8138215
539053
4822479
5390131
7609381
374323
8163444
7021800
1961630
1348708
5037222
7541793
5915219
3690526
7509251
7558875
7579990
7534922
4410232
940712
5751758
6288574
3251672
1277125
5444659
2996478
5403287
4157848
74599
329738
7114158
897872
2614394
5532948
320951
2178719
6247606
6781657
7466736
4932841
791007
3663114
7560221
5964031
8164143
3259049
6789859
4014299
2619651
5713445
5919530
8270770
5775311
4268150
1105017
7554317
5949595
4046694
70240
1358622
2069322
7610868
2385012
2152252
6051404
2069403
2185540
6944002
5561674
3765800
7970108
2377604
484261
2770147
351865
158177
1142937
2371980
8292803
3980391
515859
2030953
6196634
2841553
970140
2744949
5655303
4030662
6891690
8295514
3180159
935222
1993314
2188599
2591145
597822
2779034
1919574
2531040
7550809
2251697
7636495
7858721
121304
770662
2838541
2205786
7756581
1989619
2053073
6183853
3050713
5590267
2355873
5795328
3971205
7592957
439010
6910739
7704567
3035010
4886074
2469282
3671727
3457251
398421
2563775
43966
3982302
525210
5462864
101546
4618619
7683254
2224343
3578070
1350616
8131426
4560744
6192006
501818
7898430
3160910
7804644
3164971
3478952
5019373
86998
382684
4193425
2138544
7683701
142522
2138844
1307096
7585930
5533997
1117269
7698960
6600040
1330548
6670873
439370
21506
1926578
2233766
5561111
5894253
5525924
5876078
44428
6816326
8032062
7531758
8005852
1256011
10045
1988200
2131770
3970848
5766888
6943660
290798
1943525
252616
7505980
1874354
7042429
7525390
7949880
2860701
1192176
1272227
2508107
6994264
454452
1723900
5685629
4498758
619041
7542381
6226686
6673085
2865270
5340623
1394351
2404895
147018
7002964
1483503
1924773
3639325
679461
2989148
3111521
1727510
7669795
3984000
2381956
4510970
7767646
7928840
4194141
2004065
7553966
7768140
6011582
1100695
2390379
5041318
7877966
109659
5547120
7537800
2310956
7578097
7659455
2163441
1342469
5689944
1907341
4945574
7234940
6158334
5593153
562442
8257294
5712296
2676078
316194
2156709
844588
2715365
5846959
3458215
1930448
123733
2400105
7892134
1405197
1647193
6696261
5747081
1276525
7727774
6068637
7813827
2160683
309985
6984651
589708
6009595
2184114
5333394
6527233
245672
1707473
1948000
2176787
1927220
5460055
2523329
233441
5873213
1040301
1967688
3619109
254555
1955012
2282823
1882403
5513003
5097458
3955705
3166272
2207250
924219
3271125
3267150
2440566
5447502
2774320
3035026
29396
5432105
4956726
8218293
7681818
7705392
2254993
849447
5466790
2217185
5427103
2208536
5590343
4072045
6206468
236290
935220
3577885
7579206
8212679
6392933
1250385
512918
7685986
4202131
1142925
4608000
4471735
28230
4199982
371374
7136839
7727993
7591795
222088
126836
3592173
8086362
1744481
15696
6071593
1417584
2725524
5477502
1885487
7555291
481432
5416396
384206
3329402
6144412
1808563
7802084
1680825
4596744
47094
5373045
7268624
5762376
77265
761138
147216
4536354
1966879
2202492
1006078
2443993
2089820
484774
1234829
3456367
7501388
2508985
3705467
7979520
221809
2206786
1934529
3183272
1873108
3552454
5133262
6607537
7521278
436302
4261605
8102546
4028215
153082
333519
3162990
1672758
365149
2777515
1603039
751526
1226072
7485154
8232511
7225648
319731
1883198
987599
4068680
104557
311593
5408166
2010015
5459560
144727
221602
3936749
6484912
8147438
1225146
92109
3283561
2200723
7307913
3964924
6605803
54142
4549735
2331779
676812
2217542
2157909
726324
6860840
440026
3674856
8256428
8159378
6494556
199019
6303762
557643
4212212
5609644
225008
5950878
3153731
2045584
5399838
3185173
357383
5336561
1120463
801477
2505068
5292164
7636384
7768149
3920126
952845
329448
7633765
3082421
490350
3621083
98108
7551141
933047
4686905
3181061
83741
5078299
7673015
3675669
3974581
555885
6875235
584
1086223
1776515
6042178
6428251
2596052
4151886
864387
3804977
7299997
5674124
2766027
5331909
5687227
204439
1305467
5859843
8273305
4588640
4201001
7233079
3052791
2760678
158046
1934176
25827
4150895
7716309
3155297
4152168
245598
277094
821371
5099266
214065
2550527
415474
855110
8115089
8276821
7554374
5534960
7784038
751972
3354979
3777211
2836542
420955
7955746
5133516
7756491
758702
7343007
1410579
339636
1079322
7669039
1350610
86992
1959404
863562
742157
8046133
110158
5552464
2523906
2837662
67434
7765003
8337994
3483252
1330981
1331025
5539350
3694332
4046084
7771878
56474
1760489
407406
4504951
3510278
3239504
7558881
840274
517018
6665537
683188
1908921
6062998
8178445
7466251
203753
7877496
7584981
7647154
2343169
7715972
5361682
2023429
5647088
6819806
1623835
8139782
4347198
733836
7538306
2068119
2521344
17754
65170
1907409
5796077
7509284
472804
7689284
1701376
34048
6073012
5799182
5601633
2281039
2808792
1239949
171527
2050957
260055
1063506
7544586
5432959
5330930
7835330
21542
6568321
1619195
1724293
1950402
5807072
2200304
1693189
6254065
7566983
248290
2361618
4310329
2186806
5513279
845141
2492297
342443
2374420
2188016
3785195
1925165
2551
5813801
3160045
1927166
1994028
1606241
3824293
6281885
4251330
2830273
4778003
3164526
6218838
7280535
2807604
4057024
275432
2748886
4149458
859077
7935204
5533766
4504412
471129
6456065
165296
8300583
6411464
1533208
2469831
7327715
7361431
824203
2015361
5704818
163869
1013967
6297806
2760654
3192449
6063040
5561236
3176076
4574385
7794589
5513351
1060265
2222954
5925928
6849826
371924
7825405
2786501
7634769
6668215
4678657
5532725
329484
6976744
7609112
2658708
5124175
8044283
539047
1332135
7531106
3182926
8065051
43983
1620150
1720388
3815923
2763583
431756
2852798
754957
1889265
1898419
5471703
2482227
2756438
758651
3384561
7555210
980287
2388627
7614489
7697480
1908476
6325611
2291005
3005703
2227468
114575
2420857
3941159
1918243
7578208
7648183
4194490
1647810
2131003
596442
968007
1325
4456777
1481746
6500547
5699421
3849082
2809170
3848130
2452478
7650654
3578076
6498938
1151136
57302
3448632
251499
5911273
6708423
1781279
8084208
1399866
1069340
8095573
2436106
23823
1617416
3107625
3744091
3700695
2113729
3739406
2539216
9260
8130357
3052959
2532761
1351212
5461615
4633396
596219
4451260
5813265
8184797
5033154
1875079
1483495
6184474
1102021
491365
1228471
144573
4196800
5737605
2116960
8282747
4208139
179481
6167755
1443634
1333218
7807448
4336680
1149600
5583537
2197581
3378066
8309431
236539
2013315
8234388
221929
7929662
1676966
4196317
7536395
7702047
1365857
221797
7912644
8202180
8084455
3462210
5909189
1105419
5692430
792668
7796559
1196016
315805
8340674
2078954
3327247
8124067
677890
6668410
1729646
5713943
44031
402887
44205
1378566
996817
7501523
2761533
8297585
2620493
6292039
7756177
2139938
7235084
907558
8086533
2547062
1486907
7552339
1765884
5578553
2366794
7087091
7021110
2057236
1401617
2722300
7280629
926851
935199
1329944
265657
404505
1097622
7999916
4384694
460653
435672
2047797
2441203
5369632
7998763
49330
3643742
7828995
8130410
96018
157957
7502650
2599882
2774811
7939028
5578559
3451588
3279175
7900028
5512593
585704
7677994
346759
205238
104548
2365866
7500560
7907462
335512
94704
333564
6506617
7521430
7771395
7615661
7901558
5383326
859065
16681
2526434
161217
883367
5712040
29732
926653
2481475
5463473
5552152
1808165
60480
2184314
3937327
2445272
7896877
4498737
2724971
148521
597801
1384490
366206
3351044
1225226
3414262
5654229
1490557
2100142
6390991
5370294
855219
2340737
6758205
6892668
169530
2083515
4225019
5718552
5713633
144965
739483
2146217
5386136
8004726
2006726
6955657
202102
2428946
4499726
7668491
5577840
3709318
83872
7032873
2020877
7535813
7471292
6328272
3179835
7398731
549648
5692960
898298
976556
2061379
7594994
4266415
568518
5416280
2853342
1925612
3216598
3986629
6471406
44269
3179205
4329141
368766
4702555
73089
5228921
8137472
6244113
7683321
4270469
516509
4210248
5887596
2241324
7526582
8149568
2251610
221662
5677266
6039702
1797400
5936893
7869838
7696759
390305
6668153
2067202
917374
4441780
6318587
6584699
1927012
3016935
2431094
7632432
7171110
5326328
6170418
7882173
2242616
4200043
2216915
6816799
8062107
2754382
7141196
7701423
1660518
2040898
7626488
2069400
49344
4894943
3909475
715895
839213
2260263
3665012
1721006
8176342
142515
935743
7647246
4850198
1286002
1318909
5287749
1835034
1395279
2245730
993347
157906
3486971
1618414
452861
5881627
7756543
2266790
2599027
7287589
2911832
8166945
7556501
7892284
7901217
333428
4279068
5746508
7644174
5310215
4545513
7615809
1278153
1427907
7578088
8209360
2763799
6472591
57846
589618
8176232
3830793
2578254
2128276
2151402
782718
7946576
4823174
2172572
1839899
3986863
7880009
4677302
7909724
2357303
5870162
7558935
3207412
1264414
7637247
8273077
267636
8150312
1539244
6724990
5400644
6396002
4272399
8076566
1142162
1870192
6369880
5249638
1912960
7724947
3341489
5528879
1308595
3183523
3207933
2542350
350510
144345
935881
1065806
8156879
2586823
2193303
1877311
7665961
7134222
4871079
6393796
1987703
2381540
6542595
7500851
2754448
4589926
30874
2047767
2764973
4068781
716264
1988064
5525404
2763999
6400910
2219731
7683971
2271148
57080
7397874
8233968
5554327
400664
6385402
7430258
764420
7597228
2270807
897961
8300404
187330
2340734
8285202
6377951
4869051
2270750
1897436
508399
3686116
6852869
6977535
7536252
2159603
3018222
8132343
8231823
5768014
6940644
3433264
3270093
217068
8024151
8015371
7892
6486071
2394975
4840730
8167831
886812
7558872
6343017
116357
8081555
322449
7298718
3156838
1363691
6911
6475636
1405537
3005687
1898437
7870165
8217942
4808151
7532647
5647159
374320
5428184
353974
1366121
5384148
2048739
7716931
5646196
7817923
4567487
7930245
675988
6887862
4489542
3640334
1331671
8166732
6302540
88028
925010
177315
7046945
5492545
6202558
5594757
8279576
7766713
5373756
4693452
6787800
4867584
6892295
7550816
7169586
3734166
3913964
1769145
3704804
6231096
5093901
2856256
5410380
1867386
7563940
2065274
6031769
4892652
475344
1733453
2189587
588629
4197522
7528423
3981795
3830155
3366521
2158114
6169980
3943935
7863866
4005999
7607369
503857
4618486
125677
2166547
4089177
539029
8068933
7557761
2188056
4830615
6391819
1915964
4811243
1910948
2458205
4630136
179875
56312
1946416
2290999
3731676
5422218
5676187
4553870
1981008
4212548
8201225
926659
6158778
74139
7096386
5367572
2055146
2277951
4536351
6388444
1545786
257396
3172205
4542405
7783849
7467663
8085538
3050716
5914408
8059269
6185651
2726903
6717
386267
3842258
1323409
6243324
6415431
519341
2822708
2062056
110979
8262750
7951765
4928240
7423739
4074669
8183515
6323962
5503071
7503789
2371133
330549
2844728
147024
7501555
4230390
4984015
3146265
4927227
229238
6582049
4199164
2004416
1672295
171289
5755370
4190059
930526
3873864
3624776
2764597
1299646
1971539
5507726
6486214
1890473
5562109
895146
1838039
214583
1147245
6961165
2085711
3274266
3940589
6797249
3334638
7701411
6600963
1465543
1024669
3343375
2280096
5320335
5909954
3819963
7258283
107862
965380
4576094
1561
824365
4194225
571293
2467
2807395
1729091
6027301
1074934
1970676
5993035
221911
6344309
2110420
6970344
161580
7765123
5532742
8331946
8142409
5917452
3500120
2827137
7879905
5385963
6378217
6504765
2271726
8167341
221815
5146697
7563576
5466951
4014499
8318273
3348371
3019656
6514514
3559795
7584096
5711839
483025
1950336
5399351
2612825
889630
5704359
4666801
2118566
7119291
218096
64340
2822590
5386322
7873150
54368
5566346
1852196
114572
5493902
2822633
2238426
4026698
7119820
6951523
4266430
1693705
3871582
7666217
7583057
6288707
7956218
6820690
4218557
5955320
6702056
1728105
3018237
2415260
2425645
2228896
3135909
1814856
374511
7876857
4500341
738866
1665642
758122
2057181
57863
958411
302592
6666776
4050869
2211051
7615404
1953196
4218671
2865814
2460971
1331214
98773
768262
7002111
871662
5937386
2521181
5328166
5227881
2689762
6738591
5337491
4488114
3288881
2577643
4002410
7808676
7621264
5530071
755936
5711676
3267724
341568
7592300
1933357
3386705
6570025
7625460
794544
4002647
1014420
852879
996833
6254238
3820621
7835716
249728
3201755
7344533
1366742
1671666
4869393
7919914
5212057
6462060
1228411
5530458
3840950
553599
229187
762478
225550
5547583
1052015
3367788
5427903
5999990
806931
7537356
4583302
39158
6816332
3162570
8218971
5647342
141461
2150119
4731445
4504408
7677416
2100948
1874812
2403283
7656181
974023
1096113
2336103
4159886
1606235
5730088
2392509
5518880
2321751
8129790
4617900
1545805
4499551
1914223
445137
2189415
7867571
8036566
6777778
1950348
6142548
3674541
2108978
7546822
403421
221635
1997898
4053803
1152810
405650
1265743
4681352
1564339
1022822
222142
5576739
2765060
5513858
8138735
4284236
3580698
8178014
7783780
1606526
3358508
1128808
6802566
7598880
4204587
4694895
6281918
2738399
839923
2049866
6450109
7130126
2528326
4673561
3123819
6579679
4099140
1675709
1773236
439015
398406
6993761
4618489
2924478
7506051
3383087
2004359
369962
2794952
797587
2200293
4336226
7216458
2838145
212348
4830618
7632475
1404421
3595068
7521409
2424685
2221057
1332833
6973611
9111
6247265
3963175
3650130
2044891
227694
3807618
1449903
7045111
2776944
7418580
1740285
6666635
5799940
5336995
2266528
2775344
6385139
4930191
198833
2068752
761129
2214957
6682763
768308
6538412
7014899
7459650
3170369
2087711
2425684
1400934
1002841
7529886
372468
2325664
6816329
6686614
2387304
2434891
583162
6363507
7935267
91841
2447273
43881
6969574
2735341
3612530
8041282
2195116
5416187
8310112
3622193
3962916
2188962
3985725
2820313
7848680
1051029
7876260
7293426
834150
2744631
2164094
3679745
5636211
7609752
7964091
4438519
135916
2665866
2269595
1744811
1395291
7281000
2731728
2164369
665374
1012707
5935064
4087623
6059971
7568630
3985388
2425131
1653665
2172440
550708
6318102
3962958
7551637
145519
7669729
2088035
1971533
984423
8341235
757714
59354
8030467
1110580
851477
4966419
2765987
7233892
7205019
3496824
8257460
7634035
3615567
2105733
2308446
1060783
689657
3160133
656452
7225703
3703055
2434876
3479420
156075
5514689
3289001
7775813
5391899
2738015
2168539
6325057
7509007
3257774
5622883
2152807
3948527
2762597
2740354
7892935
7930151
5885411
1872374
6605764
2079448
6846993
1080576
1162524
8306377
2105839
7551559
7880393
6109824
7501516
2768602
2483377
4652891
1970377
6142662
2118029
7755188
89810
3390068
7313151
1476971
7633552
2230180
144379
8174468
37858
2196114
6686369
1133945
3546521
5768839
1145278
825158
6240665
417648
3824194
5640163
7898604
1477910
2403373
7336246
4699685
876261
5455063
390302
2985971
4406022
2217046
7196696
8129801
5386805
3603331
180601
8162228
260070
753468
6853700
7509355
4593859
7537255
2349689
2763600
601135
2066871
6689495
5656384
7469618
5782300
4670359
8212639
1042530
6761241
7967967
1153216
442989
7637106
2693130
3836913
1400685
7837173
435579
912980
104545
466399
7564573
2866883
6668693
8168934
849135
7076707
7601639
4289578
1225856
5897397
425632
8035391
3820106
676461
5651922
1205698
1982113
362432
2759481
3279169
2932030
3824206
8276469
6501909
2304593
472870
2761527
5600780
171428
6976699
7552921
3163316
1483506
10218
5591281
1655866
1727754
5755367
4259064
342257
6816353
7583105
1768457
2381965
1930558
6781636
2896209
5746505
158245
7233904
7817969
7551002
4255535
6435003
4263374
4261283
1365213
8015231
3035019
2949341
1884514
5918235
5715747
6306576
5254720
7432301
2776301
7668556
7559052
2308027
4216103
4575857
2386833
7621869
2559323
7665246
559135
7980498
6538186
2375625
8300149
3159003
961504
7637109
5336648
7527983
7322996
852435
2558282
2035643
596750
2769915
7954533
2238395
1703949
109653
824598
2671250
2618832
6883359
692660
1964321
2002366
3088218
1928619
3939794
2088817
6816350
4536962
106313
1211262
7835147
5074152
2522418
109902
4368119
1418604
108815
1974914
7767149
7682387
8156210
953521
1397578
1152963
6841258
7501936
7532644
763700
7539713
1915112
1582307
2120351
2773504
2623414
2320
7555237
3701613
7626312
5767396
6247600
5748119
2508958
266787
2176308
1999786
3185713
5866051
6551977
5883098
5571841
2088407
7829225
847809
187749
161949
771855
1486993
4047140
6677856
4413152
2175014
2611738
2117666
6298843
4702470
1884697
6359495
1483498
6396147
252355
5486600
682549
2001916
753037
7380181
3510195
7505982
756347
5686588
2255218
3662924
4633405
766671
6741882
3998455
3426683
1092491
7675166
1314406
576078
2469684
5881102
150250
7523356
3162348
7122981
8168817
1954850
283183
6484337
3825907
3155536
842240
6547896
4201022
3531205
4254066
117110
8089472
7934714
8283080
5304097
7494945
1897062
5340545
176149
2085609
2371589
1089191
7767687
894870
991479
292338
6373577
8139110
7867422
1969060
7940669
8061712
5921088
8305076
1986073
5859754
4911790
2186177
17844
7623021
8273232
1881471
1982460
1368614
7563712
7779087
3440882
1873750
7537815
5812591
2150394
214625
5386907
7974641
4324776
5740340
832030
8158947
5707633
5400970
3166185
7182573
1956140
8166511
1659428
1872505
8262346
6488366
8075787
1967846
7870141
2168707
2724791
3257708
7721356
2729556
456946
8141307
2241207
8041602
7384393
3719461
156966
596183
3990365
1873390
214816
7773417
6970295
202105
1331706
2221084
4822976
7451509
4609681
4869002
92610
7951612
5913531
7690928
226626
366949
862663
2519983
3285196
3018639
1925183
1956088
461044
3167899
7703095
5428620
5575476
1489430
2098303
5143860
7500500
3161348
7663067
4219150
7644171
620305
8006190
7606789
1619329
157864
5747726
3053819
7546029
4204750
2227332
98103
8135419
932337
5931646
7856109
4266263
230330
3824102
8025279
585220
3278329
5574064
5034674
6306360
3460701
1968473
8301440
5513909
6514661
3936779
3985657
7498798
603628
3664356
3245477
7161845
7737849
144587
3517255
4065848
2408690
6143862
4980736
7596618
6764238
986375
3434799
5805819
8090366
1006183
2088017
7858365
897970
5564984
7198047
42196
3939566
7612251
182008
7287058
5387692
1232880
1251343
1484423
904938
7820606
188198
8307231
2175977
5735790
3279033
3243392
3983274
6678148
3178985
2508421
2716469
3931425
8224790
6057161
4202748
1487377
3684780
5690150
1968586
638813
4676415
1088115
8166913
7514473
142623
2953911
7794607
8188879
40166
2229390
1895772
6239655
3479423
3684778
2657838
179950
7898427
8105893
3820118
167406
8165799
4095888
987667
2000011
2830984
171651
1294735
1970155
3276921
3376887
1105852
2220387
4209971
2336298
6309905
6747445
524420
2253749
3216547
3231275
5062157
7894413
3394730
4198081
2730437
3051548
3162741
8179364
8177699
82938
3826518
2462723
2149770
6343365
7559976
2812537
6531776
6473782
6168179
4388710
7647546
7905553
3206995
2753084
6443432
1967882
1873801
7799634
3155606
7182528
5709471
6336250
3327679
4829054
854820
2406084
832278
7979345
6694320
1532195
2589234
7544480
4595228
2440880
196934
1467906
7340321
1542922
1481632
7260268
665275
7941365
1944986
249082
6337333
3383894
6680476
2309161
2762889
6675479
4676613
6480271
5518886
1337578
4193031
99531
5686298
1742901
7692948
7601967
7561578
2129804
4557347
186107
5557350
7595340
5409092
7646881
5315494
22259
4309954
1417150
5814437
1520383
3985390
408514
6643271
3484053
2729724
7710130
2617834
6350664
4192936
2701318
3167179
5928225
63861
330647
4243530
2750400
7683455
611336
389858
5654220
2109273
5688855
464215
2141013
1997426
1587963
342962
7047191
5832583
1933263
2209856
218099
1638000
7953586
2164181
5775332
1918773
4046605
1050062
157055
3669437
7112790
6143259
2020931
2629243
249901
2628485
6125645
8208698
1942434
7574851
383954
2780399
3983316
7644906
5677365
43195
501470
1286165
5912019
2564985
7597073
3197778
5512569
2397784
7546443
6120782
8143028
6790371
4200477
221891
4241825
5467655
884239
5613564
2988103
5614991
7040480
5380310
967669
335260
20422
7716273
2729602
7507031
2201557
3828904
1895763
7521495
6484901
7597856
175906
3468727
1891228
6547048
4204236
5913802
2004170
586163
7131224
2072021
5747720
683245
8055989
1646659
2140759
5795905
2298462
2771188
5610554
7431309
8262630
3471210
5526821
1265705
8093841
3162274
127380
7225496
7665007
8163970
5502106
3380307
1319107
2784857
570656
5542570
3824781
7584828
190681
2562984
2636109
2975524
1510814
8313231
7781819
