4673889
6370221
54534
7135706
2013495
2219482
3962361
520973
2285707
7354372
2400277
3262886
5023747
214532
3733251
3175911
2685469
1760306
3487371
4585657
4683648
5690711
1577499
761456
1998719
1136599
3337694
7477906
6506202
1375041
4066301
3183486
176178
7773315
4714834
432304
1364981
6203920
3432560
2049231
1993698
6463441
4509520
2313123
7854302
1703949
399157
6386908
683221
2049186
8056140
3046063
3956074
2272285
3419218
3862415
4808809
3638147
3822623
8264516
92605
3264932
3747881
6963579
1960493
1769741
6229041
759526
1891310
3702826
5714217
204742
2443536
4562188
7555645
330001
5961826
7846448
3700028
3644177
5657313
3161793
5401059
1967047
3479044
4673886
5394574
1526567
612592
221869
1369652
2554110
3965043
3266102
6418180
6242052
1444720
108183
5543534
3244650
3543739
1082849
3695822
2220422
2238862
1239694
2466379
1363527
551145
2400713
2747047
2048385
4684365
7524462
3053010
5692555
3705290
3276291
7609045
4630136
7554468
5533381
5535263
843195
575323
4002635
2103368
1471955
3623888
8238986
4289179
5692358
1526418
5690954
3965353
1663082
6381080
1149818
6995464
2189448
2179988
5412398
3422610
1659428
8267310
6832422
163673
4564375
746655
2736589
2349264
1576263
1061610
1720562
4103746
1994512
7041541
2109447
2200474
7702645
5315103
2788619
3990311
222085
163125
846685
4671892
768476
1649335
233012
5765969
7546855
387919
5363361
4988801
6675159
4993632
2105994
3152404
2197113
6672340
3246899
866269
2053523
7598149
6352742
5713842
218125
1898461
4574879
5643615
1926361
2424775
2180927
4629431
2183406
319683
7834036
387198
5526270
2178844
5716158
2357891
3703450
3962097
4564468
7633528
3247256
6532241
6297342
6838319
5533081
1365692
7941485
128341
957701
554922
7126562
5396286
903964
2408726
5715290
2758161
825127
2174733
6574692
608822
2116239
6071271
2181093
3965881
3731394
92281
4001530
2170380
3459321
335572
5910594
412454
3695759
92284
4810479
3135453
910444
7561293
6792981
1362138
7971847
2068782
4244082
1044453
1617410
5531552
7647246
3330892
6762595
1190834
206333
3930818
92432
249551
1136751
8169068
5492115
4765382
5023006
292359
5051162
323671
4563011
2185806
7568688
2445204
7611108
1999663
2069265
3153878
5530288
4130016
4877851
7713997
2170889
2359050
4595019
6506352
6395908
4268228
4587574
5330211
7374129
3632892
1918449
7123424
5904384
7258590
1839130
221428
8142132
1948368
2592491
1933611
5530797
5494091
2424941
8111141
7676034
5736653
5415638
3907147
1065947
788120
3700701
4665626
387769
1947784
3828786
59182
67197
8058081
5530920
4809063
5262741
5910802
4580508
5133243
5541234
5917205
8013922
20443
638801
377557
1615084
3845649
1893220
3433535
1988360
1065950
5498446
2177697
92215
1999975
4562612
6741145
172645
855336
739399
3807187
418635
5526736
5737840
1713215
5027541
3565680
205784
7523544
3419134
1784146
1541746
58986
753052
2070193
189573
3569152
8042134
2176922
2154190
2409143
7233389
580621
231151
1139194
967630
2050741
5802406
4092932
7353136
5341945
7626536
1077371
2052429
638654
7554252
3962663
2358371
2811864
3486686
2106282
2183397
6605875
7451034
1608250
2401940
578207
2153804
2979241
4270970
6437936
3698201
2690641
3246258
188295
1300942
6294935
7872130
15770
855682
7823578
3962794
7215938
2048394
4194592
5320944
1320232
3846336
341909
2325791
2189479
4487282
128012
2105863
4570914
7417013
7377069
5532754
3955681
7636559
5691343
3163209
1551543
7713393
5895979
1994782
410058
2067999
3322587
655627
2279222
212345
7536161
544563
979757
5228921
2525605
6995981
2388355
5899155
2067756
2057329
2735041
2484161
107771
3872994
2013297
1295454
1947748
2351123
5272416
3046412
2012502
2255251
1558755
143036
2486342
4388395
5693714
8111163
779484
7899716
208492
582077
3184678
1331322
3021953
3164953
109095
2172743
4680487
539653
2352249
3255221
3231410
7941107
661571
323078
1362661
4075799
3761454
5532728
1364088
1426105
2729514
1867967
1410531
3701964
8084301
5493682
7603292
864411
229223
3914387
7835554
2185810
3183442
1933827
225739
383850
204983
865163
7356723
2529251
2408919
6175288
92344
2162811
147216
3708680
2067993
8231835
864508
8052988
2160141
1219365
7132122
5532250
2374516
4678288
3166800
5695120
3958854
4576120
1202867
2107670
2105943
236764
5662208
1241028
1153516
2156276
1264743
2354367
3459084
2391749
6297345
4262059
5372221
852549
7773678
5514170
5223098
2081081
2728437
7509599
1558842
3698838
7598188
8283282
3809067
1102679
3948467
4198981
115463
6942899
4127000
7127766
5581369
5413507
3274260
228557
7333647
1908431
2736228
3702817
4978255
544001
5199626
5101169
5711796
6670086
554963
5433353
8040963
6677422
1300121
1927436
3268269
1721409
2856034
6673672
179228
163017
1031548
768217
1997288
6279512
5691717
1056825
5655450
5020987
4498269
2749335
864568
1617395
1443131
17197
110838
6226476
4264954
7701477
8095787
3659969
2155027
2184825
2173394
5704095
2409025
1466506
1633437
7554572
5532698
5015295
3383403
3259950
3117771
2473831
5494133
2283417
1053594
6368231
1079731
3809620
7538897
39335
450563
4497552
3145262
1543207
1925448
6572048
6242279
2232747
7546746
408685
4966616
123715
7772682
6702074
4260213
5154602
7848524
4562200
5094955
217970
1713188
4989315
3048017
1152450
5010938
241749
2194950
7507917
2453154
5369624
694994
2105904
5691473
1056117
342673
60379
2163092
967917
3278754
2475682
3766408
5527207
5492213
144802
2286048
4771727
2012796
1065178
1459206
5459674
204654
5459711
5373081
7882694
3526116
2164872
1988291
553953
2105878
3461765
1489959
2162712
4254312
4715970
8093476
7537344
4566131
4677037
7953674
826261
5887786
291014
6850965
2308578
2079090
661747
2806385
2446661
5694044
7033170
4561706
1541761
54115
3197979
2404057
6168167
6796619
1395471
1930208
3327703
5889728
5535114
7754874
903854
5876704
1433136
2748543
1481361
2050273
6465100
4167245
2155591
5070717
2746490
7181412
1077495
3052124
7555015
3947956
65234
5693134
2232676
4255369
4396627
678187
1720388
2378604
1933834
7322889
4989100
2179429
1306416
1874140
7302174
1385266
1434658
980329
2164959
3264054
2172380
1928640
740623
170980
3960927
541132
2430407
5529264
3700280
7347058
1267258
6765218
1897776
2166999
7608663
2839663
87577
2051071
846676
2079184
2129093
3184621
12951
2068785
2284038
6672959
348538
7617405
5713905
2106693
5530091
4511703
7314043
3178767
2105869
839757
2066727
4565110
4811060
7669564
752662
3807585
1491468
2444289
623526
4512427
2366028
7545867
1096030
266387
6674909
7670490
1967817
1967008
3828993
2166710
7216041
4473857
2181350
1140401
4360825
8330242
7527441
1999191
1432860
5492520
321296
1912063
7502290
4208754
5314242
4047745
5513990
44340
6059535
5037975
6171578
6295422
4127809
1599717
2196066
3160882
7216515
2174405
7633525
5105720
5015651
2068074
4809404
5530119
4980536
6072244
2184386
95837
2189543
767642
3807362
3336956
5557667
855231
3801772
1760193
4694603
2011881
7032909
226124
2063189
4575992
2742026
2404569
237684
2046895
8259461
208089
3156566
1139851
1466473
5812996
4147774
7262195
5007563
2183046
4569362
5701921
2281869
2175839
7221054
1092930
3981245
2423910
8255520
327492
145132
572668
2401648
3264578
6543268
1760474
39363
2347798
5533563
59941
4979640
59191
3145671
225706
3171494
238776
221851
3458476
1987718
2255149
1999499
2446489
6229044
5035078
2047233
1649419
9732
1720497
3154724
3939034
2493917
6914046
372518
6318284
7967021
829054
8094596
7500533
6073103
4255314
2520250
4772698
8340029
2309017
4810799
4250402
3990927
3960762
4501185
7787023
229250
471688
7941206
5874752
4310026
3708787
2157718
6054863
5423009
5469716
3167088
2214951
2491546
3330674
2182945
762069
6675094
350944
171482
3018599
7594994
2082962
215040
1560148
2219976
2169920
1061437
6674966
3968175
2086184
3170441
2423339
5462345
6677467
725423
3697172
7355336
2159774
3696676
2308891
145890
4063688
148330
3265584
5692565
5411938
7262356
661924
19181
59534
3167107
4706970
3757518
2169980
843716
5712119
8006748
3049460
911483
2152982
175702
3971110
187801
7002015
461002
754898
4572636
1130207
963426
5014669
6348655
662924
59705
3704698
1532014
171489
5309678
324405
342566
4262556
1410310
5492668
3350043
3047783
2985585
5233453
1481539
2232661
5591179
179685
3215100
761837
4561239
209692
4562173
556706
6325461
3985802
600169
3049040
1119625
844402
4242539
3390397
5643055
2242039
2394972
1768632
7677556
1473377
275832
1927669
2716051
422064
224426
798018
4046558
4701088
2357313
1999697
1988178
1482285
1987152
1013897
4675405
221830
5310714
2153552
2181372
3676463
10176
7881742
1886518
5532256
1267271
8007261
1191480
2986095
1364988
8015064
904016
6591273
2477948
2014902
5715317
5590921
5459779
1340751
2156635
6572644
3264664
4512741
3939650
2445192
1710164
5383464
855240
3696146
4255353
8270425
1159546
220363
4190781
5576100
13930
1103420
3049427
4565439
9783
8012285
2388790
2402009
1048367
4131251
863870
4073485
2194699
1368870
5698749
5234852
5134943
4336576
7126585
6227070
3183822
3418769
1391216
934107
3237187
1642861
690852
1829523
3503164
3152571
2083061
2354144
5909977
7941995
6957498
6098453
7215981
3150215
65006
15580
1066592
3703678
1934823
6666310
1999215
2049049
5712058
7261957
44394
7547411
2095016
144925
1192175
7172516
1913548
1152453
221689
1009216
4808866
3697892
2525957
2181785
5896734
846105
4572482
5542108
2106222
1449352
1190828
2183328
2106455
4571870
4308684
5872126
4354090
5692558
5775185
1947712
976857
2787734
1595568
5528629
854859
4581918
541384
1988583
2517339
2053691
5688765
1624545
145594
6405591
5460668
6495124
2178125
1967837
1648775
7521670
86893
4217592
3733634
768875
2195524
2567400
224358
1089061
1103614
7688688
3161802
1927517
3488906
2369943
2625925
3622478
7878268
144679
5311384
3046709
188803
3181121
3288398
6848413
2069361
2186480
3805397
3150866
2007905
114533
2086358
2382087
2182870
399011
1274110
793378
3263524
1152804
8213570
5493631
2681085
4209326
3955996
5476786
2054542
3165254
2251808
1416636
4683016
302855
2746280
2804250
1961975
2071988
2195982
3494226
3807007
6484208
1947367
5633825
1784149
1160463
1105441
27267
3861331
904066
5538944
8623
6689697
2280305
2187461
6046465
3764016
3698910
510024
604136
1925368
4337081
7423643
4147199
222125
4565053
830321
6683634
4004748
2114551
7503619
1191947
2404046
2045557
36003
860875
1334925
7870674
1151151
7405785
2384779
1637816
4460948
636526
1560959
7555208
7554282
2106372
566217
7846627
1103408
1772689
4566066
7563544
1295535
144162
3504194
86888
6743763
4259887
2252680
3049550
6173218
952701
5493112
7396646
951337
1801995
2172785
1981530
5086185
3794032
5234004
7452989
2183665
167257
2174716
1365911
6182036
1337634
3288096
3161476
4208646
8086548
179198
162723
5537351
3510029
3731097
5688726
5361569
7955659
83719
3051901
2003378
3233392
7723909
2173574
7813883
1139848
2171857
2256589
2368304
7865236
3706280
982765
6593047
2162241
2157958
2385226
5826352
8329931
1472169
363044
1060013
3170845
3697616
5566496
3391671
109470
238314
2520244
2445117
1511203
161163
739570
4258018
8084734
2587961
1472556
1695628
1198130
6758440
2313126
1649640
1736062
787498
7553592
741934
5883126
3951815
784264
2054780
1622720
1908919
342513
4117315
5714688
2157831
1928095
1384820
3183113
8336585
47118
2169339
5883378
3849325
5025539
6994675
2371
2169240
2308591
1705347
6584716
4591036
4065284
4876427
4735788
2106082
2559104
3175466
329370
391996
4806570
1140437
1660047
4144246
2409140
2744430
64808
2106506
779233
7032721
157786
4870152
143421
909511
221654
1990481
1644627
6669386
7133671
2046190
221365
1329387
2241829
3152545
3492260
4496678
2447281
1453308
6171402
110814
2160996
2095958
1839276
3710328
677489
910071
4978795
314432
7554162
112465
1933564
3961679
3539020
7952772
2049391
2129934
7941329
2401716
2513153
2159434
7857117
5537495
573225
2291628
4571631
131873
5693490
5714697
5546877
5521930
171401
8088671
2256186
87571
2171494
3270180
3124665
111716
2258031
8006583
224945
797572
5471646
2176461
5550980
5252386
2095252
7457882
4256319
1489719
5474256
3163857
172843
6372002
8110336
7808952
4243788
3172997
223362
1272293
2189718
4266058
63041
5692520
7951540
933098
7117265
758043
5720003
3181767
2690402
4474668
5423481
5535355
3699658
6852460
1507499
2173206
2091692
3023757
1618402
7801317
1928275
2008517
2157860
7032329
6421345
154260
2487871
3323337
5553581
1371634
4580421
4576046
397839
6361581
2520543
435884
2106387
7126055
7743150
2730210
7524628
2445305
6214700
60312
2174408
6607387
2236449
18527
3703413
3822620
1983238
6000606
1928833
7507834
662366
5421645
5706665
3849254
3767561
4567952
2106285
73634
758295
8085193
7457426
226895
2049878
110128
6744398
2763427
2086820
5713367
7632180
7122687
2087392
7423592
809206
4102713
57098
3963909
2361093
2529335
3193847
576009
2080477
1281431
5461567
2141972
2473652
1944771
4195903
4489478
6854905
7033376
1776783
3164695
2526534
4713337
1683703
3498933
4571268
7545630
7455196
2608665
4562299
6473723
6279565
1867608
5663570
3135158
760560
9971
1532387
1010297
7558195
2084483
5966051
6211909
4436266
4432741
5461357
3696290
6695837
8328344
5398454
2487993
3348048
7290047
5899235
4263112
836245
7028920
3381513
6404966
4809021
763751
4565865
5013454
1072572
4198159
3620377
2106606
678592
739483
3704435
4269014
4388713
3315774
7829918
3334408
5152934
4093743
5428072
6300820
3979306
7617277
7545612
6098369
7141285
1482088
761916
2174001
7032921
236737
901452
342284
2402393
3440844
3004607
180469
2236410
221746
3124341
6450687
1269076
7215852
4564780
93560
1216339
2176725
258092
3428994
1211680
1898161
5692101
5027838
1963949
5574948
2183499
2728126
6674555
1481874
1921630
6784657
1365228
7041159
3266615
2179747
760874
7510085
593857
2095527
5543138
1140434
906443
1329676
1541588
5691891
7132627
145048
2257923
2227694
2049977
1433055
2487660
1994185
2204762
265659
2175323
3174611
5333445
6173500
4265028
7582994
6673473
6674072
412944
5410010
2729610
2352237
5141446
763682
2606745
4072368
176199
747634
102184
2985582
2243139
115296
6279491
2399183
1355393
3050050
1477190
2307303
1928349
5311333
7457309
1134088
7216252
4561077
6988392
2175020
3503786
7218245
5034252
35172
8309950
1595592
3959146
2160841
2489125
2173702
5576597
1151391
7040960
1057567
5216342
7553511
2454932
275898
4460954
2176749
2178706
4437974
5652002
2400446
2727160
221424
1389312
154251
4629921
5000674
7979330
4244673
1117240
4047736
1987611
260208
4075610
1400773
3454080
101991
4807566
553321
6514880
3698544
2182933
1719842
156900
763357
5310756
2620280
5427201
1650050
3450791
5663774
257937
7827253
925145
2094647
2400449
7566878
2109207
1011895
5202836
6685427
155142
2331980
86890
5649967
1872609
1267211
3702843
162334
3939569
44364
3021843
4109119
2089793
3177874
6473759
1541737
4566646
5369705
5412250
1367775
3847118
6538083
1941143
6547428
1922756
2445412
4263100
1082852
5023498
5021396
3265372
59791
1770359
6042106
2189655
6966337
2374887
2457843
3697523
1892841
4687831
2447194
