981369
2186460
1092223
1570417
5401299
1963838
927879
570134
1933503
776300
1756501
6878539
7867823
1427822
8030449
1915998
1084159
1752560
3739303
831161
6168720
4892427
461044
1334353
979228
772098
1259831
2972967
926979
819759
6347290
192313
5865766
1101135
1736275
2265481
1969008
699645
98034
1056439
1619311
984466
3813963
670651
3531364
856081
1329974
2101692
942939
1638000
670603
1914970
1039947
4904671
922604
472096
59890
3676740
5110111
465301
5796887
4532189
1268185
1688497
128437
2262350
239129
804897
6334531
8127501
3172
1948747
798016
2265754
3988202
2031589
1804328
5623509
378499
3561097
8026215
178667
501986
3488751
2214526
1836006
1272587
3374882
2231597
1493574
141589
7065001
759226
5342831
751854
502989
133922
1791425
5530488
684222
383999
3732072
916864
1419136
6439000
712491
2021105
1529462
378322
2761560
6274809
379808
71101
684051
771069
740521
3284842
44400
36095
26432
587212
1927026
2231352
5561770
681685
2596083
587122
1268898
926734
3763638
4375430
5343419
718960
1944917
1906621
1173402
2048442
1981050
2497905
1695905
457341
1142943
1752515
7102184
292575
594850
3568910
931597
5054621
1076019
1559677
852005
1417575
2230132
672679
1314220
5359970
5876628
1110356
850624
6996883
738558
1896128
947002
1913593
2199472
5906953
5611914
19121
134003
1707671
2600229
7658780
1875173
125853
1605129
6358994
1848937
380104
1013650
19681
2084013
2147693
3175
656573
1711660
246674
194692
201263
744413
5521939
2082107
59944
3385002
3421530
95632
3020202
740352
619184
2482489
308347
431270
6940275
86260
1412670
4974998
324949
167804
1730890
800440
2335652
102501
769176
472066
301929
2779031
1541214
6466332
7644594
327393
1971447
1069911
174675
1828264
5865377
1353950
5493166
673194
44136
884472
5957768
1213188
4496732
7891502
1920665
2263196
3712258
145306
904987
401714
6191644
626257
59956
1548275
2184014
1331895
7015453
68367
77627
1268946
2249003
391509
4455977
2184570
1751671
5930532
3303944
759487
1464964
133772
157655
1110380
25968
2101873
1111383
247796
1272383
5324834
5514332
33919
345761
1237124
663113
102771
2688983
384241
1500911
942186
292254
1019967
5087645
832283
2056839
1334251
4127279
3657460
266745
6641350
1320773
671459
1052749
1739023
107063
1013359
1637855
102837
2051340
2568399
5966135
957788
1314097
96119
5361858
5886917
594517
4134182
2780116
1470051
1910435
1890319
775814
77296
2984145
4625665
5073528
6342045
599
829876
1402244
6331454
5663189
524606
8116164
7758119
3280
227786
471129
200434
4652910
6788741
1284122
384292
670582
1236651
3435496
2562786
6677112
740494
4981989
461005
987840
980125
963813
7086579
2853611
7625484
370202
246779
501992
504160
460578
2254433
995028
1770369
243541
1137756
981345
7941779
2227197
6147367
612922
1420926
383948
546842
3298873
419264
873081
4099521
5739092
475944
7558012
6151383
3438605
2672887
885170
903439
8094460
211261
75751
5367331
5795617
239095
1828333
203388
2052471
1193323
2152106
1409132
1133163
6551511
112498
779290
18045
3760244
1017761
7853052
22053
684324
586079
38204
1253202
7963998
672350
26744
2769549
201130
2252266
7032758
113621
98309
187399
3939820
4930639
19815
2335620
3655377
5390620
15809
414622
1405863
941402
4148023
6431289
2693228
2185354
1465075
912449
292608
703840
2219734
776324
1832982
7935077
1334344
136953
4833537
3453179
277100
2832858
7501134
174933
1881944
6933431
2576039
2229537
1506031
3185202
4957151
1002806
3319325
1107211
3106604
6397501
1893358
1559482
3548718
3937017
315124
1708270
5544172
946927
4667894
145315
1627492
594590
1843651
3453897
157235
1708921
3662290
561609
49027
1967340
765850
8026348
6795346
7500608
2045347
538545
51891
779559
529023
2984560
6558311
487004
1368637
6432768
176518
1175051
291717
3577654
96269
2150542
1920900
442956
1616172
10105
415492
598614
783209
2549015
1304914
557712
7520987
2158260
59968
1543415
6260499
1789180
224798
1415968
8170312
77294
1002298
7853183
2088596
384262
6556537
3408512
5707271
964652
276642
834084
1059607
364683
8231167
3530772
832870
2568583
1999561
1463541
247046
2186430
1890223
296025
1034986
1267793
111125
2025049
5386409
4401680
8129515
6652025
203547
35205
1249255
871224
662876
4543398
8160444
102327
1084709
3768181
2126613
670137
2543028
6151982
7675864
77067
380089
672395
1684953
1749300
752884
97722
4670646
391600
296043
265564
7917506
957613
4340298
3894073
8202270
683341
5997111
297425
743635
178637
1133
5567005
2086686
3434078
7863726
292998
856823
1416061
880638
3666934
1068920
69304
850309
1010465
7579081
672479
340187
6182074
7763943
2972970
77514
2051455
5432977
1700719
3245903
33802
746476
697291
3057013
788087
2757962
2220209
239088
383298
5911588
1160156
321278
1756444
532943
77582
1639025
1333944
6335121
6301432
4318783
3621092
3398509
1699551
470634
5332727
1775065
2778734
282691
851315
1531429
2739346
7860751
1531405
1756417
1829670
1270652
259747
5338462
469066
5235053
341840
1570711
295647
384250
2607144
137008
3395329
160926
4880351
6705562
1174922
26645
1741432
1175078
65257
487052
600138
1010171
233387
5764071
3410923
1998875
5391463
6183024
1010982
1824815
273018
2083681
2757737
4162259
73009
838800
3660689
237427
145869
504103
10060
1752689
518818
4761896
1089186
112652
1593078
135801
5885795
293232
2292056
7223496
7907492
609136
470961
620611
6506358
10194
1918476
5566235
5573752
465707
1309189
619445
1787615
2037157
234752
69920
6435281
2985902
6205683
7360678
2243241
1736059
2214930
198959
819900
188466
570533
1436973
947011
1397478
1029281
293235
103489
4957903
175514
368832
3732767
829495
503983
77415
325626
672697
1752509
1010151
1316081
753303
77457
8096987
1753768
545523
6263918
1146343
4116855
1015248
4573441
6428649
19625
5330241
2099882
465586
119087
98379
4005810
4004143
843176
4875615
7982392
603457
5945382
5341295
1820516
200999
8194561
1828342
77573
6312484
5403799
1138429
332505
2284927
3756925
1892750
461011
3678418
3939281
1031013
1749111
1053501
6071089
845465
1174886
2113711
422082
3425785
197143
2550893
1368066
1058489
4142486
387712
6569814
880741
6688001
436791
7878535
592207
5979686
824827
1309564
637960
5924771
8064519
1470042
1752226
5428924
203585
336030
1756253
1593210
1183927
1416829
2099143
292722
6938188
596442
266778
973307
1916978
7021095
430087
3178380
7511097
422658
2602903
3285556
1060417
1685503
6215931
4371678
1637992
4478352
4869775
4258360
2393346
3532127
1775166
327246
524198
308106
865823
104797
1167630
8339295
3736153
2283875
478198
339636
2705205
1092306
6027221
5646717
2457117
7694290
5328884
4357916
394151
1798126
1341507
460510
672035
6783751
984513
178988
281636
4391237
2578061
3770507
116441
1227008
392280
868475
5433076
6438196
597497
7821147
1627501
591662
7450323
1923939
689115
2116459
580793
2205597
6725908
146839
260562
754868
1853233
1910155
4519491
962175
74809
6150547
1896923
1334194
378720
5096755
533986
521726
422163
4714463
1293705
925067
2975450
74799
5325398
7757178
957577
738593
517135
2853560
7909823
2113524
1531408
139595
315259
1649724
1688268
1453854
2779381
7226109
4169563
7983701
2051343
5258745
275976
75681
7172011
856817
1474641
926884
7210054
26738
1760447
2050013
10133
222448
5287583
4987509
1727872
3380948
3673123
471388
7929490
384313
2392719
3764445
834805
6249066
1511221
6993724
5332721
2767149
4205977
3625583
2238883
776057
941022
5481785
1169079
177363
6417905
3599804
74796
5569178
8133831
3244485
1422530
4536165
7388563
1791275
73196
4018728
338166
7550350
1930822
1739316
992235
7580002
425509
1084748
1022315
1894403
315268
28308
2817997
6111026
946924
6485760
145884
1886075
4289825
8047259
3964339
6586512
7668183
293240
1311973
1751279
5932472
1512527
1688491
4208640
3654527
801695
3153132
4591907
410106
2601291
4595330
5567314
397641
2653272
93560
3659188
671582
395064
2565256
5022047
3649620
165666
7852512
5462603
740394
924986
232943
6903971
72090
6545367
6432774
3656472
2430844
5859438
5354528
593845
7910402
1987678
5882996
4580503
1712834
337492
2839904
5408252
1927121
407031
6943849
2318912
3768067
6934250
1752091
684184
407718
2917610
1818007
484462
925073
7737848
147225
384064
1538615
146336
3796946
1024321
610621
3246276
662939
2083677
6212405
177264
831781
1605492
19792
5289925
1820375
685878
916846
5407370
6015274
1092497
177765
102783
5331329
1257255
2985911
772363
97295
4578043
825191
1353953
3948209
3171490
2244285
6150120
6535606
33817
5656812
5919543
851803
1175222
7051944
853444
5373207
894906
855303
697282
49965
5609016
64339
7007026
1752530
2130493
848489
4604019
2152012
2236141
880413
323910
7242823
97232
6031847
239049
345326
462018
5320029
1593857
4469300
1465036
7761541
684028
504593
3725708
3741595
1829457
2803103
2529838
1263223
238996
431384
1021510
4876427
3468549
3281432
353852
6724993
7523347
3547947
1752383
1174745
1272197
5068186
5844984
1778900
921908
7265197
4603879
1334078
1493172
3561611
1130553
326025
4139848
6142261
1527038
1688094
3175280
2652588
1007904
808168
56258
2254644
984492
894990
4046006
4254606
595934
5961927
162379
833
632895
591695
19660
22992
830661
3618710
1015685
1489490
356317
981319
1470402
3938442
6120767
1165131
227780
3285244
10170
1778870
3994815
7215077
4162005
7146524
7675175
5312910
94
3828504
7907333
1934391
672362
435464
1202352
5074525
6675013
4430049
2107664
1972143
3591855
2716965
1121282
1495884
2044312
672095
1780261
1276717
6837438
1637959
229058
1797742
3594126
603132
498413
2392417
7609568
6882995
2994337
744832
239217
2473762
534526
586328
957631
788177
1010730
824494
697285
7280631
5656461
84066
1268278
69406
6496993
221440
2507737
5556107
2207158
1193576
2390760
216044
389581
6391833
75744
1751746
697276
6961326
2488650
2465211
5429588
69968
17826
965254
551362
3949516
1334317
5427412
1390473
221011
53860
272773
782394
374638
1018244
5098443
7874016
1949033
794640
1317705
7732746
2971899
171289
7585261
956131
3672508
2948956
7345433
433176
1044009
4886134
3561743
2484056
2853026
326016
7762025
946783
672805
3178
17662
4580941
1531411
1744490
1632489
5037669
821308
2754969
6443945
77391
6428368
740644
257251
912590
788039
3168564
232549
3685347
5835171
4005195
3046406
77397
1368658
112753
2905752
60544
1151721
798787
929023
7816153
7017093
189600
324933
2770904
5553105
3570465
855321
4518190
76876
1752842
1105471
5142711
53672
26831
1440630
2239273
1412037
1738978
1560442
4501071
5605386
2272132
7767206
4493329
738668
352127
1673761
4933061
164847
3382180
672425
235599
10063
851242
4009961
868391
5560780
1521781
26924
1927373
1721688
745220
827127
2715735
2422930
3752276
1938626
8033587
2620268
4261216
6158488
3836969
2808977
4919943
2582354
1344967
5364278
7502929
327300
5959571
753345
2570187
1611124
661827
5945583
8056033
946985
1824761
383995
430064
946801
5326169
834174
1013094
942156
178702
2214909
5747666
2770814
162644
33886
4353218
623669
200919
63077
1502651
604683
780902
1613663
846835
5485081
1723991
59875
2774308
220442
3380821
19603
3139878
739687
1632498
1276993
2773073
7585636
53855
522245
1775212
67707
1853230
5945526
5621483
101378
67674
8042831
1906309
6204589
1399619
326961
2526063
134000
7819782
894834
215328
2053133
7000797
2150538
102849
851333
2054569
1021263
1928675
2058834
1275066
2206273
158663
1727423
1183170
2213564
2402472
830721
3367788
7859761
308323
7609565
1411513
1772546
2216181
7307236
5702062
4424195
1653689
514267
672841
4833036
1820465
3396566
2645873
7002173
1146355
957201
828222
831000
559666
5128152
2778340
779664
178516
220879
1058561
245993
522302
6478333
327072
347418
859983
1616283
981322
3448494
6219059
195334
414942
1607187
5341843
8005465
740749
108078
1675709
758519
319508
742520
1968772
1541130
4358467
7907474
33889
1415771
831114
1262603
227420
320418
903518
227684
5600096
2816102
1096095
7872371
3106130
2764630
4347778
1049949
1752241
10200
750789
5472927
593807
3364664
82911
1605567
853438
2985005
7675220
33931
1465081
592109
3742770
1587316
291774
980141
2017257
26675
1957154
47130
1087284
809230
222433
5482407
5526727
6846665
471058
2042355
323970
3203566
1078474
5681840
1084775
1171221
6793211
5124115
1663986
7347263
6529918
5786190
880734
3431544
851255
4134239
5590294
2475610
602586
351553
1518082
373778
3689359
1474626
2241207
293301
5853702
59905
1369071
1500908
3493047
79150
3803108
3986590
2575027
5873448
302882
348537
1476323
2770203
8185802
1685487
854538
1740918
946942
16762
5079922
1083638
175343
10191
554593
5566073
1837409
957432
5046524
5341741
3424955
4822497
8098337
1183921
2735781
6933434
949390
8028694
600528
1756510
744842
227699
1843606
112600
1558353
5655886
2427408
1749288
503771
192307
3569009
77526
2679806
2376697
1201112
3664884
122762
5861331
1756586
1026527
3902726
6311974
4398985
609046
5155274
1559680
112883
9912
9957
1268080
6313408
831924
7024537
2264053
1217351
1974279
4941645
3283630
697288
71233
1004727
6390006
7654528
1088714
500784
1752554
1453674
829499
1965845
793055
158499
593813
1268104
234731
227735
5886981
1334260
2132565
1256403
7410044
2070553
1444955
544213
2252788
2574906
6422809
5946087
1163964
4379457
2245357
3764497
562173
4915704
112174
471868
2421691
699807
7068008
5141020
725
596936
434712
3008774
4844600
832274
455779
2535283
5386298
1629757
2752672
957360
1828315
2772668
696850
3506198
2236056
825423
7609571
1024261
880707
8127828
2226035
168844
8125498
2604771
338733
1697557
1541282
1688582
1268113
7756089
1605546
174198
1218337
292879
227729
955214
3985518
5883047
133958
2139417
1314235
1481169
4885813
1078868
946936
291433
3179055
6647458
771312
1837424
1175045
1420416
4092317
3158878
361780
6983813
926685
432840
4002845
5732321
926710
2853023
19714
5506362
1064456
895143
1721241
6548223
1234023
5936139
927075
4539747
772206
2144893
858038
957231
2213567
6816850
1080600
7761544
85217
1752028
1836025
5945640
244390
6176610
1072724
8130554
5407907
1751719
1907453
436260
2152910
1730160
1002205
291768
7919544
199858
662660
1197402
1260368
74154
793133
101223
6707409
5846848
895005
7579996
2779633
409938
3226
3614580
42970
2416408
1360198
1086095
239191
1039944
6774675
9305
3751725
108270
7818776
855297
828319
2227983
2739691
6122630
7512567
3995634
525857
3202148
2700647
447483
147231
593753
577674
391947
6757303
760518
823602
932246
471766
7633436
4495994
6558269
327195
3673396
3947191
707231
5378629
4313107
534707
1174606
7738553
4763133
239200
5764580
1956271
4063378
4000744
3493074
4926574
2770686
67719
1411489
3624218
672874
7372678
253313
1688661
8297412
74268
1758979
3464779
7436053
1329971
7382736
4234683
5057797
6410070
1535899
1790129
1298872
2497896
169548
17706
1058567
355109
2128902
2456271
1793009
1184098
399184
1247310
327159
6506829
4476545
1839330
1356584
1748071
2254728
5360161
5542254
293007
5412306
1268095
199058
671552
2038897
1101655
1074498
1319325
347799
2615963
946690
3021849
790828
1916546
3303625
1258035
1775218
7118870
2102839
930496
946873
1463538
7655313
221827
6883595
1268281
4509446
843194
4158850
2078554
1230430
5330247
1820441
1845571
1001379
323976
5360122
672754
6351275
1460136
384346
1255570
667677
36018
77154
102862
24569
2105051
1332754
1461073
1183879
344247
524237
8055216
1702664
1089189
1174447
655241
1375314
7910015
7534522
6769282
834198
3284935
855162
2770428
158490
990370
4665411
3035466
4343056
1256086
2214402
2474458
779562
102645
472267
6788733
7276526
3779749
1404436
3208
1817106
2477162
3539206
1506073
114062
6294404
1752527
2636978
912587
5391493
5797085
2265236
1629946
1278332
2289705
2680899
1268949
3448940
2165343
470721
1910882
7078717
5512089
1503786
345314
60454
2245647
489469
4993247
753384
6200206
1668189
239117
6167560
7981023
604647
6348829
1463508
203514
2267244
64514
1680168
2872297
1752321
4782117
671996
1265291
487794
5759896
682558
432738
5063756
376591
2346498
178648
5453458
8030833
865226
1977520
1595553
2686014
87598
325239
1991123
570023
253137
1058537
1614781
909124
102258
1279709
247082
397341
344391
442559
1985600
8040915
246008
764357
7530952
956035
1751722
8229339
1960274
5049474
327147
5846309
70990
741252
1964138
6487416
63074
76054
453677
7561680
771651
6211714
671669
6205062
7882718
135880
3803105
1465090
174942
313824
95842
830802
830658
1944819
3492713
8159535
7904807
5403484
7235816
583630
2331834
591849
399128
594553
2324179
933672
672359
1682082
6583372
1965498
2981416
2243205
472015
2262551
6435284
833904
656570
1701100
831855
384304
3239282
5258589
2078161
1055108
539794
955216
117862
7107528
661293
119438
2100105
2874479
93635
5471621
7617484
5037101
5960154
1419292
3501865
1789498
247061
194706
3656969
2559377
6852743
6939581
1820520
7037274
5076057
74481
384271
1083488
7614009
1286167
3945198
233420
1160173
1309957
1752743
2453597
1835837
5911498
7401092
212001
3018297
805666
4118518
149676
1828291
537475
5488181
5643060
246743
26726
823554
831203
8065867
2927911
2221981
77538
2225270
783131
5309783
5577218
253262
6177404
514357
832627
1146328
498449
1130502
2421896
2240296
2926241
241842
2361129
3989390
2653032
4085469
361340
401123
333034
712889
4773800
577589
4144099
259036
591670
549651
4146346
1539085
196794
6039993
542322
1885060
830961
2551626
503635
4979481
6980179
413058
5477893
5571533
5763417
438188
1616324
8012645
5323085
431336
5797079
2770146
6950856
3251319
296133
1325657
1650272
2019923
503064
237228
2515324
1605558
1938509
59908
5378920
876443
5629688
2764868
973450
768244
830526
1408679
1174561
1085554
496791
1146349
33793
848496
2229465
1897190
4004146
175433
941499
817177
1138597
1523552
60816
1775743
7127924
662867
672323
1184341
3489769
7861618
1268940
6114464
4899581
6453509
2324482
1153801
7907489
3124
2097927
3242192
2765990
4753432
732547
8210086
2614003
1726331
3952334
226626
4005160
3206432
1309147
5320008
1221807
10096
3991566
67671
469792
885484
3438788
1627183
6941433
933529
635888
740334
470973
51912
851123
1383235
230016
5114983
1815527
3408252
1228597
5922003
1110371
764090
890169
5046762
200264
2271793
431375
6537633
1301248
5338453
8032057
102831
866035
8190247
1944809
19648
2766417
4245056
1850079
1596814
77756
1629660
1062003
4673130
102723
1703841
467964
5612692
7674757
2628662
237997
19810
178699
144108
8153
5390644
3621075
1828156
8194831
971890
5505503
5872555
1898901
5356448
3770546
2229910
2757824
1013175
851144
2582386
1820474
19699
633079
1474671
7509331
1058585
67236
7599949
2025542
3437805
6830743
514604
4233374
1798153
433397
662098
1331836
1900768
5161594
1440702
1828297
1319917
1083647
6938435
1474722
1148
1749135
8055057
1084682
2837881
3872766
1911297
333176
2048897
35550
839010
761129
2577406
1002820
112561
3623470
3917175
1183924
7518014
1926174
2283944
756599
4450091
6933422
2046876
7360316
528713
1166913
1563778
243623
323153
3191377
33916
552370
8203952
2800007
2887753
7527510
2652945
2100363
906591
4361560
461020
1464943
10036
2671176
753013
2318450
1090991
7024213
2252166
5386268
1459206
3259010
850196
293223
35352
9344
7901723
2957872
321149
2049066
7504073
481432
946813
126423
126465
3388460
1111395
3714598
1817100
737812
594604
7435684
7707094
311793
5945388
1626532
37939
5557673
753171
238879
850391
2623484
326970
3200147
192301
7898111
5890164
4830737
5962848
98388
668061
2927102
7457159
1815578
1276846
200940
3289629
3945243
1815632
1742406
227753
2274681
5120141
94186
3049139
77535
6213570
1627273
1465039
3980885
48980
192146
4540997
212010
2562792
5800056
3318788
465797
7716056
4246104
6428416
1632530
243337
1252919
448704
1685440
26849
620626
243871
3719093
6558302
33928
2142155
1820357
533893
252562
76803
1713406
5362263
1900457
4268742
1213809
5331629
2282856
834598
5766098
453659
1130364
1749423
741257
1166154
34406
1700824
1278030
4614657
3939286
4117598
293367
5862495
22655
4398898
2556412
6923312
3315693
6902275
6439597
397941
851306
7817585
7336910
1697676
1300453
1685482
7661632
471958
2263413
2333704
5382719
1253920
1015125
776285
6835313
1319914
1688953
5886776
1474695
5475600
355084
2466562
238081
131606
851090
5775545
5552853
209034
2818003
401177
471009
1671716
79404
238921
239205
2775521
597959
753075
85198
672763
2444486
831395
537501
2102288
7160029
2660742
2696600
824084
472153
576306
1065005
33820
3442795
1175060
196929
112657
764927
2211
3050761
5747669
172177
1753915
2128662
778909
922013
1044159
292620
740653
2205467
145892
932597
1040542
3513836
1850062
2799223
2976487
154665
7043074
585370
5623149
2272471
782406
777810
111982
1935337
1475131
994053
321362
5873092
511682
671720
141526
2226622
2247949
1268206
3536116
8050255
1423690
234749
3382612
1965980
7746158
86206
4587903
1738838
7764466
670654
6248456
1175198
3412027
380182
1187794
1956460
7104521
2208628
2160880
1450020
1739708
4930636
916882
1559592
79336
102597
1187446
2048529
6828660
1175183
7882431
2298643
145893
1047474
5991475
486758
943043
6029130
1246002
1752578
19150
98755
1941585
346269
662915
7921139
21587
6671434
3386780
6933824
5422358
2505802
880699
398418
2277717
341813
1424697
2050647
386344
3842047
56570
672005
3395317
224468
1734629
2705328
1982583
3395312
97217
154995
714042
7542084
626205
60547
2164842
3026797
4609917
946978
7150510
93152
292437
2636319
6408934
753141
7579093
5913681
336996
1819173
424271
7682525
1736661
697279
894903
2827970
7058088
2207584
1010298
524720
5889313
712922
3128150
2251952
7745142
1564387
1893226
395492
6432765
834054
448849
3382914
8236741
3871005
2772173
2394455
2951129
6784204
5887095
4911670
6293340
292521
3334096
2216388
1272518
732124
6200939
1461070
7532743
3530673
4974995
903559
5564446
6102456
3232812
3003655
3470095
102966
2120730
2051476
2627276
384215
521003
7639525
2242081
891763
5073184
5227069
1199043
3395318
672034
74789
8028811
5557078
77585
584294
970194
3026789
779442
4218497
84134
848918
5617533
1183876
5855571
1546210
53389
827998
97597
5507388
7043382
6400245
802064
33997
592130
845017
3770465
7919761
576231
1256083
1334120
3664523
3028918
2041636
5507391
5053495
2765165
1187827
1837364
489442
6274797
494037
1095020
1920804
9879
1893560
2225615
98312
6851960
1268167
2069832
2217154
35875
490941
584878
2574465
4002786
7941776
200796
6111029
471251
5360886
7901121
1536712
5335361
5613573
5325341
86413
6760815
102468
1073193
5861985
2415339
2644702
7910
298920
8160759
498410
5798792
210940
7586167
1380009
112429
2147686
1193593
1146340
227717
149682
5648318
201461
1820393
871143
800303
721443
5483510
1834033
2863014
500738
336675
5796977
472045
3250207
5846108
2131782
930150
1789306
6876803
1153747
981309
6682011
1944969
157828
401839
4652981
6608985
1293049
1403034
4687096
672512
112531
133889
145941
1058435
6399564
3650458
845435
1319863
353260
242993
5124112
3639054
587179
1971706
109116
6851486
1688630
6689533
4244553
1593686
2132248
1237007
96513
227997
4464162
1468112
243425
897720
2864135
2131624
1931125
580415
854544
323130
5393271
2231533
671999
7343627
327840
172155
235771
5611848
1391443
3959129
74247
246926
4913568
5901066
6192739
6875184
1010913
7756366
404131
1136772
60625
7746611
2853305
6789379
6943058
181129
7121272
226265
2086448
1688801
5867706
8193042
2854131
4508495
5874499
3819846
1511116
3303694
224789
6325503
1635832
957373
520988
2780506
2120088
1065119
224654
1730220
26708
980329
2443062
2846596
5432743
1756187
826741
7423982
2409790
931594
619032
2283680
4673705
258637
1064408
4166431
586157
5457494
2602113
533449
2306659
2164797
155304
823641
6435999
239211
8132345
1360084
6148312
1751827
2488131
1620735
2243636
5962557
6102627
93431
7145692
7550341
8311404
19589
5396861
1269753
957580
128236
8031184
2252299
2053907
378432
593472
2493746
1654954
4102035
7920040
7682726
1468130
1026055
3776943
5348591
1064777
6239284
3597242
2555486
988764
830667
9115
981297
1989401
1449429
471099
1603057
227795
5906668
5846120
341810
1918763
1394095
3979631
215777
3841490
7186547
1175231
3745998
835874
7828597
3900566
672266
1921736
403322
1751527
1957151
831368
7645900
1100727
6695843
1312926
149547
1144940
7875485
2953892
453674
3815779
2125957
6917401
1367796
6506512
292848
1014525
1756295
2336550
57302
503893
987061
1612942
1752223
1295200
5592726
916885
8088392
594579
3649647
292767
2508755
1190864
96977
502866
6544762
980143
1548437
7075445
5759905
559189
980982
2681314
503902
1874277
7882832
5563615
3688549
2646801
1035711
2159481
4538719
5851515
1637951
781300
341325
7762547
1079282
2664620
5150103
8050252
4369604
1671785
5914550
527055
2082726
798838
5539602
1211132
2630275
1412040
832178
1078540
1367803
5005232
1183851
77571
199864
1533623
1174997
2494008
632910
1056142
956110
760124
2069135
71937
1297185
4676837
23214
1360063
471236
10155
1044129
96704
5645268
2474245
6258475
619866
1664028
4822610
5355922
671495
3165995
7313959
2217488
170739
927732
671738
1948868
227741
1174594
1848820
817591
2580764
497615
69559
996019
3230
274173
895017
6341441
10082
452810
214774
1918458
1058527
300434
1915486
1175214
2633694
4405470
378585
4836033
5888099
4050932
2489264
1884053
2051707
732559
781918
7659674
1570633
2120438
4781509
6116152
1136192
4971915
1637723
1109546
903514
494422
2184332
740587
6436639
1756456
1985307
2245399
60004
4651827
676986
470660
1480704
4343321
383821
5599067
1083555
238068
7283110
1230196
3777547
1368610
10283
2394494
586085
1292947
460458
5749130
1109768
5600090
4767171
1233113
7849450
830469
7761322
3066465
4343794
5800053
4489610
5364671
920780
1712758
7098707
214771
826839
276612
277593
188541
522065
2191795
6857737
2126389
2508175
3803078
1276843
67722
6795546
10018
97202
171117
67677
1820450
2222821
6466200
471090
6676373
60448
1194590
471364
2346924
293082
2182339
128736
2456532
442950
1689588
320268
1500914
1467831
362314
5633911
1518307
2332475
3337361
957622
895002
327150
1097544
4356164
3248747
1688747
9981
1492695
2098287
2478877
611247
1902713
6455238
49108
672868
4966616
3258174
5515555
200762
1100724
76015
365936
74818
4246721
1014081
3748421
1648541
851848
4382688
2467485
199091
1065122
1140365
4625918
2498731
3690652
103513
1317252
6548877
109445
1333956
957682
672347
1267827
1916711
239003
4430859
1007886
2309839
5322887
1420725
627311
2633876
131609
1334350
1277910
3434821
102969
17694
265807
4473893
2848167
801398
1203597
520336
1171761
5341013
1775465
2543973
541953
2335643
1308409
516224
2361214
2231699
105873
1310080
4791806
1272872
33805
2521032
5340605
3769489
2685399
4223744
2265212
7527962
1752169
978650
104803
2854187
3018417
1094278
7444206
1128956
1518235
4243581
111601
1321013
4972534
76725
1211760
1389137
760312
3334712
1304627
4458620
1243772
6539437
6243005
188138
5418781
672134
94629
5356580
6531957
1187707
1026506
5830546
3367785
3382649
382008
298981
5428202
2149019
2893775
3149140
671570
2266210
1016738
831260
2214574
1146331
6817223
9269
6401507
3415977
2833543
5481762
5617891
1313800
820413
7864131
77541
5519248
2445162
442244
203580
4121639
173769
8194810
5684815
463641
1033705
1368628
3309324
2611235
951598
5969303
3481273
7878118
6427481
3962244
3940205
7039531
2435650
19387
1792937
1079720
960463
90407
1307778
2587771
798724
3026794
5556752
769702
2659365
218255
2250930
5139236
1815743
1176278
5361073
425243
3595706
2774200
1843702
1080630
99302
87973
178561
2229928
16414
3678730
4312422
2191149
8323394
2148091
558449
362639
278644
2604318
75276
4767207
2797143
2364273
236271
2305834
2231439
536772
291723
2787851
6422900
7015878
3988516
589618
5609013
6547911
742490
4235829
460948
1259945
4711383
4949980
747145
6349084
454292
843481
456267
7609541
7655393
3778121
2601252
293216
384001
145944
980251
1412052
2140451
6570395
1268125
597118
358335
224447
221254
152426
4771036
5768261
738084
415513
3127
8153484
1688815
1144501
1749225
3004625
1087352
582062
197362
155907
5680610
1820633
834024
6281668
6178912
5886983
71541
838627
5021496
3509511
84127
5362029
1012758
93632
355106
1410001
409426
2574918
5670977
8099732
4824230
3978192
3330770
956065
376868
505203
1010338
4356106
3265
833817
791
5735540
981273
585367
712919
1688248
7675217
3659474
1233375
740542
420964
2071319
2332672
2766787
597151
1411612
5911195
832298
399892
740608
3888756
5886992
2668936
1834447
229064
3347714
3031485
1968891
102756
2108891
1087789
98025
438068
7343953
378292
6277305
6027576
1751992
2741502
414084
301959
1315410
299536
1939592
380596
3620518
5444650
5251614
675300
2606570
2768614
3165563
5681183
6930906
3321133
191573
662998
585560
5331988
173727
5438404
4609478
2231412
95243
947005
1798538
1399967
276051
7736840
1789354
3232674
6120122
1415992
3124596
7675651
3241992
549920
5846674
1026636
37793
1268209
484972
947782
178690
6402527
1468151
1575459
741826
4539447
79171
6506475
2120525
5945193
1304656
8011988
239061
759472
341822
2235688
1439179
2685760
1804385
1016503
4661583
77046
2255550
2986729
7042768
97259
4843080
4567873
3658837
3350957
705878
828102
5329709
154959
3748940
59863
482309
3961969
2991680
806943
2781860
2024573
8035135
355075
2503109
6539383
1247122
102798
1842228
3979267
4218728
819801
19616
1751872
1688229
7780482
301971
397362
635594
5488112
7726000
7692286
4893418
2184308
7342228
758028
1742153
5806802
2184047
6300276
834150
173730
5129314
1399983
198091
8203302
1533396
926374
2164956
2329410
3081245
8159
533506
259300
2265721
819804
1789270
5761027
2259239
3833580
3687304
6264564
8283537
926008
1891712
926958
1228588
2324827
7853240
3979762
501578
823072
19675
1688401
1775104
1820513
1468238
2665731
430739
7020465
2976991
232546
919685
1303468
252910
3248883
325233
6961578
4133607
2189751
7826580
245798
4927934
833460
740529
3356085
1515246
2550472
2328949
33874
672254
86167
415381
4013747
198782
3918333
7907487
5562439
24230
359713
5651975
341731
2342464
6062491
3337
65194
6335130
831054
257859
1064621
6724999
370133
2329347
7727104
487816
5128275
100831
7601421
1108550
320488
5565878
946855
157277
501532
73169
7504838
7086854
345665
67584
2579564
1518325
2105932
6344815
2742754
2434782
2557082
124564
4463525
7651833
243607
181636
112357
422064
344659
10080
5608788
2931592
777840
3277882
1540157
2864586
2044590
1789330
2930744
319322
6204547
158672
77430
851303
1627195
4422048
1940518
1637720
1370601
366821
3738184
31590
5878076
5776989
136764
173868
1118488
2229321
950444
158090
4476099
338261
380289
1820462
1031912
238036
2103216
3389562
1874005
6181579
1641269
26763
77523
78958
6351988
2637967
7762906
2448680
10009
1752404
214897
964478
1015140
15800
2254665
848352
8011521
3214036
3678167
1192765
6322487
4653643
3433148
116130
594571
1833790
743570
5655285
2777242
834114
2523394
4134543
60451
6236780
2168731
1018537
533002
26798
8012423
897501
946948
1214190
586968
4346541
3983714
8200335
1152402
2708717
239120
1529465
926670
357956
243616
84057
7507387
51909
865984
1812393
1839270
4459541
7654083
297130
916816
6662066
1308694
1890095
8286078
308124
1820687
1397464
446701
3672964
21764
5339900
3251197
415974
19531
5341837
73229
7226284
6394783
2986492
5487832
688658
232967
2576265
1593504
5569163
132773
4091832
1049635
1232344
4124415
941126
1780225
26387
4527319
1489044
1253148
838193
2248442
292749
4558583
6399180
6560094
229800
5873219
2177739
7906934
67680
3392904
421737
378388
597032
7363797
732562
6816536
146312
487265
3250538
2338342
780991
771038
7181267
848112
230469
5916233
3658284
2434011
5886986
7950084
183680
1058093
2671903
1013193
1384598
391456
682674
1861999
3442977
3870966
1268273
6443915
661855
827734
6835702
842245
3482742
376832
1464976
833967
3422190
1196133
7395886
3205450
5735994
1187746
5481450
7954854
60289
1395958
4200635
7131084
942135
8262272
1686657
1087979
2714728
8010190
964976
862972
2553884
3601286
670657
1130484
555303
2262548
73499
931798
1817115
4354117
366059
3762411
52770
5337082
1064543
946826
2600175
1577320
108153
3695876
957532
4941073
862660
2229674
848544
4731203
173943
7448483
1319352
83914
8031385
2770245
5612244
823521
4613061
5337025
472156
980269
5862684
3894492
7909835
5799676
4557158
1146118
74415
5832830
92121
471727
2054105
6998427
496668
1435549
3891839
1183830
733599
831018
7988848
8045264
5423048
2098527
2978531
779161
2163106
1956633
3382667
3941490
853962
296160
3672925
832675
896878
7851873
26519
2241228
177261
672703
959657
178661
1392
276663
6153606
2094700
759031
2228394
2164998
136300
5482404
1752392
3181689
957165
3169175
1489129
5309890
3144856
682659
2099629
1175042
1891044
215805
6325575
1212562
8057716
2756584
6845884
315888
186976
2190939
259768
471069
5942694
4010043
245244
1112562
780854
684219
6167704
1936771
4649405
266757
3004854
6541054
771978
1084838
3377785
77344
6936352
112489
1859781
672404
547018
1936351
2281284
1183918
1167463
1211596
1637837
44406
1749228
2484296
69907
6343976
5257000
3534284
732568
468761
1026031
2774182
2168854
906947
946726
238924
2194977
1184512
1866650
320854
6816752
2539201
7549624
4271231
389554
1749222
1688549
111142
834096
594521
2565311
3423625
4550632
6325286
3139584
5884740
175346
