353808
4241647
2811639
563053
604944
1295511
627058
2781800
4049271
3679120
2838124
763778
2347537
1929829
1433972
1744641
1994947
4934829
2563155
165242
2604909
239412
3509831
3933642
3243208
2083168
373688
3105584
141670
2348643
43896
2139729
4516582
74107
5198951
3969924
1425193
3107799
2757725
3866484
558467
172222
5386700
5138399
2139190
5419118
104464
305095
252661
4481529
3462356
2678784
1966882
4773952
1775854
2769822
1397347
2698493
929731
4267670
1020543
376964
929536
2844296
2012619
2842449
1181725
173916
2271590
74629
5146224
3458871
2738372
2724308
2002847
2138553
2747929
368772
3166461
1934242
3718204
1370652
1606283
33170
2757704
2495865
1337204
397158
2784665
7674631
1971640
839108
1702232
2775163
3420027
1910590
4924295
3278398
1401009
4118138
37902
2520361
4631721
252619
406375
560549
2398328
3185711
615700
5025733
406399
5230126
3108555
39116
3449527
2164833
196020
1926054
2002613
134051
115722
4772418
3685299
2864667
1189436
4396287
4257516
3618121
2153700
1808479
3183897
5108763
3575198
2664929
575778
1434199
2764447
3107616
3959212
4029812
180541
1908804
2488059
2604090
7214972
766911
792134
2173502
2477610
2120477
571581
2495095
2113760
4846916
397149
3600591
2165217
1360688
3241935
2781380
3712999
1424194
2180944
573559
3017324
3418688
1935997
8321201
4003414
1996015
2164779
4291976
104961
4591955
5932149
105088
4051342
4680063
2401202
2224081
3284491
1399160
5658419
3156808
2753989
4527307
4496681
530668
3822100
180772
2235061
2387348
3105833
2074849
1226421
6819674
1928899
2138757
6578600
162225
2066740
4211902
2099047
2787442
2768500
2436187
3244918
2447607
1989987
4249290
559025
2528701
2510431
2776148
2211086
2382184
3647986
5950448
1892069
2407883
2311407
166279
693284
3807785
395645
2754583
5806745
2289321
180793
2429587
106580
3290069
2156129
4979502
2358151
4545896
1399094
826972
1713801
352390
946319
1138978
572569
2882419
2526060
72042
2138685
5386688
104940
572515
2405415
5562633
3497359
995574
3364290
3959078
2184326
8012174
628340
1738140
5062478
2538565
1466825
2597210
1886828
2778058
5340500
2065076
337699
1709133
2198015
2102830
2424307
1278424
4913637
5263774
256119
1225295
4444070
1966741
3104732
2820214
2572390
2769519
4188240
145249
1701085
1979865
1968828
4525473
304530
2173796
2361696
571563
2005150
645163
2784353
2139927
167026
2496084
2311701
2775461
4868123
2375733
3962755
763835
2139325
26918
3108417
166213
2830372
2191224
3973585
3164863
1674937
416487
1999111
1508493
2158677
3048013
4698230
434730
3812827
100828
318811
2573016
7394875
157175
2754073
4913643
3712734
303927
3168891
4264005
3824194
2234118
113674
3383093
315271
1401577
2776442
2985579
3884779
5340186
559594
2743869
2777110
558251
105012
3928280
2108154
7817827
1538222
2053781
1950596
2349835
1950509
3639488
113647
929464
604821
2817224
3152148
3107805
5889704
3106998
5797073
762655
333689
108945
1944876
6671593
218815
2747389
5064658
2005634
2047888
3961975
548325
2481442
4023481
5142286
3145569
2260227
578684
2189667
2809905
3801871
2764432
73052
7216449
4886074
3989600
222910
3374442
2536872
5575727
2705304
782556
5433428
436569
290795
499414
4467933
2113560
2164732
929737
962002
4353862
2049126
2002703
2612593
3255701
2810762
3171140
1061382
559294
3418697
2003126
3970509
4497282
3105848
2581013
2623
1398923
4388180
5657925
2662899
2584761
1919775
582286
561283
4847042
620773
2777104
2847845
209317
929267
2009038
475224
329307
2808109
4235725
1374200
3275225
2426003
142572
947068
166450
334038
2138754
2727954
3871089
2350197
2244264
4490115
2965490
43959
167580
3576573
560624
3167633
2760357
279172
2166015
1300190
2486284
2110938
2413082
7675398
3156122
2678793
4444145
2689510
929332
1927361
562973
573504
1915216
2844338
2472160
3824290
2715254
1969262
563056
1589656
549866
4106745
2778500
760465
179237
2264031
3408129
8322116
2067729
1284062
2758621
2003387
3454311
1397146
929557
2824580
414222
4525368
4997027
279166
97974
2055588
2759745
2105935
559804
930114
1220163
5428556
3189694
2048076
3580518
1705588
1998434
5161324
1345803
1523167
611055
2687610
5034255
2759014
3258550
1928266
2769023
3813388
3419892
2520411
4569611
1434137
4980619
5161210
1923159
368837
2265670
628346
3131399
4161244
7963304
2504012
2172033
3108105
5749094
3264291
1250412
4563862
2266027
968622
2245835
3799106
37645
2003000
1252193
1741785
3105503
2775097
3259950
103768
4443800
1927665
4986993
4980903
3980522
42654
2253231
3438021
5079341
463957
3479423
1508463
4086182
2844887
2329362
2291915
3420133
2290857
4463582
2194938
3729393
1946725
2067202
717902
166537
561280
3509320
5532671
4150031
4872503
1606806
2715251
350556
3132521
4411490
166573
1060178
2139280
7283792
2141349
549141
3016567
929461
3242138
3139857
2599285
6322711
3947841
2775431
4220391
140853
5039890
3959248
2604084
598708
1706089
2361702
2014870
3981065
1931670
180775
751601
3978006
3108549
2886229
2502998
5825022
765646
4675874
3668531
932354
1967189
1006224
932288
4288565
4722690
161828
2231538
2784631
2184302
2781341
1707620
763297
4257306
1950554
814433
4099509
1996779
3105602
929734
3610704
4972629
3474807
1434496
2756476
1010955
855424
2598236
4968278
104638
74071
2434761
2779061
1331674
4670467
2605847
2262533
4017881
1950258
2014231
3694911
2019399
2014652
823931
3389549
2773408
2510033
3455901
3490978
2974548
1533244
4023181
2049848
3957222
4711326
4991141
311544
3910294
5218023
4804832
4525422
2786995
3865318
2284236
4882839
2014822
1995940
2864625
5549124
1539616
2480333
2265685
2773624
1386467
4022328
2411831
1303845
3706143
4992820
108933
1707449
1976662
2226026
402391
98576
1234877
2055235
5191941
5837531
6378394
1898014
2760402
3333065
2400653
2328892
1341946
2217844
227486
2247035
855966
1645773
1552690
1896659
91877
179109
2726180
3161760
1608037
588167
2839340
3148574
757530
1278445
1990463
3161778
3106694
4978938
2698655
1720791
1703251
104434
1233624
2813721
4882035
4513131
2776487
571548
3156248
1999492
3464845
201347
3359178
783003
397146
929524
247253
1962419
4012698
2008580
25530
109695
3871741
3106502
2198387
3718664
1928251
3286581
598720
3251337
3989255
3672784
4856852
1983115
1394961
2005967
1873387
3275228
947053
3230704
536054
115758
5236036
3429516
3390893
3641332
546730
3006001
39110
4174329
35184
5214605
2285017
1914728
4009460
1064900
2003538
1088717
561221
1024531
2758558
577232
68558
105009
3665894
8283441
2402640
769064
340249
1704323
1696994
1926287
5286854
2596935
586031
1606394
3454137
751622
1949208
4034050
2138697
2803523
3948245
3969602
2105943
3343714
3213234
7214969
1960059
1700845
3155943
932318
2192439
3139932
2387017
2754937
3478649
5652105
5392905
2501617
2011744
227495
760967
2271178
3384004
1031424
2678834
4269316
3973261
2114814
2563038
1350835
4989759
1952042
3602532
2799580
3622010
2086286
5919750
7214681
331239
3305638
664983
664992
2760465
4810817
3156080
483341
2136765
2158131
5218017
3922278
2169658
3818950
1967528
936531
4171063
4614327
1950138
4397728
5020065
5277968
2164854
2617377
2153679
162246
4191407
4025509
5263771
3288818
1394841
1971741
579573
2748998
5331215
2113757
6996218
2327466
3591153
227237
547575
3462704
763670
3694260
3380484
2444790
484183
6302030
1315254
3107193
8132165
619056
4702032
3959108
626994
2803058
206347
1968431
1894091
936510
233192
543964
1703239
2520414
7437541
333832
3140629
932552
3455829
4022341
2493615
559273
5249568
2004251
3866758
1950315
4030193
3978981
3144868
1460208
16471
1934164
2276101
1997733
4677302
560582
2013216
1950162
1925186
2572634
5064097
1802022
1701481
2506017
1707788
183386
2560970
4171069
2118192
1386464
7456137
5292205
343684
2520292
247181
2003309
2615165
4510818
2492356
105112
2510464
4306883
2542431
1967492
2139387
2003427
5438243
4380841
2579543
2531555
106595
3580515
2760699
4540447
3460732
4706345
1933641
3955882
564738
5036592
1250469
229431
4028314
1969615
1934511
3793963
3841364
4928730
2147645
5430225
2228376
2089188
3372407
3278814
2140640
2408989
6584829
2410178
2005335
4250874
1890419
584603
2111106
1950354
3988708
2405418
4249269
2013414
218453
5906701
1692580
2537109
2014896
1249845
4540411
3866499
4243899
639241
929350
4257087
1851093
4722578
5080005
651909
1956711
1304380
2622637
113659
4516750
5218384
1402481
106526
4540417
4992512
3739408
5638129
2005862
3520530
3980519
1996689
3841412
1866857
574782
2754616
554776
5067041
2747801
2804337
1910581
2138994
2563041
961480
4852979
2082550
3946065
3952779
3729477
2484883
1460649
760829
4116356
3005620
4916652
3160728
2069400
3949450
2768065
2840966
1933764
3380346
3624716
4540444
2730075
252571
2139142
2975337
3106730
3208062
162030
3390195
293382
2781338
2776472
1704338
7459080
2048757
2240541
2075941
2776493
2514843
2510476
1953643
3973306
929261
1005245
65558
4444208
7666226
2159591
268962
2086767
5057992
2171608
311631
3962297
1427645
3822103
2755226
4985325
2002838
460596
3959180
1255186
3105914
607432
3499252
4025864
2560976
1341336
4339044
5950818
3984446
2279340
3701718
2050572
2008163
3108375
3368500
2081672
4814302
1982544
931729
475356
2985609
2287457
1811302
4386653
2159633
1701256
2844869
932303
2183229
572584
929980
3685635
2782668
2422028
2189181
4271394
5191779
2370211
497177
929740
4290962
2757390
2495447
2907062
94874
2201450
2278671
3478694
4196800
2847188
3218709
2350332
4022497
2242765
3348000
768998
1147138
2152949
561319
1959052
936084
104629
3200642
3137801
2053484
1903703
930108
4096053
4536962
763832
2114154
4594363
4551711
1893524
2306713
4045558
2762207
4943669
7735754
3943330
571584
628460
1966223
900158
2165022
936507
4917787
3380475
3048028
2247160
2774013
955222
932285
4945179
2154256
608280
2168863
4281322
2156894
3278428
3051721
2774091
1508460
2011325
2003412
2452331
751349
3624647
74080
1508481
3419449
1950174
1219416
2242660
2411053
6701602
4150967
3107181
3375064
4027999
4540435
2138541
3373841
3220741
2355086
2071821
2502217
7076389
2003532
2198219
4515907
4480095
369534
3577287
2051161
2262728
1735217
2250006
3380481
4027574
3303000
483338
2357787
932414
2118781
2216932
968592
2355792
4071225
2291582
2003084
2844032
2253216
3959233
2563152
2770359
1342212
4722278
139968
1350436
2774481
3166933
1182016
2716938
2771595
3216972
5687206
2678787
2139372
929986
559249
2501773
2205657
2244297
2829282
2784371
626773
463936
3693367
3665530
1337222
7289622
2164968
388534
4046077
2813209
961891
2002946
2024032
2974575
4168995
2663487
2725309
104982
3516244
1707533
1737884
1434331
2495088
3960086
2230258
2747554
2395672
353636
3000905
2166574
929554
3172168
1701940
2357216
4205528
1963823
1952039
7168250
4281211
1406593
4093421
2076031
1894208
2501776
33173
620644
1981698
2532859
6443456
2805957
2784650
2485834
3862730
2662550
1041973
2750071
2164773
7532797
3364287
1910566
3985829
536042
4279547
5624992
3017076
2081818
4234374
4951773
2681634
3362815
464116
1882199
2387020
1250463
2482945
2197553
109992
2149689
2015863
1996173
2974599
2006624
2003571
104988
3233470
2138772
2263995
965024
1912721
113770
2129868
5505470
2788968
1618360
3048016
2118177
389038
555109
142593
2084344
2480804
3106784
561564
620674
2005368
2578819
3375765
2005410
3739405
4011923
3482862
5161225
2015248
2781206
2433549
333770
618771
2387029
2012949
1060114
2775407
3153569
2205801
2262638
3956263
3262470
1936390
113629
1924386
2497055
337980
2756102
2083556
3870408
1763908
2217380
4029752
2724593
930034
4087629
156950
388894
3105770
4270203
2520271
2760513
3605855
2080568
2526069
828847
3106712
4331486
4562653
2075962
2619230
2477695
5255919
2756147
1443553
8170636
326465
932282
1927644
2729877
345188
2093005
3510427
384613
2510678
2165337
2188019
3374765
2822509
2469885
103693
4626271
1608109
3653430
4444310
3733227
2297461
242873
627127
2280789
4614792
2710608
3356509
1900801
1433921
3106688
554118
3449410
3337138
4270191
1707401
2086640
3256286
1255196
106511
2847329
1537178
1701163
2484853
751298
2049815
5662445
932315
2053577
174901
4272603
2262365
4008592
1705546
2164962
2538741
3771932
2803145
3973336
2055600
3248461
929584
4913640
144685
2421372
3385455
2487161
3015889
1230824
5566579
2974557
4906340
35286
4221232
157226
1523077
3207522
1692943
2673043
2013108
3638171
572572
6697205
1265066
1702604
7509358
3622899
396331
2138694
763309
3147905
3845731
389029
345254
1062033
392379
3829692
2965496
1255189
2767089
3369166
2762699
2399753
4991296
1701136
2462401
105000
3961152
2742194
4158151
1775883
26861
1568744
1397200
4345923
651349
3983203
559345
4252442
2105940
2152287
4257922
2453253
4616010
4549750
3795197
555097
3980558
4257202
2311244
2494355
2813203
3372750
4272192
2139232
763826
2781327
227498
2776433
1961948
4441819
18836
2744478
397254
2098686
561633
2499382
106777
2550360
141416
113653
3959144
5461414
2003409
3108096
4443677
2527766
110562
2591547
2397574
3388948
5069793
6984651
4566211
3490792
971346
4140825
1968780
3339428
922031
3335381
3925743
1607992
2948950
6724070
2278608
4027789
218698
1335120
3794713
2165373
2820205
1382880
4128522
2712845
4491923
2269070
3715479
4591410
2235499
2761428
4808926
2110711
332103
104482
1219788
1952036
558497
855978
2767551
3156937
3606070
627043
3167534
3558049
7659135
4929183
2738236
2049288
3108366
2868413
197782
1231527
2766335
693136
5185131
4991242
1674970
554542
2265616
5273662
4677627
3217822
558218
182605
6678406
1934041
920532
660254
3161763
2371958
4012503
3173210
562628
1950593
2764750
2765413
198130
619071
2499943
2769717
6152225
1365289
4157121
2003252
2003246
2260127
3173306
3019459
3582128
2241823
2145815
2190586
3966292
104973
3959093
3576857
34104
2758684
2371532
4987796
2777392
2140094
3177487
2486353
2265667
8007055
4718894
5476271
1779553
2466371
5051201
1606478
1963327
157160
3694429
1606535
8318918
3288452
2233219
4126744
3959072
4257073
4833634
4512649
2167399
2223178
2805389
4548608
575976
4162643
104952
6196466
7040093
1935616
1701082
3956476
4497813
4722374
554758
1710331
3483252
3156104
3968655
1182040
3153296
1035166
4290093
2071946
389008
205046
2751241
3544007
7560530
2773564
1606532
2952969
1702029
3622902
8206351
180502
2883156
3171352
2052306
609316
1701913
4443239
334002
1886372
2716950
2044984
2802268
820323
2164827
1890164
2585509
4133463
877516
6702287
560516
8089869
2113518
1910075
991560
3156946
1499948
573486
2620794
1537175
3420030
5898665
4646021
4983013
8003288
3313888
4625098
4257162
2045813
368769
2253243
899735
2495811
2065941
4347584
4903087
3813400
2774820
3455832
3153302
3636836
2152961
561466
751837
1934295
3662895
4190787
3241144
2515100
114341
16468
4582833
561239
2434752
4569189
3171397
2003487
2476161
2138532
766006
3177838
4993027
4805249
4675913
4360563
816160
485248
105058
3370732
4805846
2002450
3161766
2067088
2844215
3264195
2738053
2712923
2294538
4748891
1082555
4281262
483335
2778587
3919770
4011520
3434766
1996012
3007973
3510150
5226806
5184341
2466619
2107377
4148934
573728
1701730
3160764
2003814
2057055
3395894
57644
1780324
4991794
1867739
2046429
3156191
2153054
2066889
2265631
61019
2195115
2993465
162382
2114091
1240383
3412209
4732502
2418602
2265679
3241620
932309
7289628
6688541
2386972
2069889
3871582
2138763
841871
431615
2826945
1631015
1996197
1336945
6949488
157619
2775314
2812873
3841367
99083
1477895
3376893
5767442
2233647
3741373
2308105
2520274
2740516
1930567
6857972
2253061
3216714
3941788
1950147
75781
5715475
4024791
2537888
2738507
306453
628114
1256994
3161716
220367
1409066
2766362
8284134
3693346
2139070
4175938
2052444
5408588
2844947
2309632
4828279
3191975
2327472
2306737
1314894
5084239
4985805
2002913
4688472
2678790
1950620
4608276
3980552
2092318
3368497
5886971
1396955
2809869
2139794
2829351
2829588
3380478
3107010
2001280
1738718
5890167
2740366
1400609
558686
856010
5125362
1711133
1120770
563017
2431154
358203
5217655
141676
412247
4386677
3333961
2002094
2166583
16426
2467362
2775170
833391
6835750
460263
2138808
5658934
1702901
315315
554539
3913646
2515306
2181024
329681
1078855
7544442
273195
5143643
601108
2778298
4271442
6775255
3256390
1399651
4131070
2740902
2844026
4524271
5033124
7104536
2001286
2556454
3441713
289031
762761
1246082
396211
1989026
2165950
5950361
27252
4525443
3329930
3989201
541438
168162
2003490
2823066
1972960
2003168
3486721
929743
2183250
558908
1705657
3110950
3108402
1224991
1422761
2237022
119189
932279
447501
558341
3813364
2578816
5234739
1177939
1928298
3107253
4412286
2265664
4984486
4219373
1969197
2009586
3155141
2227368
2501803
4697922
458383
218912
2108314
4774505
5088820
3082382
2831178
4250951
106571
3398083
165742
108818
3329879
7872663
3488960
3155637
3807407
7717060
3603114
3631358
3875941
4973469
1928851
2238437
4281223
608076
3380469
3526874
2507851
4205213
4259886
3258168
3192142
559228
1278451
3107004
106487
2101462
4031494
4991317
3107934
2784356
3330303
141877
39092
4682806
3108102
1061373
2139000
2615434
3209164
2311166
1096512
2459384
574432
2780407
3290066
929650
162234
1227911
3418583
4693320
4595321
2359181
890776
2139396
2447505
3463431
3959081
2138760
2807448
3419290
3026714
4024576
571593
2781869
2076025
7275264
2078995
251880
660872
1234521
4553891
2821551
929258
2077213
2139012
4281205
3580512
5041378
1700737
4264017
2065857
3973519
5564275
4408023
4076171
3961527
1140907
4540423
1251395
2754784
5200893
646497
104964
2081363
4160149
1701907
4986978
4956332
1323190
431624
2783460
2773211
1707695
1406674
1701160
167628
162042
2237085
573595
2081998
1969053
4151397
2067450
431609
2532019
4562612
2774061
2662496
396460
1425259
2004257
3817576
3107424
2845394
3105488
5557530
2193543
1331874
1374963
79474
2744943
4927729
3408383
2447514
2948979
5104879
1886024
4989633
2139259
1307731
4552646
345088
4540118
562625
2803136
1220514
1719913
1886572
5062723
3380457
426511
2138838
2482675
1950623
463079
141787
4195888
1967834
1473425
1744689
4076165
3052267
956471
1897845
3875971
4210028
3913559
4562606
2705782
5161261
2005054
2769261
35601
5133181
3161885
3458865
3796417
1590974
4722308
1706215
4347545
7531948
556598
3763860
4411484
3480936
3159246
3278650
1705793
4347605
6347129
2101456
2753995
1705718
788245
2641662
3991737
2387032
3368344
2536591
2164758
3832479
1911514
2750922
4847324
113761
3288380
2111289
511122
1423331
2386936
1867805
3020526
4270200
540818
466384
3218664
4260935
1179151
3288398
24542
7289705
2830504
2600202
1368840
4989723
105097
113773
4208139
5918518
3140931
2726918
3466230
3970500
2753959
3390422
2677566
2403163
651478
2660235
3108072
2064265
5765517
1719866
1972348
3052273
561209
1702379
4713860
602150
2778695
3455895
2434773
3514667
2187712
2005036
2411680
5015756
2764423
2871278
1406272
2771128
5477770
2046001
3479869
4577907
3026726
4488362
1933638
2715452
929803
2084419
5654214
6246693
2845502
4065194
2515309
7046357
113803
104943
2782040
1224855
2083048
2625098
6318096
3777322
4133910
2138550
2644820
2084458
5551289
3445103
554205
2738230
436572
3634260
4549717
3263849
2325670
1971945
5202411
2755676
3653705
3279130
4219507
2109585
403532
2357318
6213069
2784413
3106303
2418806
2755502
311562
3941767
2779894
1060084
1692583
3166275
2776499
126782
2744460
2590046
2271620
403490
936537
2845574
3832971
768962
3019686
109701
751370
228219
1222059
7453324
4309684
2164782
3278605
3848968
3970636
2172587
4746819
1464402
180766
2181051
1709408
2776439
2372362
112803
936063
2678813
16444
104913
2503168
587792
16462
2045398
1702112
234797
1945404
257296
3706119
1999114
4208183
3602297
2241036
2326001
5034252
7655166
5824500
4264333
2769050
3931425
3261170
2764853
2507467
2080017
2247739
3451903
931036
5256719
2201375
108972
3155138
3663367
2002297
4067603
247238
103696
4804739
2794154
3035647
758259
113758
2845196
2048124
4991014
2765398
4069463
3845323
2801005
611043
2400512
4649145
3663463
3975906
2518594
3365972
1702058
2387035
1925793
1926290
1606421
2104921
3557468
543214
2844212
37919
600277
692963
1224931
89876
932321
388408
4460440
2063958
4525482
931600
2784341
2065938
1933770
452063
73280
106812
3330336
1950545
3156221
3140046
1996218
3964074
3161757
2604087
2502666
1966699
2764375
4930740
676425
3155927
2163273
4445503
929539
2198024
3931407
98887
4957232
969295
105070
962446
2715392
337702
2480297
531695
1681824
2754025
2770176
3814424
1294300
2933942
4499394
68549
2985591
196047
2188068
2816843
104410
2698469
5886800
3107151
120030
1371525
3012124
2844332
1280902
760673
1915246
3731642
162162
279274
2099517
2775437
573183
3458877
2114850
2848363
2099044
5969443
2870698
563116
2844005
838410
3968729
4929832
3402789
2619245
1295514
558296
251847
4444217
2767880
320519
1311122
2965526
571554
989600
281803
3051691
2274687
2847476
2803187
4492126
4986722
4928908
573501
2184341
1183984
3970706
4489712
2781620
2727756
4163902
2002186
104967
3989441
2173793
2720921
2411650
2771864
601063
651873
559207
555112
4012165
2873511
2377960
5425076
1046109
2015268
99140
1479449
5607314
4117333
2050560
228195
3040212
550962
2584480
4257138
5489761
4430559
4686123
19162
3479465
2755724
2604093
1148133
303938
2356596
558332
2280801
1702685
3492823
2778764
3973525
2010117
3614361
2756111
1247976
63302
1538843
760504
5450887
2138547
1996677
1926296
550097
964292
530467
1745343
2113763
1928083
598151
2139304
4497405
2258625
2048894
2811191
2262725
4386668
2047882
2447050
2048064
5027838
104958
2002676
1399672
2628606
3106387
4515868
2820428
115687
1996149
1705624
1704086
1406980
2242586
2006435
627847
7336129
3330121
2770954
3381014
2759766
2138877
1646497
1424191
6310912
3539083
2428594
4333900
4281199
4205750
936534
165778
57946
5430136
1181749
105040
7129160
2005303
4109079
4376320
2585887
1998320
2092255
220322
642613
2425717
627010
4531655
2645921
2139067
2235505
3293875
4864555
2801774
2247316
2007357
3959051
2152958
3105857
4212521
2423891
2003547
2248595
3597414
1723759
3837432
1255193
3968601
247793
1231455
8045954
1998428
4331501
3394637
2005449
1947166
2892754
1945395
3803439
2002183
2201351
4110256
1606481
141667
6757339
1477904
4058822
1183990
5260723
3486718
315298
104934
3468827
558521
4265014
3106700
5079335
558524
2135843
4174323
2729733
929326
2824511
2075477
2579750
1561496
6143067
3189814
2253408
54594
3970212
4244148
2847550
4276207
1806740
2271461
1973859
4069811
3107676
3486748
2718547
995289
4130326
1225639
560351
2234995
2392772
1409117
929836
110161
561188
2362081
3875621
6701395
105031
4491926
2803205
1258461
3605968
2372419
25515
3391564
345079
1948934
2003421
2164919
5081458
5081452
3987239
6676085
2270756
3380472
3986979
4345193
2431145
1477907
3084663
1671315
623930
3165599
2526043
450704
4194832
651352
2111331
1914526
4142626
5116687
5084242
4131061
4323746
2520435
3650881
2527555
2788244
514583
5368770
2082400
2378799
763733
3304135
3456916
3526205
3144620
2012445
4675957
1729085
2515748
2847338
1910548
1957688
4645509
3991248
1891337
2425517
145261
5033115
4191581
851402
2186584
1118351
2005964
1671381
618570
768965
1996167
1972125
4209633
645166
932306
4370536
2408174
1910617
2753765
1997507
4192499
5097839
110643
1249160
5872082
2764826
1950581
2563044
1425163
113641
947056
4913805
4711368
6671410
932312
548804
321669
3965638
4256458
4310291
73061
5016037
1887062
1605841
1317495
2007498
1982445
16459
2308102
3168412
5534308
3468242
1950465
1433933
1021116
2473375
3248392
3805688
3260824
3048034
1996704
826975
74092
1480991
2767182
4031312
2581625
1425334
1970185
2002165
3516866
2734431
1776256
3964005
558704
3628052
3264977
33200
1024783
50856
4443758
5202453
4257186
682044
3418289
1702175
2611474
2716947
760381
4126755
2453250
6668813
274344
1341898
2142041
3587213
145675
2431020
4281208
931639
3984857
5561131
2111283
815811
6671437
2504633
2574993
2784653
113767
7640273
2774049
4500036
1816166
7547969
180490
1996063
1888020
1083662
929560
167586
385852
3605549
5020018
1944633
5165398
5564146
3639530
1950141
3539591
3052651
2020124
29234
7665889
762819
952998
4751985
4922625
2220943
1736158
4348315
3206762
1374135
229419
2800750
2538649
3462563
7289625
3155267
2805386
2436181
4104526
1933536
588467
1724036
7564849
3985665
932339
5023751
2007468
1999108
2152955
4812176
2241051
6315272
2076013
5472161
4208824
2324003
159499
2453247
1726793
4254821
6204879
1605844
2744934
4474302
2715245
3051545
106499
5201624
3626765
293613
106589
2165028
2164989
2390361
885872
932204
2444685
2816852
3048747
559204
1998171
3124779
4246139
2427067
2784344
4746804
5272174
573725
3161775
2098137
4418877
2781758
1606361
6299057
931591
3329927
4992548
2528074
313375
2377969
2164872
3048456
2764393
3520746
2546933
932342
7940108
3290237
3730725
5206237
2759913
4501254
618579
2612888
2491214
4292249
141703
2243661
2768080
2138535
3406570
6681120
4540462
4133232
953316
2536980
3500767
177510
1996692
929605
3031215
4108525
2752621
4621681
180799
4379285
3190114
358566
1304227
558761
113656
192517
1427816
3161506
2164907
2488638
2442913
6466116
2453543
6167755
1998135
2405928
3380487
2504752
1493379
2291604
3144972
932345
6390
2948959
1082561
6681844
4540441
2380379
2071397
5402024
3466043
2235760
2632478
1995994
5885437
2373418
2771244
961837
1024567
2048923
400396
936495
2164806
2191819
1162424
2066088
2512122
1776769
3954868
3957938
2080419
2139393
2141891
3107592
2203984
2779076
2241653
2408012
2113766
6325182
6775753
2387023
1934074
1370658
3960074
4732230
2308903
3763110
3981921
3816287
2579205
5028124
2481193
2003177
3654011
1942969
760624
2424406
4100564
5702425
3578368
2504621
2747789
105106
1917585
782466
4079542
1531050
2194950
4399839
2712824
1928295
197971
558377
4202919
1545068
558659
4138950
5601049
1926171
3959230
2194965
3922272
1736230
2271190
4030196
2724380
3983334
2855059
1394922
2502205
3416972
627109
4972620
4925428
4501383
1336788
2672599
183392
3016407
4913808
2807338
4751979
3155464
2537328
554707
3215096
561197
2446875
558374
3845329
2237031
2001073
4987835
2203305
3961149
2777056
1998132
2138529
3648208
103681
2784446
2003114
4939776
619310
554734
3107352
1295544
3144501
1362551
1950405
1606202
452435
4027903
3227635
1914653
2060356
574522
1399902
3172701
1890962
2767113
191060
159568
2279503
4042992
3403802
1097142
2216289
1986325
3797884
1917961
4805471
2288847
2758759
5020038
3108558
49252
1331653
3624923
2191236
4540471
2139115
2847203
2121961
4422239
3796522
4160419
2780437
256134
2784425
3261223
929467
3382564
2075824
3105827
4268063
2787121
936078
5192252
2241204
4257866
2052986
2726399
779763
7324547
3984980
4547205
180088
2560973
1787078
4005169
2781584
3627279
1950584
600319
4281259
1254619
3161772
34310
575979
2003180
3186586
1726787
2006468
3380496
4218371
2234644
3329037
1309927
7732644
2430039
113782
4337521
5065025
2845412
2194451
434340
2014947
587266
2974590
2382241
4897345
1961107
1987062
2071973
1519002
5078717
