7356102
6166074
4436954
998334
7807850
1650848
3687437
487532
2183023
6760761
5378356
5727720
7748360
438143
5722770
5613104
6706539
3656109
3527457
2650159
7535708
2254590
787486
1796374
2165163
4157298
1885589
7515272
5332098
6108183
2581658
7761071
7083752
6116527
2425283
5764757
3207714
2247223
4052870
1629720
4528049
3226613
787420
5391421
236280
790594
5403986
6503656
5784534
4143770
7371946
1118706
7401131
22325
828935
3698913
2057455
795805
230655
3498696
4559736
7862905
6538131
5990479
5672000
7507990
7908275
3654539
3687866
2136176
7062845
6443226
6430838
5180151
1847707
3597697
2983454
1477871
3655389
7550750
5787260
5681447
3865120
2240311
5874598
6671835
524513
7364567
5415311
2425286
7991335
6674110
2075956
5330733
5380175
7155679
2865269
6298648
1651721
2126113
5454160
5883791
7721582
8042678
6673744
6133183
2896211
1043403
7078325
5460739
3658350
3490636
5763805
1567540
5882199
6540681
2234252
3878517
5795485
6095801
6405325
2592515
73589
3602181
1302823
7996305
8120563
2186454
4573354
6681222
6260385
2159212
499845
5699165
7515051
4763702
3205280
2575459
8199099
6510994
192592
1029850
312201
6763296
801402
2929379
5559494
5742171
3309808
3440194
7731747
450039
6783436
7880840
197158
894126
799501
7702067
3377180
5758701
18284
5805828
474473
5706049
7699298
4239003
3765558
5821769
6285128
5309854
6960711
5484309
6914934
6784743
2161387
3955176
5885654
3414965
1738886
3866505
7708265
8331078
6791293
7388812
8156072
5403884
1907450
6796752
7646611
3643220
3207445
7508535
2652936
5548209
7878687
6056841
5565536
5336989
3453948
1536555
3908501
2434092
799375
111751
7345654
6792814
3668025
2432597
522798
798547
1472418
500627
6176563
5506791
7846507
36047
8306806
6297794
1031355
144378
7140713
6347970
277527
1424044
6811383
1316025
6558704
7880459
1083815
6681240
1433217
2027574
171961
8147309
5548191
6046195
7368744
6051867
1269917
7682027
8050328
2251418
3534718
1963931
4396794
6398645
798946
3596344
5611510
5453449
7254416
2246619
6775951
5675665
1600425
1203663
206236
6444418
257798
5480216
68463
5409617
5834274
1650977
5768193
6185181
5568734
7286755
6037197
7257896
4866592
6787453
3396518
229866
6488829
5509524
501212
5567158
787471
2578849
2819373
6423327
7862992
8330119
1707698
510155
4403620
8070267
7584552
2224719
5575339
8127346
6233029
19225
7697273
5436625
4150081
4001614
1247268
1500422
1795286
2779783
1949256
3662640
6391860
5414026
491584
3660062
6238396
78793
814757
5768501
6478210
6084458
5676790
4156091
6670625
6797327
5775620
3619109
78385
2222704
7879846
6511171
523969
2214996
5831857
5671814
1715869
5738340
2251625
7478164
3674505
5402773
6244531
3694269
5149055
1590814
7307345
3663903
306540
5483462
5705968
1174709
6799292
3578773
2557163
6103350
6884145
3057075
2185984
6503923
122339
201008
2231241
6178533
6793642
795182
6345452
2184636
6217018
5233180
1211044
6916743
5414464
6928096
6943289
3970356
7356370
7081208
7365531
5527714
7533928
5648312
230457
5374320
6345605
5338494
6781504
5671967
7156218
317467
5782055
2189385
438146
2267877
7504682
906696
5816174
5771130
8330125
673509
8046587
5336141
1268128
5330528
708746
1978180
5361804
7232716
3201791
5414338
7660055
3984494
671684
7599802
5520830
2350017
6095346
5361070
1079047
800638
5882369
2425185
8047106
7095346
298993
2049562
3207397
6348159
5707094
5332009
3387669
6394729
6044901
5414701
2101506
7285699
6047946
7171185
78784
1083303
2547235
7616326
5743181
6401895
7655399
7238089
7762031
250102
1580440
3690496
2171391
2651949
6040697
6409405
6454883
6540256
6680512
7630957
5999920
6503738
96027
493086
6797862
5243330
3208167
5884127
3872048
2743656
912536
938348
175481
231640
3988567
5881228
7123481
3602103
7111622
6181256
2642920
5837887
8050299
3238
1836013
7032921
6441082
6661341
5314540
2609759
5874977
3592316
5723330
2243094
5379264
1033154
3713696
510926
3625601
7868000
7578220
2715816
5331428
6691548
6133054
3728555
1839515
2713348
283399
324924
5552641
781303
5834406
4476509
6797540
7055787
2010478
504043
3688271
6361059
1817747
2461112
5799745
6767320
5671158
5378064
6971748
3679679
5336192
355102
6512543
97671
6133030
6401880
3660146
6961596
888635
6180227
3350169
1291673
278653
5830585
791202
4156496
6664236
5874941
294419
5440305
5376368
477328
667689
5339336
466617
6949545
6405313
2991030
7034526
5453226
668235
401051
956059
7664497
6687017
2862341
798760
7178706
930635
6604266
5790436
3239612
1376760
5422599
2254653
7339308
7820498
4825984
5960996
5654115
1893584
302450
6072129
6961147
522720
5377742
6401674
5896616
7983623
152510
5483579
7970188
7273425
4151712
6503294
2461549
5378145
6084796
4269098
7813074
5560792
6338632
6152252
6056835
6201170
7115943
5982365
2117659
5919131
7713077
6296520
2978103
5891575
2395747
7271281
450476
1569927
839887
3766417
5548227
1614649
8080951
7047997
5548761
3530250
1040604
7104745
6185085
3670568
5688419
790235
5831090
805648
610687
5671155
6303423
7375672
1913337
7513317
6175336
2126704
5461765
3654749
2261660
5420155
6044485
1397056
3258159
3208374
4565280
5770331
5465528
2185927
3207199
3568522
633413
5376803
4411776
2474733
1379416
3565228
2434155
6298615
5445760
6538173
6154207
8282049
5403196
533764
7553189
3676153
4122821
2465856
6540160
4347826
2254611
2773220
7098065
1738963
5840336
5959231
1017375
5804410
5839047
5607509
2570430
7783162
2128563
798469
6133415
8051549
7137333
5451428
10072
6783873
7232758
5340629
5020533
4471081
661516
3201904
7660043
5330534
5331777
6297755
7080307
2463521
972224
3208963
6953024
7801121
6770681
3130617
2243253
801444
5655801
2329417
6428425
6301856
2061977
5547977
2391099
6136120
5648357
831305
732229
5369078
2871126
3280796
5092192
7713164
8088015
6512179
3655983
6230522
4670874
5949792
2217242
7290389
4257633
791304
5680172
3394718
1991303
5857705
1567675
8212900
5653237
3538637
5469593
2395735
7273781
6385725
8237527
6464331
6680982
4398273
5528484
2547121
6978618
1119030
3454399
3795406
2130355
6502694
6260442
5343734
6585992
533536
5336606
8305067
3249317
6709382
421821
6401874
4646940
5482182
6841168
7534447
5613071
5309944
7808212
1492626
858861
6184552
35340
5494662
8205898
5571832
3654587
5386205
2268738
7287004
1460031
1425003
5334911
7394063
6800756
6284982
8151441
7108291
8288840
6078111
6797450
5834298
1561392
3380127
6062650
424889
6444436
5786927
4730198
779622
254137
5770876
3675096
6321598
2783142
7730047
3200573
4652359
6601480
8100638
3964002
3154159
4716929
3840357
5779261
1238857
1699533
2578085
6328332
7080403
6443900
67110
2567625
5440111
5961697
6663768
2568984
2266438
7698359
7473593
1890389
449958
6300945
3875535
8134357
6512546
3586786
5082175
4198186
5824416
529665
5490404
7546485
5784510
1604489
5432971
4340558
3196425
2127394
6693727
7830951
1065163
3233455
6406643
6797219
7527237
5655002
7344393
879355
6504165
127522
5617344
7630746
6510721
1889843
5521336
4842081
5874968
6403586
1175195
807538
6101285
618573
3865396
5765426
8010484
5492887
820449
6501053
1639578
8158475
5192944
6348748
7697285
2070889
2598185
1044042
5376418
5414956
6184984
7706067
5112420
6839321
6496957
128188
8422
5682105
6499078
6965571
255989
6694724
5780245
3534062
380074
1996314
4152221
3998072
7485627
1289219
968468
5331395
6761232
3666844
5522008
7805922
6147103
6504525
6059060
3203495
6425284
5765790
2328467
4346239
6774943
7820261
1064735
981378
3170444
1151160
7110517
236181
1704602
1885331
2457962
6722106
5362679
1664577
6812603
3146734
5184301
495606
5858970
121944
3198613
3201257
8338099
438152
7532692
5800569
3655091
5760294
6708481
2660721
2643807
616862
1493947
2647962
2120213
3539050
8007552
5380346
799102
6220981
7588262
3311583
3732150
5679942
2151921
26786
4046808
2531315
5323265
2757782
1847683
5789697
260070
7935107
1848272
5136258
3996368
8066456
5346086
2671999
5839107
5453965
79540
796389
6774235
2482975
8030791
6286306
26795
6784740
4336507
7270635
2257444
73616
767061
5773719
5333272
792236
5400255
5758947
1908509
6541680
5999048
960120
4364444
7524703
6901182
24080
3538640
1887855
5829785
6695939
365258
1892306
798316
5678285
491172
7506393
6593560
6444439
283396
3286407
524507
5656788
5482919
6408925
7113188
6326401
67179
8204111
6176578
3755520
5884136
1593812
6490154
2395705
3942205
451353
2364174
3815532
1145212
6442974
2409953
5506719
6884199
5681168
4877343
7010575
5229068
5671550
461916
3205738
77529
6405954
2823953
7291268
2461373
6522504
5767172
1269578
6675758
8200233
6239862
487025
3380130
7486466
6549820
3654338
6796931
3203112
1434155
2823719
7015099
6153026
5799014
7047991
2216001
6501200
7108602
3754040
6908308
6336390
8051119
5829752
815261
6858743
3533702
5330547
3988867
3205301
3017939
2125828
5877845
8070171
3242174
3233978
1201780
6309017
5474615
2111646
3207439
4157680
7806933
7048726
2461115
439708
465047
78454
5616941
3477719
8045681
7535711
2660696
5432818
5727717
7125843
7752960
131834
6858020
7594098
834069
5520866
8158931
5372439
1822595
1894067
4263356
6539144
657306
6549625
501800
2082281
5534975
4162155
2717473
1495121
2665100
3198649
5461351
2911853
5930865
6179995
6967812
5323211
5545993
3042061
5867413
142674
5578171
5790998
77897
86353
7256264
668274
3208807
1563761
6539264
6499186
6898755
5830603
5909414
8154772
5764766
4541692
4121935
7369943
1900927
178682
6518482
5871034
6327783
5876135
3995410
795704
3765761
6992610
5875985
5877435
3397211
528096
5614264
3303401
5469620
5785425
5564209
2098041
5888664
5400234
5755735
6335850
4649953
2551
1941237
795491
4258534
2601708
5403992
7605825
6686255
6562973
4594381
8125729
2700182
6638071
7099886
5772566
305618
4909253
5459659
5798984
7089666
6499663
2268882
3654578
8254174
414150
3938052
7583086
972574
3306956
8160489
788132
5560208
2244093
454295
499323
3507342
6795415
6828124
3208810
6710326
6961842
1354832
3999859
4838523
3207154
6319673
798301
5356011
5330709
1991072
5124139
1174498
2911850
6954137
7465771
5782135
781822
4089132
5483129
5338314
5873800
3465103
7083889
5961008
790893
5486888
6458428
5452139
2430244
5800674
3036926
131343
2719860
2656572
6954182
5658233
5680169
5403202
5786033
4083850
6541701
7079106
6425329
8102892
2996706
7394833
2208834
7076195
1668959
5317795
5659741
1662152
6747917
679947
3761058
6420628
8198044
5398414
3979279
1820432
6247808
6342417
935152
2381424
2550271
3005758
6796439
4112409
5338009
7258842
1475149
5389768
1823115
1478366
6826891
5434814
4518739
6772888
1413132
7795077
5813202
3668615
3872099
5878271
2247460
6498616
586870
6107772
7917362
7673074
989714
7387234
5986477
7104021
5407511
5391558
274536
7222944
6498139
5872201
4139571
1043922
5560735
23409
1184728
5794961
5826897
255983
6967729
533542
570935
5727826
6444415
2232628
800659
1407680
6421508
2023608
8047496
7154016
8064910
6178807
2755190
5546557
7547963
4917081
5527843
6184726
5568650
3551751
5454007
3813900
6285632
6059009
3971609
5715204
2684165
7624185
6309020
5445513
78505
3253008
409852
6538194
7534681
6503324
5390776
99868
6902284
5441600
6551007
3383541
5403832
5332416
7094942
7499443
7119451
2318047
761834
7456185
8197165
5483369
5836374
3178824
6356730
2240413
6360106
2924490
6271211
2033460
481276
2752298
1890923
6341586
7013508
5371414
1057237
6178819
5885561
6758947
789142
6838319
6179307
6214513
1718945
815759
7916106
3689779
929728
942201
4995507
6503408
5485108
383143
5778313
3377606
2282900
352459
8257534
5328107
5330574
930123
3205081
7084497
6666301
1973083
5874965
3389342
888644
7217429
5877866
6253554
4156670
5876630
1098036
7976435
7113308
246
5959228
8125669
5887062
6260982
7084743
440217
6330501
7588265
7661896
6427613
5941219
6586509
6692663
3864907
7550667
6458901
6055576
7913597
5482865
7624188
476136
1981896
5829845
4114512
5782138
3350039
5502079
6234274
6466578
7746635
5877930
5242206
5432767
235956
6345781
2038588
3540641
3666856
5481369
2035466
5874508
8051345
6923250
3818794
4934541
6603427
7805607
4262712
7377855
7031317
3214992
3164884
8034478
7535690
3350509
1309654
6011966
1119848
4929901
6546779
1939493
3691021
5422668
6216460
440214
5987641
1921282
3871149
2458863
465298
1203898
6899341
7726604
5535809
5481870
6133009
5548010
1147031
911757
6476471
7098456
6101381
458191
3487994
5529912
1932371
1054425
2125936
4971043
2333655
397107
7098465
801321
6505047
5500141
456480
6690530
696895
1761622
6312538
5336612
5671826
3243424
6666542
6446937
931480
2586973
4418871
6797207
7505707
6291068
6406628
2240335
6763353
5332739
2815320
4017767
834066
2849
6961425
5657820
5779144
5713621
7085622
3208338
4911375
679246
6511561
5331218
1267682
1528578
4172701
2101605
5657604
6348441
4653475
6498136
78460
6918078
7669978
7373863
8033850
1267769
7227160
4225826
1552019
7082980
1084042
5329811
5322673
5331227
6041909
5779015
1865410
2235256
683652
6333959
6570632
474981
6123017
34837
7808913
7585092
6675076
1052453
972305
5563318
575478
6406562
5775803
5671934
7669996
7365489
7578256
7392730
8165578
4158070
2269807
5738367
3484841
5342405
3684282
1738245
3624563
6220632
7282785
3421761
1999621
7052995
880261
259426
3657176
788991
6747475
7342673
7815839
3050553
972487
6175033
5884207
489541
4255008
6504855
6356889
5414317
5563210
5738337
5331813
6336994
3999334
7532746
5465517
690110
7075714
671630
5804407
5453911
7784285
7868249
6539111
2244698
5615353
4287964
7703860
5419665
203553
8283270
801507
7371913
311095
5488909
8058781
8012554
2414105
2576397
7183403
3203542
6785652
4254090
7317675
6933452
306504
3533889
6643058
1847653
6124454
7402218
4154193
2624919
1727778
5590506
993124
6875118
3665819
3818806
5880611
1893250
1085894
5647150
6787133
247787
8197069
5457327
7286358
5047473
1064732
7938680
3206768
1922248
6517665
925010
6037141
7474280
6541683
3539173
3602004
6664233
5680545
7634724
6401111
5737107
1053783
2869432
5806937
1114281
1940094
5544235
7759778
1450115
1093320
3997046
5888928
7542495
5876674
5655140
5541258
2240469
7907207
71778
6071361
6794498
1919813
5993203
917131
6063238
1492641
5764026
6918975
6081704
5343737
7862648
3665882
7114909
5450819
6902050
5953263
4150835
8208458
1712719
5412186
4293279
6112376
6503255
5547696
6512191
3574950
6685919
5321751
2215977
3980639
7925982
2701419
5568000
6128818
7809837
6494239
6906770
6707058
2837460
7934184
7042529
7535684
5873149
3669080
6355170
6744696
7295728
6181689
5711632
5093320
3036320
7102390
5460604
6039170
7939673
3810483
1833234
1928521
7190367
2063961
2870788
6905786
2242607
2269700
6400335
5579723
354679
6541668
5445763
78355
2547223
5969198
5331281
5379321
8162358
4203039
1514787
6674310
7079635
2226682
4234272
5484730
5337299
3936045
3487434
5664284
2613773
5787434
996259
5548564
8165175
4214297
1955989
2226852
293783
6800485
1960427
6795373
6404216
7043307
8070601
6871238
6858032
3960176
6006149
6041192
421564
6341399
899661
4262197
7283837
3196795
5657994
6511972
1307935
2264793
5780783
5579750
6515983
5548740
3951637
3987396
1007967
5571088
3183727
6687597
6325672
5453656
2148696
347881
5565587
962184
522047
1043028
429893
4823057
1940457
7286278
7295254
2148303
150174
8202685
2234202
7104793
3939709
424895
6502811
5378437
2134012
799543
3397619
5881789
5735886
7685612
7182346
3384247
2267862
6992475
6326086
6787719
8224948
5563150
5803993
7916427
7362775
663101
200559
2269792
6461050
2333625
6386776
6704394
6167296
4150542
2185480
7506399
21745
5884121
3670991
6883112
5738118
1306326
7423643
6359643
788191
7804494
5845787
798757
2214814
99551
6416491
5340695
6680847
8130048
480991
6541719
5337215
358042
910335
5149922
6804839
5420337
4141610
1806997
894123
3009609
7344647
5414455
1033061
7088041
7154652
6355460
6538200
1197070
8203180
5371616
6359506
7758445
5717094
5561032
1188885
8171814
3203417
8130461
3530505
1962329
5862865
1544554
5412842
5830567
6763643
6284985
5781782
174150
5332024
1882877
6928326
1274382
6156742
5122495
5414788
5681879
785418
1567657
7509424
5800686
7091705
5400231
4162170
6992409
3690130
5038018
5331985
3205244
6028626
471535
1557916
860500
861481
5441831
8200575
5124109
6326380
6850114
609247
5420149
6335301
6201167
7080271
5433335
3396515
4277308
1152645
7145890
7582870
6330111
668469
7951639
5339531
170943
5795082
5564170
251094
5928884
3654605
1709324
3198571
5484306
5444869
1991411
1966262
798784
5936910
532778
5433380
7963536
5830576
7659770
8138924
5433329
5248972
1526999
2701698
7805286
3201818
2588856
6565081
792140
3688163
667563
5341235
424919
6364441
6603999
779445
99137
1748098
7109421
5762808
1794674
93731
7531096
6061416
5834313
8051342
6006125
6499189
6252629
5856968
790103
731604
7797133
133367
5671728
4702710
3225672
6327292
5423132
5380027
6953165
3591992
6061771
3818797
6115094
6952021
4005546
4653457
1315302
5432782
814655
799048
5374778
7600065
7264981
7567929
5770730
5504810
1891185
3207852
5966189
1449873
5337988
6403583
2487176
834135
5337889
5422791
7137746
5309941
1523164
8049760
6133409
788575
177441
6499405
8068891
1672659
3196437
3088263
3560032
3665135
4017857
7939478
762409
6780915
7224473
5661381
2950095
5403439
7478876
5338365
2036364
798541
5906461
6791533
4704304
6787375
6546828
1118237
4724419
5405570
8048676
7833263
6320917
4287865
7090424
5865778
5834367
1748332
910946
103504
6270201
4936045
6482306
6403607
6178302
7303590
2174261
4780921
434430
5521348
2269765
4069790
7075373
249061
7549744
5811735
5873845
5734727
7945404
6313089
4107686
8231922
6800365
7419853
5974512
5960999
7185280
7653969
6797672
3208615
1025929
64682
955174
5493899
5565578
439702
2872071
5415160
7290140
6326786
3207651
460575
5767503
3690133
3768785
6399219
1707707
4234129
5112333
568764
3624965
5548374
7715055
800942
6285664
7620067
5566454
6404574
3960389
7244468
5462816
7517651
6347237
6533747
2667952
6349297
7291088
5647249
587092
6261082
7587504
7535873
3204394
1174871
5332218
1086199
5740755
6061985
5788123
6944691
3231540
5441226
156521
7419682
3318752
2584728
5460826
2333658
7718074
77891
6773437
8309898
3831548
5380343
5941240
7533249
6061413
1316372
2239129
7068881
3048213
79207
4541695
7821422
3959320
1454412
7430419
2095026
2462326
2265682
2604939
5450968
5872168
2070880
3564187
7897547
4145697
5782713
8302153
7898204
795494
2242750
5571829
1147944
3501448
5918902
8133423
1085659
1220761
2623297
800957
3581447
7671460
5565500
3229087
6303663
6040700
71835
6888423
5571641
1805079
2216770
1379131
5680434
3675477
3674448
5896313
6546572
8236384
6343811
7257507
7809834
6437045
3112725
6216532
3180440
2464603
3198673
6204682
4036313
3239857
5740980
36463
5919380
5694091
5386976
6408946
2703541
595954
6562268
5662018
3689464
3207666
5765942
3687440
5507582
2432957
6500010
7109853
6604197
4479362
2980854
4145076
1567192
799435
202611
1567651
524627
6421541
1363115
7283227
7938632
7085033
7542652
7013649
778738
6503965
2082757
1885607
5867066
6313396
6869423
6684682
502455
7352235
6140751
1199249
2431624
4690458
8005591
5338976
6779784
1991306
5104670
5341271
5796573
5481078
6268376
503794
3207513
3345992
1913551
6504285
6476486
3658745
7954262
1686387
5786627
2972601
7286926
7372139
2072575
18473
3664679
3687175
802010
6430749
6133153
1279256
6133162
3651771
7154725
5834310
2100918
2237561
2837965
3689110
5064562
2773597
4991206
6060357
577577
6425927
2040925
6221134
6786232
6346661
7281438
2306536
5485105
2474104
98929
3422109
8017400
3076684
5616590
2106195
189381
3001960
7280726
5661612
1885661
6538197
2982999
509076
3676051
5559560
6311137
2783692
6776249
6671205
2534766
7285591
6760740
5572951
2603656
5440863
474741
801435
7115699
2578864
7477897
6398621
7773217
6502700
2187074
5361688
479385
6790443
2783379
2010033
5663048
7991341
6660699
7545331
1065107
8055297
3866632
7371952
7954274
4158745
3567221
3672286
5484029
5396177
5149709
4754074
2767140
5084855
974629
7091747
3734145
6133816
7096671
6787812
1815665
4046859
3660932
5038552
466340
1085219
5475252
501854
798637
3208041
3237771
5309947
6545850
6215037
5336198
6784354
6232543
1714822
6206211
5103464
8126548
826153
5735177
6670622
679771
6519462
3444443
7374376
5877453
5481573
673386
5769338
5507666
6781812
1953042
7659575
6499708
5341199
6192716
5328035
888297
6133159
1089651
2661557
291161
6408366
6684679
6075913
4025596
3207567
6616007
3470835
2673418
8046365
1045079
3749938
5381537
1990064
6285452
7015042
770875
5329142
7809972
4932339
236818
3885024
6902326
1891212
612061
2580983
7674321
5340102
795844
8190154
1492596
3843484
8258544
517681
926173
6391851
6689159
508309
5475255
1304974
5484649
4583326
6994222
1477130
5766725
2660708
5780272
5899131
6337882
2010559
9994
1847596
1632508
849703
7232767
780030
6781629
6843478
331805
6326792
798634
5969362
5559497
7697794
6719035
6138844
6368603
4285728
3753489
6326756
8126605
931471
3207492
5425572
7876015
4566930
1086776
7921587
523323
8169811
7722412
2847755
790271
5830558
133910
205022
5364503
5800038
7106995
5414032
5834343
5361055
4704298
3965623
5429133
249
5779769
8199078
4704567
7356220
6761827
5877890
2247442
5985706
1022982
3691063
7106971
5834340
3563061
6326413
359800
1544437
6615432
6154881
5309929
7400594
5884130
6205324
3539481
6910358
7758355
6548445
8151468
2911847
5121877
472252
78937
2231499
745496
997045
3009588
8285259
6404037
5680548
6423274
7882829
6341772
7562036
3956128
6887367
2651940
7379812
5415305
878569
674865
3536725
8172181
4838337
7801901
595223
7838615
5414461
6499935
3743571
2175569
1017401
859263
7286266
6435586
5611110
2230816
6858026
7874051
7342149
2735937
4094786
1567696
1567726
6532712
4958433
6295857
5831279
3450113
3198763
6761815
7145839
96842
7102657
5483480
19282
5846123
3538205
2017203
3747887
6337505
2241312
8283960
1873623
6073269
7533952
7042499
849940
1436416
3208681
6330414
7726242
5657056
5338266
1893409
6059206
6780247
5657406
5553689
1972612
6184681
6401788
1367171
6396124
1279250
1315823
5484032
5419668
6784357
19678
1868042
7535777
1913899
6153540
7522935
7485569
6220688
2660705
800996
6836576
2567262
475056
2044840
5330577
2620223
5508834
972457
3207301
2057452
7115130
7096795
1004002
6061437
5658215
2924475
2099504
1232245
5547950
796919
5876589
6843238
5322754
7144077
6185151
3690493
7431408
2621133
4978944
498473
3502021
5121175
1011595
5529978
5338353
6975570
6775225
7178909
790229
5735171
2185810
7511913
938956
6902272
6313086
7755209
6504882
7748480
7081515
2463553
3755095
5761479
6441525
3729133
5766320
5528299
5340026
5509521
6138841
2701941
6181639
6220000
7229033
5330769
4316558
3600035
2924460
7105181
5359072
5525278
6058662
5427342
7284747
2280012
6285098
2012544
1574431
3748138
7465369
798481
1909377
6436283
2474730
2674221
5502628
60262
2019339
2036833
6401847
3202015
3537212
63428
3297380
6268018
252616
2977787
6926572
6285901
7807853
6342408
5798933
7345675
3665702
2715996
3071539
4626116
989912
6540687
5241660
1885925
1549668
245924
252
6476660
7416122
1762736
5834238
5571838
6541725
3602211
3982632
4471734
2163201
3491650
5834202
6102291
76383
4021449
4438134
7203179
5681459
5876213
6403906
6475470
1688510
7801955
3128895
7371931
8049508
3649994
3602175
1526754
5764856
5432542
4234674
2231322
7271047
2837415
3231080
1616160
6180163
6176317
5333370
6549874
8198630
5410224
1993740
7112547
762087
5770924
8018975
1315870
791007
493644
8047334
214260
7584936
5242679
6538170
2396017
5310295
5768327
6954230
559939
7818371
464704
5548749
7078271
3971618
469042
1306963
1475116
439705
523377
800149
5242479
1991069
6297713
1651949
4473581
7550515
2750625
4060398
6679679
449103
5568821
912878
1439236
514369
6059033
2269685
3208239
8147228
17257
5865031
1919182
6525988
5680181
7271038
667254
281642
2463846
5912685
6170027
2258493
5411542
5788024
2434864
6761500
1057291
3233413
766605
1944097
5548362
6352138
5778679
6467493
1402842
1699225
3436612
7807565
7089008
200793
1084778
542421
723956
7478924
4132451
764348
1339401
2152032
6339036
71463
3537776
7910498
8009603
2251044
5658116
2571781
6398789
5548383
3388054
3909128
6405852
4046116
557913
376510
2910519
7076
3427112
6312978
6177184
6133289
5936916
7390337
5461762
5713746
6027032
130884
6605688
254581
142419
6524112
8306150
6849325
7513203
6238744
6431897
6401871
6815680
7706509
7618222
2158794
6510712
5846830
5337305
3441247
233603
5414665
800951
6548288
6782283
7123278
3956122
7343855
3997352
7780221
6455062
776165
1492836
5825670
5789709
8207339
125736
2864495
7145884
5874959
5916400
293172
7098791
7721029
5318352
6851468
222457
26315
6455391
6343883
1298545
5941225
3112835
4158001
7801718
7801961
3620620
6815635
1314695
6167812
6076143
3741774
6061777
798526
5941243
5309774
6511396
5458381
1047417
250363
1416025
6663798
5329934
6362554
3657289
1010362
3186976
6179152
3705756
6219086
6709581
6102038
7663433
3064584
5331221
5374005
6799423
7268870
8010936
5783598
7533333
795701
6391848
5311313
5680130
2757443
3989975
2761623
434358
5756403
859566
5716989
5863747
1433954
7728203
5333233
5795599
5848832
1025572
2758417
3112892
7716279
6325518
6787450
6111791
8148740
1892889
7563862
2691266
7196795
8106682
5453578
7145765
7371874
7116105
1316043
7706701
6190817
1465935
4653215
7041925
5934615
6341453
847647
96444
8253895
2772488
7478822
1910208
7921443
7003039
5381471
1531393
533144
5314850
5079601
1962958
1686807
7375663
1899108
5658401
281639
249482
3440933
798388
5678765
6412754
2774733
7001759
2250714
7904330
2710200
6503665
6812862
6501494
7501831
6268305
532085
4001898
5618112
5094223
5096598
4171840
7703843
521558
1705125
6206377
2476429
6978942
6339559
5339324
5391151
7001552
3254628
1539957
1588792
77070
6082119
4539294
7646566
6660052
3707453
5358490
2277110
2044762
7100567
7955070
6183808
3159285
5775398
1523850
7727885
7393956
6342301
483811
8162454
790573
5472894
5829803
5330544
1397578
1981246
6918551
5421122
2049448
6341473
3955086
6412910
531114
5764496
3107325
3768319
2231400
7253176
569429
221959
7059529
2247077
1762506
2008601
7800578
7369808
5386211
6781893
1191869
2078362
7073177
482057
7076428
7731696
4263851
8024459
2476883
5018918
22514
8019445
7324305
7935524
8023809
1847656
7807436
1949907
5800449
5522188
7876743
8281131
690188
6938594
7521433
6759866
5441297
6504366
1948275
7627120
5485357
316553
6339490
2864301
6148125
5824608
4645476
1945227
5548269
964898
4165283
7230130
5946765
6170719
7280616
5571844
3666868
6755429
5932475
4006085
3206167
5884124
6222050
7001193
2102384
4592761
6802398
6182933
6903162
187933
6682497
6056823
6338000
2924469
6182016
620335
7660049
5831727
1699234
3665609
6178308
2037597
6403589
8230687
5378623
7574548
5563822
665279
5483465
581272
6488469
7563823
1349110
6338328
6499195
7905444
6496344
6431843
3850
7254308
5336884
4152691
1567729
8177738
5876603
5791419
121560
189450
5977704
5497886
8111988
6475562
6437687
6347964
8140959
7370039
5421340
4378996
7509692
7172269
6348060
4611537
6773142
6600573
6016917
4232732
3674820
853876
4166084
5779252
5414332
2681988
5479503
1981120
7020138
7503601
2257465
5746133
5386283
788144
1920981
6761262
800410
5244331
6687650
3690580
6777405
6768677
3235535
5758704
2476880
5560981
5768483
3687274
7944796
4905217
6241488
5341615
1675506
5049818
8075748
6181977
2622271
7939496
5825679
2055833
5379294
7668452
2169697
4301347
5575177
5906335
1058495
2792108
4214423
5482416
5564565
5339504
7362829
3978417
8200266
192550
7145710
88210
5987230
5313708
7290416
1401538
2780569
6921692
4162173
5460418
6949458
7419724
3027376
4165537
6073287
6692879
2807038
5690576
8100144
7343852
6679775
673422
4416633
538515
6825315
6954242
5490341
3636315
2254987
8046407
4654955
6064458
6858014
8198458
6890832
5503775
8006628
2911841
524489
3655992
7297623
5322484
6060636
5402527
3688094
4654606
459554
7083919
5259593
1284710
1891188
5453290
5205732
5978269
200958
4494766
4149320
3556644
524285
1167681
5339528
7102333
944700
5378620
151639
888638
420940
1401340
7281444
5964619
2290210
3207157
5500168
7809999
6494842
7178736
3215111
6221128
3201830
5853501
1748599
304583
3231113
5767181
1972288
5149787
5681243
3661576
6046798
164198
1123420
4253621
713
85661
3941336
799186
6500297
1557
2620720
1915935
5743067
423681
2195397
5740594
439277
6060639
6905086
2386752
7043032
3661585
6791311
6662556
5977311
6510688
5702008
5789922
3446260
3640214
7959057
5462771
5824737
7031839
2779375
6538128
4995843
7081386
5487785
4930146
6660379
3956119
6499998
2766769
5834268
3488489
7661734
5578339
5778682
5875304
7210462
1079555
7433427
3313604
145096
5432773
6867944
2409949
7363853
425572
78478
7486692
3634812
5329805
6403613
5379507
900953
5929580
184844
6684694
5339245
2643224
7418280
4931761
7364558
7015030
5330127
801026
3671964
2556670
6218679
6868542
7809873
6926554
7371970
6454061
7211354
3979759
5547619
5875991
1914250
3667288
2127193
2128680
1854328
2868611
5834328
6784384
5826831
667542
8007315
6404195
5338012
25656
799666
875768
1401903
77451
1097898
502449
5861313
7663703
2678516
4320713
1081655
5314927
2695351
5912220
2175284
549834
71472
5959789
134847
5525996
2226784
5438722
5420642
2323604
7144080
5445290
5892105
6295872
4155905
3938880
2242915
4886631
6883974
6260544
5522104
864405
5433098
5801182
7129163
5967555
3205564
5734937
1268251
1043711
3309700
7081293
7971087
6266474
7292639
78382
4895610
1211334
105837
1202950
6837408
4297764
6399405
478261
3761495
6902176
660080
1891059
6761818
4645479
8018483
5047136
7363561
5985712
6387197
1494397
5355769
4410400
65122
5371721
320223
3239072
5332056
5742099
78547
6908980
4262191
6758577
5885326
7115387
6541728
5406309
200901
6060744
1578690
5376460
5338341
6788526
6325660
1493010
910654
2118497
6921429
6174886
6687917
249835
447453
2864168
5124638
796811
5613218
5999367
2981288
5896922
5340677
2862269
5913099
5873878
1498388
6569259
5341274
792008
5337985
984444
5988874
7147714
6402190
6074915
6496686
5877939
7883638
5564284
4158958
1498379
6176626
708857
434352
2226658
4974456
465134
6497638
1524824
5361103
792299
1226349
447744
5385146
3557254
6295863
5340563
6505351
5330550
4144161
801426
1847725
798226
3234253
1368111
7179294
73511
5310013
4395940
7595790
6297540
6300246
2402526
96728
6672924
8176247
5830582
7365540
6178945
6220802
3225720
5881192
4340103
3687262
5840330
5068663
800053
857048
5941834
772680
690152
7286254
7371901
5341777
3663472
8070174
1281608
7292825
5950346
2604409
78406
6461949
1779211
7904555
7393678
2656518
420792
5379635
6285765
673260
4144679
7548881
6328353
8076259
7660040
6430937
6423336
1580056
5942736
3835
5648363
4662155
4156229
1316423
450734
6049494
3655549
719221
7333449
6783867
3569481
6063154
1921436
5876153
7103412
5657583
7042903
5247234
7534678
2572878
6342387
6133385
5680744
4678743
7001196
1440334
64202
1835349
5872658
908668
6367450
6499540
5834322
7289747
99910
5830579
3026119
2327550
2128701
673224
1203363
6546831
6151902
649719
2009505
5884222
5873839
2961029
2147606
6151659
799477
5815461
6436411
6789535
3169100
6760734
7282378
7681470
3507280
6497500
2646570
5331509
6542851
6646605
3533886
7647891
2624319
3700191
2634070
7924482
7954734
6403742
6054506
96021
2419525
1659255
4162745
5402767
5829848
1273548
8047526
5333018
195248
2288632
1941324
1938926
1688482
6547150
7455592
3451304
2550317
826346
8235575
5523774
5048119
5560663
6192772
4763816
3111349
1888125
1699425
798532
5664966
3689593
7617292
6902200
7584041
7532916
1153411
254949
6665712
6335492
60538
6774011
4269821
1357846
100627
5399735
2486572
6041520
7390971
4104042
6550149
6431214
6295755
4148876
2341118
2835604
379071
6501287
839658
3689422
815477
7398815
4165647
3126999
3425831
6909001
5520827
7855492
6350001
5330363
3488444
2563449
5798774
5894214
6125051
3201845
5400249
2463503
3688295
2473009
3490362
6409153
6431232
6068387
5679601
1982484
6295875
6207889
5773127
1477538
5816918
7201680
430133
1424511
2603097
7813002
2341145
1086299
6405963
5564107
6102088
2543340
2213645
6978387
5345915
2194654
5765793
2400641
6344084
6789217
6690665
3311776
6058659
6132969
6221107
7392307
7756991
6295752
1866833
206183
3130320
6751627
1767463
6788529
6538650
5873833
1371451
4141607
5655376
464266
86145
7343088
8012058
5640073
749995
7697498
5403358
6220553
7991338
753192
3004028
7504988
4397390
1030884
5333463
7282838
2745944
4143121
1847581
6027340
5421699
5464981
3506396
6978865
6524259
7100625
44439
7072695
7666834
5825046
7536374
5340617
2099923
2024426
3543384
2258996
6971721
5874315
5413756
6074948
5656258
4338389
6541653
1236803
5877810
6188705
6455116
1409036
6564683
6536839
785236
6296253
3419188
3668244
6719188
1692452
6399426
7293623
1060921
156518
787961
6189193
3659432
6150586
8148242
5781854
8194672
5985763
7675763
5330568
1492040
5680506
7290678
6496560
5563825
2213801
7199788
6593655
5834265
7360945
3539947
5553096
6953883
7621915
3690109
1767889
6685641
1889840
547485
5889737
6218760
2924472
2107227
5878292
3661594
5617771
6926440
6381486
7606637
5328110
8061599
3664212
5611722
5421886
6066992
6184627
5340299
6260979
7796820
7418265
6464433
5834316
6605863
3689302
6296376
5444632
991383
3235424
7486409
6446770
6825860
947023
5907603
841503
2227095
3677484
2101629
4596007
2331747
5888964
163800
1444841
7923639
6835193
1704593
171163
7874317
7805805
1089168
7585883
2051722
1847662
761
6181259
6268039
5784543
5631744
7102606
3754454
2329305
6397498
973507
6992439
6935528
7592093
1780288
4970648
5870935
2400111
2010776
5812834
7098788
5493354
7541763
7566587
6061428
873153
5565926
4157026
904154
5877441
6325383
1561416
7465543
3198700
5678603
234248
6133703
3690103
5990464
8193397
7108044
5831878
4340810
972302
4123055
5323034
187972
6500864
6435542
8284386
6085634
2034439
5446014
298987
2288469
1309198
7938501
1044785
501887
6509045
7950657
2189064
5706004
8306887
2215945
5665176
5386970
2611291
17742
6261063
1660419
6185355
1991222
421015
6464033
5615887
957565
6519297
3690706
2166246
6535549
1986558
5832340
8123797
2563458
3446266
7343421
2755478
247292
7481381
1990876
7041121
6348913
5941402
7001585
6071301
5382398
126420
5683467
6326425
450135
7229363
7703699
3207798
3668223
7344577
3692183
6328359
2338697
5416932
3689485
6314464
5314933
7517482
6239302
6917813
5310058
6793411
8153424
1080271
460858
6490547
7474402
4051452
8306725
5519176
4764551
6094442
801429
4157610
3824831
6013168
6343805
214395
4980772
3016130
5877872
1185322
4017851
5657919
6501209
7874997
2329236
6401826
1047252
6759830
4594411
308734
6051071
5465485
1520581
7729360
6390664
316652
6638397
3818809
5872192
3737597
6545313
1784735
7532044
5357550
1309015
8188962
6133075
6875629
3664622
6539132
6759808
2717328
4163749
6975576
6412500
8129032
6952579
6535528
5063087
1197073
6954155
1339037
2700575
5793693
7384192
2766778
5412767
6409372
5256728
3449123
3676520
8159309
8197715
6786331
5803945
6184642
3607295
5831724
5768405
6300939
6425230
3765893
2187221
6359066
3689125
3950958
7688885
959835
5874950
1818526
3284521
330053
1836751
821311
2128117
7096347
5800677
3540692
5867470
5831739
1614287
6794029
5565602
6233773
316240
6221379
5432863
6693969
725363
3321259
5804404
5222978
5711396
78457
7129166
5322667
801740
679599
7344701
2226206
1847695
555456
2110812
2675218
7045286
6444448
2058596
4966824
7907944
247532
3375819
7097782
5764978
6540249
2123421
6194664
7271284
3583682
4736420
6297767
36059
7371810
1531396
5683200
3247637
2996868
5764975
5884115
5309819
439274
5322664
5488295
1041008
5560720
5972755
1145131
7144983
6691200
6337748
3447856
2660709
4375208
6133334
5832274
295537
4083240
2020895
5834331
5310010
5684506
2229901
799981
5998500
7542510
6499204
2458387
5560633
5521351
1524026
3689899
190489
6039666
6319646
6534339
8177061
799120
6220676
6992700
1811455
