3180153
1085882
2215546
3416009
7595796
1323379
5873976
2583490
7441630
8262939
2018430
4253647
7196672
258434
4590546
813554
2856461
1024873
2813443
6657150
2735265
4570845
7043712
2272237
4407981
2257336
2000491
1570705
5251485
7251458
2737543
7284227
1377881
239022
3268992
1259971
2737549
7517639
2983406
5536210
2847982
4935661
5565440
6772207
1032037
5613603
2547396
2733470
166309
4152230
5534329
1421631
8263668
5530260
2762112
3165263
2770647
8259209
4260542
476640
5341349
144216
3967819
164470
3421920
5011808
2755541
1808890
798580
2841844
5500896
5888150
6386836
1971401
3770104
292419
236426
7962672
7701036
6332670
6861631
4375065
1443799
87538
2736662
5568012
2230711
3696266
3970338
2213819
4951829
5922159
1994332
2248973
2820169
4268927
8004582
3191182
5250801
5310496
561053
7900550
2185801
6775156
2250891
236352
6976993
8206588
5792724
6044057
2482283
1886521
144270
6532995
242978
7209534
6142872
6287467
2119167
2734455
4220984
2547393
83587
3619181
6534898
2259821
906505
6414708
6218017
1333771
2226170
3672565
2230369
2625566
3650045
6357101
2180384
2828102
6318437
6596625
6060271
982981
7556561
4367583
6042817
7905043
8147609
2194944
6402431
4360251
5976891
5510156
1365791
8016011
5509929
213461
2054357
3003535
67140
542382
4879979
6703614
2889452
3135081
5312784
2048598
2443355
6032474
3649965
8204776
3255731
6212808
3288268
2715574
6816317
360888
3600316
6239634
2734386
2127064
548271
6921646
6514962
4730660
5316064
7772515
4424414
7495188
863258
1159149
6446758
7445800
3809743
6789873
5250106
6001094
5628195
6301743
8253160
5314146
5739611
1305392
1867587
1872302
2054860
1870450
1449118
4268825
3287355
6973728
2097816
210256
3528809
1243151
7286770
7646962
2802238
3906229
4423909
376823
577469
7880371
1835550
4796542
7930119
4657895
5566493
8209670
7344931
6662128
5413513
2736888
587107
2243223
1464468
2737330
3071767
1205701
559315
2431874
3453543
5461402
3552986
863060
4271270
2178592
4424327
6338412
5106378
3419218
7644828
77232
1175282
1972651
7340660
1870423
6464683
86584
1104749
6996137
1972753
6381918
2584444
1513288
5917316
2771188
5250795
2508059
1536022
5311815
164300
769520
2028097
6207292
1960648
7563434
7862833
2105914
5682924
1702445
6762384
4262367
6545630
3549778
8283342
6468358
2053775
6683453
2321938
2767877
1362644
4278834
5514356
5930811
6216697
7878205
2471324
8095624
203989
2218401
5014259
543274
7898322
7706638
2737049
2206876
2755037
1798673
5420027
6494989
2806400
1646347
8207129
7303765
586520
2733728
2450074
828447
7868630
1898023
2582457
1100032
6689004
718724
7875964
5492213
5721912
4376966
1040187
6872893
2054980
2046519
6066557
13510
767402
5841126
1627028
1813250
4090149
1722059
2604079
5410971
6158304
3360512
5378865
1921057
2449130
2409422
1994551
6959055
660113
2735757
2079365
6696899
2736188
2659212
5520842
776255
7037396
3309193
5553147
5381181
7062606
2183406
2265461
2777398
2733782
5405651
5722622
2055259
453920
6567230
2228605
2733830
2582305
775685
6295304
5934861
7962645
7115919
2717746
2546977
7032473
3948016
6547153
3312720
1870396
6514409
2733402
6681156
3814080
3469025
6184141
1998261
577754
867265
1686762
8147990
7105474
1752333
2208485
2218305
6996107
2261131
4589773
1272413
402971
5689307
5400519
8166079
2736467
7681152
4297743
2804148
4356239
3937408
1704380
1645263
3655851
7875452
2564280
4009962
1466828
1915743
1982926
2217356
213953
2162800
3945987
7830520
2332299
5446455
5671449
5411422
5403394
5367824
7076638
1925195
2226263
5962197
7266664
5250472
7459170
2824978
2544149
7681689
7560912
6891520
2138661
5025202
2733860
1916236
476160
1890268
6476372
363026
590516
6045859
22918
7431276
834856
2984724
7606610
1449073
3563299
3655815
3601304
6599306
3787579
1922832
2025484
679792
2098437
1737805
7885918
5568261
731673
3669371
3334369
2761962
708704
7170393
6226695
1212452
3618764
1530840
1907313
2734416
2176095
1911300
3001217
1817597
3938418
7828199
5911171
7694380
5567543
3025517
4367266
3865564
5248619
6872896
2448456
5806128
2620511
4049199
3956146
3051028
5932
5446452
6301817
2268372
1893310
5947
8001948
3180102
143027
1362016
663119
5709962
3331026
2753069
5625412
7544516
5358676
3425704
5732900
2078857
1883705
2236068
1891056
5870284
6334432
2212368
3962002
5722034
6545609
3653907
1226364
5415368
3513968
4602329
2775269
238936
5337353
7758547
1113630
5263846
3419566
2625844
2842066
2736592
5871392
7463748
6545397
5953529
2737335
7467773
5333331
7722139
4892650
1519997
2952632
2046867
5926
5965
1870844
6300255
4274574
8187715
1152552
3601046
74361
5744318
8133328
6772476
3180467
4209372
3673799
1431856
73514
1948107
2736533
161301
532483
1990920
204055
5118680
1148508
577355
4455163
4051057
246992
7925736
2893048
144631
6844179
2564283
5805747
3806671
8062824
2619160
2265760
3540984
6923321
6946587
216730
421605
3450623
1015173
1611835
2046372
2557366
7882656
3287761
889573
546616
5509947
7672937
1072925
7284230
184509
2732979
8132405
3964692
3714538
6441336
903448
677684
4502055
337957
6536047
503350
2702608
8183392
2410070
801584
1379739
1870372
6508939
8008883
1927544
455851
3873303
4352492
476925
5874144
5370241
7393456
5700120
7521005
1833703
6817016
6573058
2118715
1272395
6723947
5531238
1865509
573171
8335687
1411206
5951504
6055546
246394
435789
7101635
95686
7898610
2243595
2238536
6209312
3988873
5336186
259297
363560
3642123
362882
2256969
3407762
6816992
5721271
2228908
3165713
4036798
7546440
2159852
7114439
8198777
4811910
491952
2813011
3622698
5328428
4264041
235608
1618912
5102307
1307968
1212013
766779
7721647
2055025
575234
6073977
1418397
7951339
6174
2244998
3569167
1430609
2767527
2119020
6262469
6490514
2734362
2259431
7646926
762451
2532787
7470899
7669198
2679970
865060
7953212
3493962
4292038
5552521
3906448
6350043
8270776
5971
3794551
3301898
6271529
2028094
5313426
1919909
5508572
6215377
5877754
1443790
6336358
2055016
7551637
4259450
756557
2579883
6190620
5038226
6176383
7882524
2231001
2593146
5648661
1220022
5799029
1226996
7073306
1139116
301935
767558
4147459
3334018
6234732
5509932
4049811
615045
5955204
2173161
7514937
2546980
6372475
2544152
6793687
1972765
2116111
869
2046390
7867799
2316546
6957698
213401
3113156
5834564
5459887
4405884
847509
2248601
577813
4625912
2585872
3615070
410172
7978393
876955
7528169
4147283
2185561
1418863
242130
612475
1829415
5251062
1915716
8108972
6028833
2532200
6672304
2050332
2483876
7706836
1956645
2206184
798814
76539
2550184
1012571
4557050
7524552
7524249
823967
5510905
3181540
850298
2554636
6538539
5466644
2450086
248681
6790916
2753351
3824045
3229183
1265695
3676435
1152423
790438
612517
5951501
5679768
6592864
925205
143907
3450880
542385
111718
2736083
4869207
6871088
7929040
2447783
2270944
67398
7967156
5319005
6124487
6854455
2053787
2544212
4756283
7214882
2106225
3684462
3640289
7341866
2251221
1464060
5878445
1258020
2237435
2130262
5732906
863963
54163
7173172
5508939
1969493
5359738
5218833
2770559
220780
6896645
1519450
8232994
5085371
6046617
7801574
1577077
6269620
3453873
2054632
7645783
99347
3691901
7325403
3269192
5562019
7469352
2733393
6422570
3447479
3747835
981408
2255709
5037979
2125972
3372552
3937840
8178438
3670326
2191474
2077463
2182535
257994
7761682
6332874
2532473
4423903
1022015
7104222
2832352
560600
2187829
2784800
5409794
2804352
7903076
409969
4701001
6212218
7900645
3872359
2531105
6368996
7928831
7185864
6382401
15812
2130652
5846653
2733982
143910
4570664
804465
2187629
2736701
4494684
1472562
6154633
2215477
3448354
7399709
2726092
7771511
3361112
3448342
5337616
7235671
4791971
8121785
780585
5313711
6401354
1443646
8115796
1930121
7801700
42979
2550142
1910853
3957758
2809821
7227133
6491752
5715896
5337335
1206500
868066
5934864
476112
4499900
3935904
2559711
3937954
66951
2027697
3677100
7708226
7681452
2814054
6876779
1965983
2222077
2297482
1153615
5362975
1065800
6514367
8047959
8283345
421917
8277310
240411
7118739
5647064
1644324
3474873
371999
5768570
2226293
6043338
769103
258416
5564583
7095891
8321135
4166745
2737241
2240395
3538987
5797849
977615
1514649
6815587
2449579
2734398
4261533
2547390
3048004
7354012
4166819
569558
3772341
4424417
577300
3203611
3051280
2054635
1494175
3200612
5479488
4399225
5015705
145600
7032485
5733044
5133677
3970020
5935
5828506
1462809
6381813
8037525
2236584
5825346
4500421
7385142
1851410
6334543
1873674
767936
2736616
165406
6332871
3668621
4457524
2271043
5628593
3182667
2138784
2547384
1891523
59773
3432398
99299
5329676
4423912
7399848
2171712
5408378
2651700
3936018
6207700
1365797
4063366
2449872
769148
5563330
4799197
2976071
3433719
2736116
7885938
42994
587104
5420310
5689364
8137756
981003
5739101
8099101
2806935
870525
1833700
2496060
7035598
6797531
6682617
2550348
6216937
2321359
776141
42985
6218793
2733372
3239797
6588586
5912452
6813745
5562310
7815749
1634979
4258612
1213971
73559
2229662
8042260
1227830
106601
3822167
6053766
2270950
6939599
8150653
3440498
7625799
3138075
7054295
7706236
7534567
4261509
780769
5557377
4378605
6873634
5142960
5368752
768667
7586800
2547211
6547992
6815082
490647
2753117
7299029
6606986
187432
768199
2158767
8014799
1083953
7874628
6521554
6165
5879480
6206127
2249281
1421190
5313714
7148117
5224334
7846627
2952626
1972684
6982858
1456581
768004
2281058
3138349
8218551
7828196
2733482
5425166
2449636
7511901
6816950
767031
2153688
5554978
7782994
3246468
2261636
941114
6676619
2809887
761197
3862128
5690546
1024882
5250124
1584737
1737893
7534759
2139163
577460
1060849
4496465
1374355
7881066
7806349
6693739
2109938
4804808
1160475
3159079
1109
549242
3509972
7898671
5552351
7230217
7480469
2234788
6549511
3283346
7566503
1889569
3179518
3570282
5640044
2983861
3029043
8068915
7664982
4234590
3170549
5878199
2734248
3424874
2736843
6437255
6877223
2574086
6205917
2696093
6976014
3814915
7674378
2447849
452030
5912808
2734563
3793981
4983246
5311109
6039996
1078294
2125945
4234587
5079374
2133290
3949170
7608936
7394246
5941450
3161309
2817736
5562909
3656493
3428348
471427
4266290
2169153
2533032
6218263
6178690
5426635
4018655
1054769
628280
6142812
143213
5907807
1238494
2079869
1688026
2188728
2124603
2762912
6775165
6302531
3179440
6690240
2558319
236414
35337
6873631
6209500
2456910
2094962
949616
3938498
1152750
4169873
6248834
5202432
1949919
3648004
1793256
5888273
7617208
2254169
8296242
4356658
1506247
5744342
1057570
788099
3671600
2141433
3533306
6541494
2735014
5912916
5931920
6394103
1077564
98848
3977152
2547160
8181247
421021
5313834
2735008
3984827
1334425
28359
1884622
2781324
2116352
7755915
802022
4566535
59791
3176906
6694784
4424423
7559013
2734485
8062932
3440390
5561497
977825
5657418
3510487
2547360
6298548
2309746
4828767
3814879
1419016
60520
7951988
2259131
6883011
1543376
5555186
7136773
2114901
4266421
1972209
3958854
7927814
603395
5085347
6523546
384959
1920077
7355613
2268342
577424
6049996
6349815
6545364
7714930
4935652
6534904
