3670122
4220035
2847674
2148022
2138718
4911324
2003375
3718949
1741600
115755
4151463
4464485
3962695
297839
2530640
167700
2830318
2837968
2841537
332196
7904588
3485164
2871557
4208112
330889
329898
2050518
4401916
2757695
5225580
2408862
4219757
2848390
2728870
4971304
2002760
1331767
2114922
3498025
105006
3730247
3132770
2412275
2806474
2754733
2012041
4208085
1304434
1235212
2015111
2138865
2773175
558176
2565317
1020912
1516500
7502005
2003078
3035028
2528878
760417
760970
3791815
4212548
4410256
173830
2383143
2845370
2206517
2671271
1337536
2370304
1965872
5950890
3154448
1966510
3183972
3163733
4972515
3278163
1400378
256955
4030175
1330180
2760498
414651
329175
4069519
561236
2002574
3989195
2378586
4625128
2169252
3541486
3024783
966908
751998
7639654
338671
753720
1968530
4156825
3046112
2037154
2909272
4552826
1897902
1465584
3029389
2198105
1305611
3396542
3552300
1225809
4140447
2848423
2754049
4229999
3963063
6679577
501233
3162859
601012
2047225
1703170
3165098
2754046
2087746
351775
3160822
2415556
3159339
4506902
3154445
2829904
2559797
328916
4720575
1720556
3704982
2014879
986217
5068306
2564520
180781
3791573
1964321
2836488
2222695
7781105
1997919
3861942
144985
121182
3871732
3809202
2814746
4871840
559498
343666
2003105
1305634
395678
2240613
2405694
2106576
1409530
2751201
4777051
22538
220717
2203110
2838214
2034413
4023083
508663
1305578
2072377
3140196
5201086
2444787
4416579
106577
395756
35583
2070952
6226971
2254283
4189304
4752153
587879
1969496
2377963
115752
227603
2404978
1987439
3279048
1880088
1231759
2201303
387934
4988474
3681847
3982425
5795328
4488804
1303839
2862563
3702387
1966981
2556100
2847601
4884539
4284468
2412908
4663041
2298769
247595
2010983
4572232
4343758
3982883
3623485
1988490
34340
1696502
929659
2129243
4200746
544575
1242593
3851682
2119038
2003012
2223511
1886239
2408901
2004554
2015078
19060
2579226
2786980
4693230
4952542
931816
2828805
4906564
3035013
3140949
2419609
3154460
2441443
2832729
3378366
2139930
2156996
4189289
2395029
3800210
1314831
371470
899553
1898692
2346633
1937856
2634397
1933816
696337
2690734
4205546
3987944
2704614
4245921
5143409
1939196
3156185
4806910
3944636
1016921
3155503
3685290
4463960
4712686
431633
4970689
1181728
2847512
4629424
330453
1966193
679836
2075693
4498170
751280
964104
114424
2779252
1228328
2005464
3140346
992263
2311479
760667
1020552
34036
7592150
3914000
332301
3528848
2838172
3289674
763817
1441110
1337613
2352604
3390719
683332
5202447
2371977
1224867
168604
4747798
559348
2411357
228087
2042978
2128851
2779915
105015
2139103
2421751
2484119
208707
2389928
4834489
3048648
1897392
2503136
3434869
2396612
4856655
73346
3697136
2803025
2101189
395696
272211
1926368
1962425
2766784
4140834
39107
1182052
2271856
4822524
1341863
2812885
3582236
4552817
4367677
2833224
4568275
1103670
3722297
4200905
2738807
952642
1705697
4918860
4519342
332521
573453
2803220
4532018
549078
573489
2205479
452177
2786225
431630
2048082
7502002
4843794
4905376
2865649
2847245
2905955
475239
39050
2434822
172882
168701
2015383
981892
4473209
4198351
3937500
540671
1164600
4390526
4502601
3266219
1119138
2626467
3390397
4071724
3881771
2213540
1836064
3986629
2047281
5222130
57635
22363
2398976
1800957
2829561
2754019
2405655
2239979
1341309
1168313
3959141
8091662
2012982
2842470
35493
1705700
104632
2116239
1340517
3542634
5115444
6583151
2839322
2054995
2408231
4216716
2829648
1300160
1485270
464053
8091633
6844349
3022955
1955453
1191911
4149356
2408907
2756482
929455
332615
2479501
3808705
2965836
1934200
330255
2428830
4130323
1225271
1925465
4370647
4889497
1480308
419579
4339494
586097
626878
4190587
1965609
1502186
7949
7521712
2741868
4460165
2250024
4510543
626917
1934358
3982700
582345
2600739
1402493
4013044
3808200
244860
2816678
1933309
2005048
3389471
763805
5225577
3022119
4776641
4157256
2158014
1914892
3536365
2002766
2392101
2003054
2110869
174972
2079941
2177057
2646194
3153404
1890535
1230246
8145528
4218958
3811831
1896200
2416576
3389627
2002532
2064929
5315338
900125
619169
4030055
181439
2109677
4888804
761012
2579734
2272366
3503355
2007429
74524
4152038
4067433
4152005
2329900
5070714
166720
1044670
1701541
4211472
3348428
5075790
4336453
929458
1964345
2851023
60890
628436
2011331
1745689
3250932
5225604
1225636
574770
3153278
1181656
1996024
3955804
3675579
6358037
3462527
3279314
2791793
6669851
174720
4772754
931525
3865753
996546
57707
2778689
180172
5652824
4221581
2786444
3480166
2652852
1941031
3179769
1370655
108844
4022494
2411647
5070726
2139106
1403434
166315
5258850
2187745
2579235
5341016
4262631
5139821
1228417
4846283
4386926
2762142
5433636
4211550
3108615
5430130
947050
3871426
929452
3408557
3614460
3937396
561337
1394304
3990311
548050
2386927
2382499
3153878
600979
218576
929443
2298462
5033118
1304317
4244936
3957809
35217
4151487
166095
2488342
1739814
2002126
3871462
3035010
3443772
3982784
3715066
1893533
3347040
1968783
2375840
900163
4033202
3605784
4550965
2860644
4069100
2747587
841644
820302
3715138
4897219
3858296
2077141
2558090
2014819
1224889
618944
4263488
3333687
762888
6577589
1232082
3334516
1934361
1966735
2279470
602141
1191585
1284994
2411888
1702937
2377205
5767396
661127
3578530
2294547
4028464
4767746
4776653
1337556
3613973
5055244
3907537
4833096
3456949
4220098
3955516
2220521
5765180
2775124
1910545
4193503
2413885
2754655
562976
3954847
1416103
4434630
3323238
3849070
2184753
6542595
4244694
1422933
4030049
3862319
2004773
3664466
2360836
4703906
2128367
1873605
3481666
3535696
1939989
2198486
2219053
1356935
5083328
4158895
2582790
2075917
2763999
3603547
6931597
4889366
4772781
3391872
4898217
3630065
6143922
2892751
5146994
3046115
396888
1591520
3969419
932264
2816003
160368
2845331
996037
3699419
4325876
4252080
5028181
4151071
475404
3004863
1526400
4162101
3035019
3948750
2533337
2867085
4479845
1304293
2238916
2256933
4774860
1334527
22532
3614388
4670461
3375167
4154604
2847821
4097010
3906132
513512
4125699
3035016
2326180
2760558
179198
141793
1280598
722231
111661
4491261
1406845
2748439
4260377
2201324
1965523
2379021
3861547
2238755
3159300
2754736
757684
276162
2580458
3641136
657095
6070828
2805011
315301
56291
929680
168180
2753863
2202783
1225161
4221513
1331871
4457318
214571
2048394
4196575
4047799
4077113
1967303
3974630
1723139
4108750
2533343
2511637
7920136
4672307
1916150
1284603
946280
2881903
4131540
2292241
3980873
2624361
4722813
4253895
550947
3019186
2222945
8006
4928995
2993814
385186
1303857
159487
4265832
2773456
2402535
2511270
2143910
452141
2051983
3016431
2074288
4271348
1536123
39557
2004239
3230909
2222131
1927355
975606
4883565
7606770
3635428
4706818
2723137
6413446
2763763
4805003
1671522
3022052
2997004
3920605
1225319
4367559
3972788
2622568
3873627
2777248
245888
2619549
2971554
4987724
4196340
1739764
98911
2003171
2532052
932972
1934128
1225770
2219767
4533239
2375414
2753768
2071224
4246607
2002952
3723503
667266
3731689
5152823
539821
2182453
415645
2531195
2025084
1331005
2564556
601877
3381507
74599
3974031
330904
550950
1925362
5055154
2409118
546727
