6142554
2740942
2084516
5309582
1996911
5373387
1126138
100429
7550730
5383461
5829103
4458695
5948011
7507471
6470288
3443330
7551074
7967988
4811730
1689112
7697620
2559896
6815207
1245681
161647
452159
4496148
2012406
2159926
5425566
533026
4831663
2192406
2498226
100749
5928923
4079638
7198311
555626
764773
4454376
291134
6240954
517162
2087893
2070283
4646466
7599560
7396436
7037712
6369883
3986021
7501429
228776
5466977
7800605
5426102
5376176
7626677
2066832
39233
3334006
8134390
5635262
2386700
5383834
6574482
229073
1709022
563344
272100
5574477
5634471
3169797
5897598
5393221
7361263
7536117
4489079
3046986
5929562
5478181
228497
6158069
5493247
7546251
7846796
335311
4045934
3170345
6232089
5393872
2194409
7527492
5423242
5394035
7882197
1537999
5393565
7528889
7234593
5542173
6228045
229055
985974
16510
2799436
985758
6164727
7568741
5900518
6244501
5070579
5634724
1997575
114748
5635872
7536446
3261292
6694407
6714200
2012799
450801
7234215
5383476
908276
2446838
3333795
2250657
8070877
5394669
6756686
2180689
863993
1996740
7683224
6491926
2411330
2483564
5489397
4833342
1526511
5927570
7527694
2376370
6491722
2744214
84224
5331182
5899802
1841694
7137114
5662555
5640394
5394453
229061
6300733
2272784
99365
3849204
2084170
7527618
1492722
5640784
485185
2168668
99709
5394720
668343
6652028
452618
220116
1935964
375813
5688639
6995617
5162694
7846453
5687305
5425733
5290498
5921734
6339239
7628155
4461675
5320371
3950777
5368004
2375646
108626
5310427
160053
1538939
2384620
5320449
7601954
27642
5612841
8262543
5425328
2600562
7506321
5310388
5214746
3381579
1748602
5310613
1214728
3699974
1535154
1778912
5694457
3144919
575532
5523696
1998276
6169160
2976727
2608213
1412529
2590629
5320836
2191876
7714430
2088587
3712516
6161924
2082637
6523963
4829814
3166951
5394817
4830590
3161135
6746932
1122430
342941
4950914
906553
7827106
5546504
3558373
5425859
8098545
4474976
4831066
114656
19435
5611938
153968
7712150
5426048
2578915
5490081
6573416
3549646
7568319
7714742
16624
1329878
5382551
225739
6816509
2358163
7226111
1851567
8120656
7125401
5856180
5395214
2731680
50334
5633213
7599382
5170816
836302
7159328
5310690
6489186
5533748
2321254
1289861
44742
2578475
247202
844600
2013099
5426992
7879085
5641785
7500545
1884652
1927777
1163362
4754938
7526162
2581049
4563797
906336
583939
172255
3172147
909343
5610611
6361798
3631046
2986378
3391986
5310699
5641202
93250
100900
2084684
5547290
552083
1247721
7491260
5319290
5393720
6158294
3945557
3148783
3444081
3216476
2159645
7036525
1480342
5309702
114662
4591165
4044830
2307778
7534955
7490831
179454
7035269
5915424
218030
2013369
6791710
1468097
1384820
5385614
1874119
2184630
782616
6380883
3334745
621919
7529021
2377909
2413079
5633154
3190264
2828850
2180102
2265982
3334671
2166990
6691574
7941413
2984142
6972929
167409
7845791
3460695
6474722
2234524
1944243
7234620
7311080
2020493
5540757
5327866
5546841
7797160
50313
3385062
2181792
5370538
5394324
5691588
2599858
5427085
155355
2088365
5523876
5320605
3451975
8166654
5530599
2525078
7892350
7891580
7528982
60899
7209889
5310490
3913991
5474410
6970107
7865224
2173787
2394503
5383865
5530019
121151
1392970
6744266
4366901
5395099
5545083
1132192
5580002
5750
6230086
5741277
5425361
2751507
5370137
3646330
8076880
2164550
2066913
1453797
256985
2741957
3459750
7508493
8102567
7798496
3830044
5633905
5642134
6971003
166378
179478
5635637
435349
6968720
1102559
557616
5493474
8012964
234740
3047022
6001370
1515039
2731093
217881
4461400
5393191
8024213
1605381
3334242
4687284
2242741
1994043
7933311
180121
5394705
73148
4503562
3547725
3145329
6813823
7706824
2751821
924367
3261140
6428799
5915302
7666792
7334255
6815453
2189878
7597642
3571237
4703247
6950832
2013582
2418369
4209013
1053801
165981
1152594
490085
1105008
4666783
296181
6483540
4692080
7676271
17988
6533729
4601960
7506378
166817
6572213
2555554
8167819
227243
328632
5583081
7151341
2067079
7127366
224825
1331566
793731
5931167
5425470
6951997
3437223
2012802
5320872
205439
1247181
2065283
6158783
2241075
553680
3354443
4230919
7804235
2496033
5641713
6338367
2159900
7597946
7854461
3694182
5649967
2160049
5960094
168283
2173188
8003327
272019
7159250
826120
3153052
5538620
99519
5310484
2025026
7507854
5393194
5911420
7506432
4995611
5424953
1998153
5394898
2045638
2425784
5474633
8262528
1995571
6489932
2550617
5234131
5425307
7756393
5323454
4197682
5581416
5393815
221056
8311164
741225
4044833
5602349
5434488
5999298
5314347
5327626
5686905
5642608
6373565
480475
611202
328128
7708460
2648166
7411550
5290594
971832
2484065
1930094
2174758
2744796
5310598
2603932
2424343
6365887
7534354
7813847
7585182
1998317
1465033
6682246
328329
7567031
5383989
4196379
7338204
4454373
1443912
5534027
5426512
6264773
1282861
8014917
5652633
324387
1293171
2976610
7937676
5581918
4687275
2448414
2197433
7597958
3135492
2165893
5310532
870331
1526499
3169955
2886386
2166631
6514159
7904303
548815
6982558
2001997
4584367
2067411
12393
4431022
3168118
5327909
2090324
328461
2378184
7700500
5686797
6607346
4734322
2157936
851189
5615896
7234224
2095583
1884804
2163082
584935
1999153
2088398
3261146
5692846
3590752
4473958
8084419
5374127
672814
386150
5539287
8103863
5474696
5649456
5373936
3048887
5394811
7597889
2824718
1925198
5897562
6362778
5686066
7595453
500270
5392941
2482099
2975488
2384472
5569752
2182936
4442624
1639483
1642127
2165271
2741020
7755981
4467006
5540598
2821920
3384996
7712927
2162889
7032761
1054085
5743947
8113901
7558998
5394832
5641701
6403936
323127
2157864
3184346
8064890
6579325
213774
1997877
5327944
5310319
2192588
5534266
1506226
2416947
2088967
754886
5642317
19432
5310639
3700250
5898518
7976271
2005616
7559563
1619900
7552027
6831749
5425259
2396043
2382356
5635640
1996438
5523546
5427842
2402027
3874869
214718
7953419
3913472
3263819
397038
156345
5460166
7703419
5744330
5687080
3650830
5425488
7941212
7662890
5524559
2344183
5541376
1122427
2689279
2066967
7775659
1884586
24440
6244792
4997839
7597371
7448624
4033292
2135888
7713557
5395217
5689782
220050
5540198
6694682
3035752
6572204
5066983
6441702
4343534
300018
2832373
5535212
5410710
5641671
1749018
3765597
2396049
2194182
6989011
971469
1508982
5394312
5410605
4561475
5858178
2426024
6365482
95431
3146555
7682285
4695160
4696717
5425452
5856183
2389279
4381093
1071893
612169
7526057
2166680
6243378
6347814
8262759
662579
1617208
1534052
5545163
7503619
7870662
5310601
2171046
931465
5314059
8076474
1692940
7724508
7233236
3293069
4086785
5329004
2166907
3050435
7661429
159166
7378862
8194609
4428442
187240
2085033
3329783
3194714
6320159
1152216
850958
4229963
5473475
6681634
8262986
8015613
7036890
2412748
2379722
5766218
6829149
2085126
3189557
5836155
965314
853660
5393146
1063105
7322493
153947
1616737
4710358
6964023
1883474
1550228
6338862
2092936
4830378
229025
5531811
92886
2091973
7682810
8343495
218456
5427378
5425340
2759170
5394492
6296463
5321052
5466387
328203
1394081
2180030
5775800
5037056
4682487
555747
7677955
7878734
5600875
3145401
2180024
5476786
18030
2009175
2162853
4046498
7159825
1754484
6673345
161397
8203620
1793604
6158408
4694987
8084422
5532611
2183626
5446345
5143245
50358
538807
2497106
2162634
3743837
6244816
18114
6164247
3263593
7974335
2261552
39425
388196
2245492
5932179
508006
2485387
5427550
1884676
6358717
6515177
846340
3448724
7528979
7851819
18009
2618944
1867238
5370637
182041
1883684
547756
5424976
1965714
5633157
3265519
6531803
166366
9552
7558555
3145521
296092
5374145
3951896
1069057
8166496
5693089
3289210
5425247
4495594
2446452
2820175
764123
5341780
99766
2377634
5690174
25974
228746
5686836
5394808
4918282
2172539
3450951
2183686
328263
5327863
7325972
3146758
3620524
2977934
2033764
3147669
8263052
2319934
774333
2075761
5930676
6833019
5686096
7611348
221185
7995769
7113059
5393929
6362718
5686231
1059950
3714124
5310475
3375295
5523972
5329181
5393577
5639603
228890
8152603
8148716
7554712
2810897
6264740
5374233
3261358
5381711
223676
2183722
44565
6482244
5495667
2165644
3377013
3954108
3731591
1130646
7233838
5320854
5116373
228378
6958780
3436669
2126848
6771844
2400300
3566359
1303648
8218168
6744101
3337741
4830072
7153762
6173314
5320710
3146588
2234611
4373136
7627612
5426150
4008237
6898350
7665415
7880492
3194683
7505009
5394732
1998183
5426278
8095880
2786513
2413206
1096185
5706223
5543789
1997859
7501489
3337030
2264730
2441104
7595567
218845
223805
44775
6816453
2512698
5284493
5930757
2182318
5425313
5825631
5320590
8304921
98351
2415800
693666
5693918
8169194
7507336
1733701
1884601
3549856
3928388
328383
6373017
229169
1997088
2745408
5812693
2191047
1399899
5327735
3702202
5373393
2292154
5641692
7038210
2985944
5529719
5395096
5536578
99182
4707480
7759573
44637
53239
6962785
332651
7597810
1460216
2445582
2222284
6282788
6231979
5531022
5373498
3754106
2177772
3266861
5571028
1884640
100225
2716332
5471757
8102778
5480147
6877919
532969
3147210
5369617
5688215
2192704
3261137
296187
6263757
2193498
2443427
7566977
5329121
1997423
5525738
5688470
8076153
3569675
2383
1915683
526974
2689252
8015948
7159289
7674517
3146888
5693086
6158414
6966242
7527926
6470762
169196
5494607
6584361
5327744
5694289
5532521
2096212
5633950
5600896
206015
2282777
2193837
852468
5310268
5394726
459257
2271829
2084657
221623
229052
2572493
5474770
6861294
2399729
6277761
7037643
1230327
3213692
3171466
5410665
5744195
546360
8250184
4211839
1929843
2287346
1065995
8015509
5393455
7557940
5320674
436347
2822491
3276117
4431574
7551925
2503049
5535883
5539162
486030
5310595
3544186
6815697
2163216
5322406
5953814
98106
4849089
2977330
2489740
5422069
6244351
5411491
3265304
6361771
4052917
6077341
5426971
7525869
7552308
2066172
3263422
1552302
7311065
5376107
1546657
7130036
349424
8018600
5642572
5691343
4706558
3185403
1732133
7234908
5393055
836059
2158551
2175155
5393890
5491347
6815153
2688640
7506438
1345791
7806030
1736266
1390539
6861291
5424985
6889631
2555814
1276591
4689643
3728903
4356001
5691399
2085069
6190874
327975
5374148
5894961
7708909
860647
7551169
5693939
4633042
7039885
6817932
161478
7501468
5175513
5474467
3267636
929190
5394351
18003
1072387
6362273
2614623
159085
8166161
324111
327744
4081252
2075182
577726
1271898
5641683
1945557
2270270
8168494
5221724
2249273
6327594
5320653
5374368
5368194
8015162
6045369
5320641
7035910
5574019
2492311
5769488
2215294
7677568
6815835
5024162
47097
2425734
205794
6327819
6544900
6232597
3112585
80855
4431710
6767920
6378592
5370125
4738325
5895354
5397875
7559575
5425671
2110368
387382
2710357
2425010
5310457
4828874
7892125
2083153
8262480
2344003
4321114
1970586
228261
2248397
1883534
5882232
7127728
3653247
950911
7234701
7551089
4133670
475764
6877880
6474490
5652783
1629132
656901
8082090
5320569
809839
839408
6081500
2868560
7557859
188360
5329127
2447577
2108326
179890
7800632
8145928
6737627
826105
5374130
7884409
1927698
3047460
5633413
770251
7501459
5394790
5545023
7605621
6226632
1036203
7971138
7326288
1175
3190102
8117625
5600687
3568564
3386259
219257
6158193
5535439
2806492
6997876
5534371
6406320
2877753
5425908
7714424
8236908
6952774
5641791
3808131
5527771
227117
1928281
5426269
6486823
5410671
6499489
6532944
5686279
7854921
7797103
3861586
6188969
153778
5167114
1981174
5635174
5699801
7233634
1980181
3820260
5901198
4467374
5828052
7159819
5530602
7781351
6571218
6052075
2386467
7551157
1190837
5426539
1054115
3712493
3942196
1913719
5639744
4898653
7557979
219143
4942353
1891814
7558648
2166589
224354
1104517
5167249
3384993
5320725
6581693
7527832
5368895
1061430
792686
4336483
2824715
5632953
222640
2549704
5320689
1912906
950272
1998273
4706884
2149990
194808
7234614
582238
5530779
5394430
222358
6561212
369935
1655835
5811873
4363603
5383170
2490929
7323782
6102708
835700
2182960
3462719
3700117
7814336
6864772
5977179
2082817
7599494
6665320
2269879
4831198
676134
2818
7037211
5374317
5395274
5393687
7233257
2445474
5545289
346423
6271914
4218934
1122436
1439068
8087610
1997608
7277711
3590755
6190391
45132
7682867
7073995
6743802
4830943
1123091
6567359
8197706
1449969
6048733
989612
5544139
3631386
8232305
5545485
5904060
1804076
2077723
353414
5935883
6400739
5410704
5633227
19423
5425304
5368267
6513737
948744
852014
5327922
327807
7883566
6228057
7233230
6989078
7535687
5642344
3831150
7551175
3339965
2107998
5394041
2715212
4492138
6231700
1637145
5663114
5877682
2620997
1941462
764126
160094
474488
4053864
7527871
5374221
2379446
852377
5392962
6575759
228707
4645572
3942445
5903082
4829411
4683872
6743760
4231128
5838118
3194732
6300727
6778244
360180
7174828
335122
6158033
5374278
7871796
6337837
2084669
7797549
7704797
5744646
7492033
102726
7601430
584941
5424419
172645
5310607
8005855
2162643
2181027
5686710
2413088
6714568
6410055
7527718
5641211
169485
2744568
6473990
1754457
7233946
7594504
3264114
5374269
1630359
5370634
862305
6914397
3144769
5395087
3826090
1884559
1009418
5373984
5122273
155019
5393149
5394693
7525530
3779641
961870
5930119
2423984
1907426
6280141
809532
7509900
6358732
2761557
2828207
3340022
7559557
3755122
5929475
6474535
950086
2290912
5425557
1043618
1914259
5320779
6246968
1323442
1024810
3194708
6158749
6533129
5582824
7234293
6421720
2083834
6157931
36851
5583051
4100933
1887771
5662358
796239
5581915
1393561
5426410
7846456
3562557
6701410
7856073
3144807
5524236
5078919
3952845
5537873
3319021
4080404
1617389
7800644
5310439
5633175
5686644
6037655
8295526
2816303
4015799
2066898
7904050
2225030
5547135
6339586
7829249
6169046
6966113
5423358
2273035
3245807
7143111
7351576
5523666
3145419
8321477
6588505
4707495
5508774
3755098
3809426
2378085
7234967
6764730
6412815
5373819
3194711
1744187
1910656
7501363
1996498
2292085
6964928
2083899
2096865
6969130
4689049
180100
6530994
5069511
44694
2174653
5393107
6164238
4707429
8183145
3848995
1413573
8215773
3429589
2068311
3381268
6535098
4372454
3265483
2715344
5377342
2185315
7713356
863174
5323442
3813972
7195310
1925781
2068467
166468
1925900
5830124
5941840
8011888
8100563
5785976
5920989
3273149
5314353
212112
5544438
779595
3385203
7512381
2394714
5393657
6276883
1176374
2090737
4012809
6962007
5310553
3267486
3334003
865688
5427393
2391201
6544915
7125202
5125983
2011750
179851
5632656
846640
271832
916270
215410
3656013
1915279
7525152
7527600
2009520
99510
7233741
2075306
8169053
3266531
214807
6681631
6591318
2006420
563515
5320851
5393972
8103265
4045982
2092332
4096599
3565165
6238474
5327717
5425443
5370363
7555774
328521
100776
2099137
5374196
2149605
5686881
7559284
5635875
3433263
2020655
7566968
17952
8232517
3145722
5744324
5394020
1166371
4849168
5904312
473532
5373738
5642623
553312
2066817
74032
6033925
5954994
6988650
5922736
228060
6819644
5393101
180211
786348
6158746
6832966
4832583
3387923
1705062
771258
2377796
8211415
7508066
906870
7233541
7458631
5902282
6336700
1078471
8246882
6888438
5904063
7855522
5327901
1073231
8197885
2413061
7627351
2741960
1926299
5468923
1445883
4289301
5426341
6673303
5467601
7535666
99736
1837883
7646089
1149600
4322651
5310669
6362668
5393122
445887
1465563
7567994
5425364
4431550
4512896
3479510
7290936
3166398
5381846
2413424
5395054
225622
1453671
757696
757729
5901252
5327770
5410578
7545954
7568307
328125
4831666
5490105
7326303
7204771
4967821
2605205
3623401
1063147
7457651
4466615
5373900
334171
7941278
5535496
99664
6575246
6572210
155361
5533188
2982972
1617368
2395768
5310526
7597859
1935730
1927050
555150
5641088
321631
4979684
5472852
4252275
5539824
5476439
2374780
5163800
330749
7699586
5374326
6378334
6962665
4954554
5425343
2378200
7797109
1430932
2227451
5686743
2617810
7807376
7267827
622516
2402176
2183115
4666236
502626
3152914
2188285
328611
4474524
3478748
215211
226722
6158381
6697009
5432401
5929085
2599537
396134
5635839
3145192
5329208
8143248
5534344
8262501
5634241
1642831
7313764
95584
74023
7107144
7617962
5431141
5642584
8339430
2170287
1688567
3596425
4832559
3807118
59327
1926833
172744
6706108
3948909
7594586
1508964
7557481
5310511
7501432
7217948
6191934
5467760
475812
385888
7800819
98361
3823009
2473861
5394904
4915839
4673463
7996640
2822273
5579855
3213734
5662250
5633172
3341460
3813229
1205731
4949757
7601719
555650
7509653
6860970
7506447
7535005
5395045
5311251
1883645
2441332
7625532
1319050
7234934
6279288
2173138
729620
4375409
8015521
7417183
4197392
1417524
8056140
5634555
473601
99769
6201391
7597744
1565807
2394518
2380103
2801975
3143100
3355158
7926574
387997
6694074
7501471
5310298
2350245
4735805
7559185
1980256
550392
5530788
6764566
3824612
6722329
6365698
1047701
3828729
6164885
5425407
7855148
5900190
3628772
7233658
5374341
5309717
1646767
792059
83797
5687263
3949254
4942853
5932897
5310382
7527652
2013423
3848663
215851
5320581
2098984
3379193
6158922
155277
5495823
5425560
5474092
7596147
7594655
5720177
3384990
5374257
6829143
5544360
5544184
7712616
7500575
7686349
4951715
2446018
904197
21918
844477
6190721
5966237
218716
2292425
4830819
7586794
2434915
223595
4829399
3166829
3194705
7535693
1617362
3562188
4033073
327603
2884768
5322352
7759651
579459
7543490
7677361
5367650
5865964
3275551
7506333
5225119
5643063
5898758
5600482
2194445
5395208
7527474
5374068
328020
5686899
7647211
7598295
2413179
1070563
4451441
1009545
7854529
6158411
5424395
5541969
2482993
5035638
99536
7556462
2552980
2182945
5212891
2151303
5681724
44601
6600856
8211601
3237920
4741165
6350597
5393010
5635804
1219308
2082589
7606110
2379332
50340
3754937
5907098
3270252
1329390
7653765
1997393
2167062
2091572
2184417
5394614
5472783
1996603
2803916
7881691
3419230
6277549
8306290
7136244
528015
2083971
5394321
1061802
2732638
5532572
5393639
1008036
1107558
2187350
580956
2820199
8291679
2482111
7527892
5545196
38474
6602561
5368618
1693669
2066964
1247178
7905483
3146591
3146397
7712933
6363443
8262969
6312678
7506408
7828642
6145833
2380205
5662066
2389484
2170011
2397730
5649643
3374036
2487871
8263055
19498
5532736
5393200
4828013
7527597
2229037
328101
7800392
5377288
3154526
2441052
5394784
3147738
2164636
6223505
7319516
5544279
3728912
2367752
3413379
1464429
557673
102408
1465042
296184
7568305
1238698
7511994
7920797
7233251
7606104
6523887
393143
5426090
1997165
1866720
6299391
5740432
6900491
5424830
230839
7534308
5635171
1092250
2163659
3822164
6942418
4521658
6693781
1935460
4028893
4610661
6185876
5310648
7606911
232176
7597732
2553007
1884858
6244795
7627219
3048067
5662283
1566953
5413771
2352159
7528955
7546902
1996806
16621
3140940
3147265
590656
6093653
5634030
1149776
7031257
2976400
5936691
5427849
1997519
2082502
2276251
3153075
3997121
2262110
3951607
5575195
327912
6081281
1982226
8051609
7546779
5886215
5373942
2110010
5320587
2170636
73211
2621000
6173347
2380100
5373816
1997781
100378
2377402
8246870
7807089
1866980
6332738
2372535
239037
3146752
7702263
2268279
6693607
6489384
2173469
7523634
6651034
5425310
2184173
5213327
226289
584756
7336159
2182462
7558989
7892829
5393542
7628209
2050542
4680038
227516
5538258
2267442
1944180
5377306
5693359
5393080
5528101
969921
5394666
3261298
7546548
5921426
3463428
2808897
3146287
5320389
4829673
4046685
3830991
2258232
4011857
853137
5940886
3172248
5634846
5480222
6819776
1708924
3375349
3050844
3965443
224372
993657
5310616
229343
553159
2442362
2484551
4198402
6362919
5635881
4466746
6701503
5662549
1617660
7459447
4028857
8122895
665609
7923563
7560320
347354
6283610
2665178
6336888
5394565
5310684
335783
5394943
5320896
6694742
1925683
7627234
6208028
4591221
5646648
4233176
764177
7523667
1024411
2194215
166381
5648580
5393443
5474404
3371658
2434188
5467661
2690776
2197723
6001295
945309
3175376
4771661
1928678
7134553
5426452
388216
4281232
7597834
3947838
154042
3264599
7615848
1883666
328191
2182496
7708912
4571528
535300
8213008
1391605
3261077
8271611
257585
809666
5921728
6549280
238942
5310634
1164678
5320572
3766279
7120489
1348495
5394793
2194080
5410494
7457660
5851530
1944902
12357
1753789
1532789
741628
7505332
397794
7323842
6878575
179787
7800383
553000
5489322
5368814
5579501
6581978
5635029
5912401
3624230
3176978
7041574
5427818
830553
2427477
5089312
7876935
3761436
1011664
7896216
274593
6344633
7775728
2278599
482346
5426320
99056
105957
4686579
5425331
7306578
4934092
5429981
4672942
3823719
3284006
5098268
1196
8218683
8232069
3825244
7625433
6664455
8179985
2085066
6645094
899981
3168784
5686770
2803913
7509927
180895
1443918
6451644
5689163
4196923
7856094
5523930
6000124
2770924
6967115
7797331
5540715
8166660
2308819
4035479
225700
50337
2073013
386601
863255
2377736
8303962
5938247
5393956
6042814
7881096
5884225
7033244
3269294
6952765
2192483
7551148
4994567
763796
343124
2749517
5648733
3851718
7806966
328077
7501705
4950394
6682089
3172422
2013513
884969
754933
7524267
6125902
5374323
2070169
5541021
7872051
7527856
2242838
3382938
1474572
1475077
7908293
3949327
5690705
8035514
2681994
2399726
6657446
7455842
73109
7263017
5319542
16645
7132285
2750216
1945515
3172635
5839053
2083837
6192271
1832973
6961869
7597600
7139954
7877454
1307923
2446297
7981714
7781333
5388125
4495695
1884580
5574993
8134306
5388128
5368486
1927535
5642512
8076415
1239583
5922218
1149684
1211908
5320413
5001837
7568272
16699
1825230
7035221
1886566
5635760
5686273
7559524
7020801
2194071
582232
7492358
2179327
226776
1982685
4352324
2186415
5320920
852017
2425731
1994776
5473988
7637732
865307
5579849
5393049
2337555
1997453
1117835
5329013
541327
6721719
6878413
4230389
7429438
6191086
3166948
7557931
2186674
3951458
229031
2734018
4033378
867547
5327779
4500107
7041138
8259722
7492192
476502
5394765
2024760
7568278
839396
6962800
5717346
7797257
6245083
7797139
6094286
2169774
3185077
5395133
6158027
3171502
5410656
5327741
4564021
5321016
7885074
2228815
5641794
6101960
7501504
4365438
3637962
2824721
2324446
7284097
4672774
5327692
8291235
5097521
7597747
2108269
8339478
1945221
1481136
3172653
7558309
548845
1884700
5932514
2170898
2197816
5320791
19867
1945530
1980975
7222441
2412593
2749556
20458
2512485
5686923
155535
2354355
6973998
6889254
7821897
5886362
5426219
5901186
3144410
2235819
2380055
3795525
861787
7042786
4096220
1867118
1446424
154743
1211
6164712
7555279
1680828
7607447
5374166
5575327
2850487
3332729
3719697
2013012
2731373
5469273
6878176
39440
3358100
3712996
6366514
5394026
5525700
8076961
6152984
1579367
7806972
2380948
7597307
5642428
2976035
2829189
1428065
5407328
5115127
3563164
2070400
7527816
2272895
2482801
1526502
5686072
5640029
4459460
6576325
8224654
4881585
1935733
7535060
387925
5423424
8008834
1212801
487262
229022
8022333
108791
6163970
4099194
6327540
2160910
4206776
5410719
7036207
327600
5582922
223772
5368007
7535537
3310202
225391
1172838
1344913
218749
277145
573088
4098337
1929840
5643404
1539640
3728897
7615857
2247862
3378051
6514334
219981
5374124
794199
1312015
257203
2096778
2444640
8166493
15397
5490012
1887690
6297330
5393878
7507141
328557
165990
2170005
5539845
5636522
2089423
4897429
5425668
2165734
6652204
952734
2483212
388106
1917872
5340296
5901778
5425064
5899381
1265609
1589768
2633663
7818034
7233544
100791
989726
325823
385171
7038237
3386088
388018
1226253
2012409
5864323
27804
2750166
7891499
7833104
2085099
5393025
2180566
5928281
5357787
2600255
3265477
7276106
3374582
327591
183752
2308198
7752792
2629028
5715705
5640923
5541681
7558426
5310529
5394568
5578449
97884
6444940
156965
99173
7796987
8313589
6657519
5928926
6191877
6638885
5930307
6851079
7160211
7676814
2012787
7037628
5478429
4487101
2662148
121367
4951424
579546
7941407
6696878
6697351
3268761
7528489
3336512
6222480
6158609
388825
1393922
5428021
5425769
5846321
94686
2286748
7457648
5523765
5539953
166384
7719540
7308884
4212993
6299702
113614
18027
6158722
5896403
1152804
5542011
2380241
3461230
6159060
2877504
6850588
1190843
5642617
5634429
3172377
5633187
548854
5542726
4189973
6265314
5310469
948660
155358
1277035
7233814
4292012
6093494
3047265
867041
2391666
5655756
3169961
7506464
5635345
7235585
2380016
4370569
4691228
6819791
6483992
7818533
5425382
7527345
532937
5921527
4206785
5393759
2250441
3334294
2254016
215801
5395060
757455
5394658
5489927
1297999
7796984
4457922
5426108
5479467
900002
2250873
2380612
7760159
7204768
7998997
5635822
8166591
1883687
7626410
2215639
7767042
8103441
5310301
8192468
7545726
7346345
1217870
7752846
5686414
1331244
3810079
8006613
5541355
7159217
741367
66957
8337355
2259476
7761023
1884756
7894838
4767967
1439401
321906
4209049
4006037
1926756
1567210
7551032
1884607
5393063
165987
155292
2653278
548697
5393702
6001868
2262377
2085078
7558950
2233332
6243237
6833752
7807020
7559712
5707007
320951
3340130
5378751
4016783
4028722
3541456
7715888
258009
1617160
5686842
2171146
7059705
5871795
4559860
4828970
7124208
2496939
1443915
1499771
39443
5634700
3744411
7683182
6474403
3169967
4672218
2108232
1982628
7234704
6600925
5679446
2385646
5424950
1424604
7796981
7827148
228333
8187164
484441
5310610
5434422
4336058
1247958
1928171
6970002
5049628
1987146
3267522
6030338
320277
5395262
2380109
3194686
2071090
7506351
327612
111238
7159358
2084895
1671025
1941477
7802700
7536329
4817638
6696676
1078363
1996947
7160716
7601552
8005504
7797088
3599441
8012752
2172144
3952756
18000
8009729
6000672
6228060
7035272
1754478
7817818
1925207
5426395
5327648
7583652
8273456
369800
6989784
7585639
6645040
5220696
7881868
1924899
7713047
5320596
175565
5914856
2284776
5641812
5427852
3805844
1922528
5333078
848764
3507406
7503577
5543531
5642644
7508087
5374169
3145312
7797444
5541288
3349891
2419094
5533838
5689313
7120856
1997724
3768744
6831788
5664789
6964886
100318
7418469
5600884
5907372
2327463
5664220
328311
7701873
5468002
1590097
3144391
5649731
1980981
6101963
8262651
4710167
7626839
5370903
328524
5319524
327966
6164936
7626077
1226864
5907630
6192209
7883056
7797079
8914
7506375
4472940
3443811
1477802
8212359
5525747
5425917
92587
100381
5545889
5320716
6777070
6164235
5929667
8166469
7537548
5054379
3698494
6582566
7703096
5930194
3794773
6966459
6415308
5578034
3561704
3146567
750265
3538947
5425301
4942356
2215005
5310636
1927789
7134177
7559759
2089348
5395048
4819598
464317
1889450
6652183
574498
4106886
6546632
3167528
6693760
6680470
2484305
5395090
2171236
5370238
5411215
3147394
7940759
3928271
5693014
4628784
1566639
3990290
8100611
5663916
2187113
6642310
5428104
1994584
4714792
7704136
2013312
3634074
5374206
5539204
953121
2268294
3555065
5311033
5373465
4561947
7535200
3310232
8235246
100405
6474179
53732
5547263
4208953
7526174
1257270
2265595
6970250
3479560
5310481
7002412
7556593
2378037
3518063
5634039
7451214
2269876
5394318
8102570
7527935
7565815
335823
3703873
324411
6860967
7036312
5320650
2948107
2088683
8015789
3817765
5633685
7365202
8218869
6953707
5320803
7597807
2308810
295250
3046632
7527630
4220361
5633007
4830599
3152320
3814268
223078
7233221
4168628
1152213
1883663
5310286
4080416
5546417
100858
3728993
3428849
2799586
292875
1065893
4563600
7123101
840884
4708060
99513
769415
209338
1250686
7509825
5545145
2109453
2424662
5320731
7139467
6244975
7492051
2464245
5688876
2403745
5479497
1646884
168350
2482828
5410683
1927207
4047106
5393999
3050906
5600211
99658
1055006
3565464
1223
50430
3266831
557102
6286179
1377
2186514
1887094
5395039
214314
2065472
5394838
218704
5633058
6964919
2159179
7147376
7597380
6964424
5545536
6356301
5394327
5425853
2666640
2955443
7963412
5310538
5428009
7135493
2262989
6398120
3952183
7220901
5320614
3946877
3267697
6283231
2254049
5470583
2726654
7702498
5374248
5425205
5524089
7501435
974689
7046929
2552478
99377
5118048
6898401
2162344
7535574
215220
46959
7559569
2905554
4287784
6104112
4734570
780255
5540838
100309
4535286
2191044
7555946
3947209
7535580
7131373
4303296
582235
3145939
2176611
5687167
7880504
7559305
6972956
6212170
7501453
3329596
5327962
5524245
1886744
3145326
1998395
2003315
1793999
2288638
5473814
6702197
5429885
328605
7997562
6145743
4495624
18018
565004
761504
1257616
40435
1026391
230779
5489340
7703323
2199537
3638462
981279
4210741
2221366
5539827
2013465
326235
35520
5544303
99170
5327714
2068317
5170858
5049389
2110371
8102546
5281008
5538032
5797022
3445404
3266402
2084164
3917466
6948920
5694298
5327629
757878
5151360
5426521
7382062
5545169
2418232
5394750
1129824
925631
2549374
8341354
7969243
5706149
7855375
44697
3925242
1105199
83949
1098370
6874756
3631434
6038830
227318
3189892
6962782
328395
1883588
6758431
3805928
8007309
3982386
7041646
5546862
5978362
1395096
4666646
3701553
24364
4689637
179457
2484889
4433619
5394913
49296
6966248
3583620
6721996
5534523
7335643
6481788
4837408
100825
5633130
1485264
4697266
4499577
6882553
5894768
1393991
786426
1998063
6970202
5642767
6681940
155352
219707
2283866
4045961
539632
5374371
5574246
2370786
5538687
4590827
2280259
5539908
5509518
1403536
6516088
4618140
500957
4491551
853813
5563669
7712867
6093790
5634053
6246579
5530905
7881682
5373402
3473803
1400204
5649014
380524
215624
2068215
3951146
224330
6254092
1428053
4679888
511928
1117173
219834
4785978
2800248
5789748
4577041
6354187
4337593
3402559
584210
1781912
541899
2484140
1243753
7492270
38593
4199251
3699008
7559560
5812368
5832800
2162288
70633
6600835
7507492
5466859
7536078
5655432
5688585
2474793
5531898
3650431
3147304
5476115
3999463
565197
754352
5542804
388324
362010
7523802
7545831
4631377
3124272
8096381
1151466
7527513
5544079
2184233
44769
6228260
1682815
7882674
7551946
2193291
209329
4735452
5759298
335695
3403173
7615395
5901096
8102528
7700290
6165052
6164059
1491047
5542893
8626
5383194
3819025
3449063
1222771
221059
5600560
3005899
385100
7527822
6833168
2811362
5633404
1896271
5525586
7558315
5391917
7234389
4131233
7501387
2180680
5922042
5641653
5393963
3820810
7225061
1317549
21903
1745725
5495286
783256
5959285
6277999
5473664
7525875
7594637
5466853
2378001
2115243
2004731
335589
1102343
6489000
5641944
328347
1944064
5534487
5507573
2352018
2009451
5641905
561675
5427600
6178960
6884409
2386655
6738021
7509885
7711991
2739283
6247292
2191717
4397509
6481977
6572193
2744385
7684321
2187925
3169958
2189295
7902584
7942001
6104398
5600735
60346
2162823
1546192
3494978
4830731
5446017
1140071
7597627
4454379
100746
2109270
1917029
1913707
1579244
6489003
7557943
2687410
2176434
665612
8262960
5327651
3989240
5369759
5686647
3834771
2380166
1867306
1604687
548938
5393173
3156517
7676316
7038060
7627725
7595994
1063318
157088
6579702
5902543
20242
6815369
3621725
1235551
83758
4830048
2173045
5582631
7551232
3384034
6492206
6165576
5780660
3426971
2156429
2272892
184485
6298167
730286
3154081
624961
7554028
3531727
2380936
2624115
7068428
5322259
7855873
5931809
4318424
2725596
2178495
5426174
5538151
5637405
2404966
4830494
7597687
3153069
2170413
2730740
6158543
7597212
5633861
5393705
1928418
5807033
5686878
5424779
1356230
5427830
7525833
215422
1283613
2183803
7846229
2157478
1010246
6158075
5373372
5635348
2173733
2066620
7196046
4663889
2065328
5410602
2162031
5928326
6884394
6682877
2552406
5602364
5639606
5688678
7551262
7797325
5779048
1804259
108589
2381217
6720706
1681758
6883956
6416620
5498913
1244643
3387598
5383951
223766
53161
8005789
5380926
387223
7626638
4831156
5687466
7980260
387352
2377589
7563508
3700016
906541
4461394
7535194
2246211
3387979
1750297
5578578
5060055
5310565
2736014
7202655
6378136
7484680
19606
7267812
7703869
5428015
7599364
4581897
1997501
1949090
2788009
2089658
7160854
5513921
4915842
5634112
5385590
3646360
6473779
1122355
5530116
5686363
6223607
1272479
6514812
6393766
442905
5807137
2620505
3145386
6701778
1589765
6039642
7547861
956071
99528
455252
5686402
3048465
5641887
8166499
5425334
8214185
83608
5546892
7711967
4341926
1391506
5393926
6168290
7546044
6246369
3051578
9182
5371063
228321
8025978
2066788
7525827
2167872
2428045
6946447
7523625
8000805
7996720
6532787
5469507
7833272
7557544
2784911
5368422
7145798
5469318
7677388
3165074
1681991
6668124
4828022
1867329
7597609
612298
5310280
3334593
325901
5537237
5687194
749536
7597979
2327616
1997829
5531727
3051993
5378031
7127316
5964064
7674637
4273117
8084338
3136646
5374329
5061018
5633795
5684371
4571891
5694448
7800695
7594559
6231454
5473562
6548412
3153120
5811756
5226536
861946
2484290
7597813
6206214
6967440
843631
5539809
741280
2069558
3146800
1997665
3791707
2141492
5536835
99605
1319047
7898042
6969927
1615066
99673
7874808
7809291
1019571
1994125
1754481
1229
5662552
5706229
5425449
5380655
7491263
3184666
2132052
6001391
852747
7205985
7133135
7703030
1683931
3950627
5492983
2161012
1945134
5427544
7457657
5320686
7651635
7678191
5633166
758121
5373872
3453277
780264
5529812
5886329
1459707
7597570
2398999
5393693
125528
5641686
3162247
5564773
8213732
7501384
5469249
3653106
851258
3386085
4230671
100375
6295878
6171435
8300194
5634897
1971900
5293190
167373
2108900
1177555
7876275
942501
229385
6355235
7941230
2065247
5394392
8322737
2066856
5393176
4820913
2185174
16447
5695191
1546483
5686360
1930018
209749
6229412
5377261
844614
6368231
3167926
2013105
6393421
1928646
5469270
8117338
2179228
2671894
7552018
2249377
154746
7597771
1928786
7234024
5931164
5542798
7227633
5633899
4774675
95060
5394202
5897830
220795
7527495
7797387
2441209
3145332
7554091
3168865
5901114
2155546
4996038
3156439
5878262
4211373
7607387
5691822
7115898
4204432
6899536
8166783
980008
223664
6244807
7597639
3376977
8321393
5322085
3848235
5634906
584288
3460062
3237679
5575799
5922739
109848
3951470
2377897
5530686
1072864
3354994
5392971
6298092
7911834
2131642
6054804
945578
6736373
3786882
172600
5600609
5310568
1414295
7807673
5998937
179192
6567959
3232950
5494052
3172374
6482203
1685494
7625310
4672009
1176377
8212628
5640400
7033333
3136821
6425816
6736320
2236185
3501353
7195535
6158642
8139493
7139530
6388560
3992748
1078552
7147505
1223191
2224384
5426042
7566911
2255300
4915815
6158590
4136359
2678194
3146779
8176319
8218554
6870397
5426533
5686054
2851404
5467964
5411145
5834439
6164223
3194674
2050641
5937487
3153102
3267286
7797094
844632
5523708
1728095
2502522
179715
1748656
664986
2000269
7447181
5426473
2787538
5492980
5468116
1526496
6903273
5373836
5691092
172801
5689304
5129619
6693985
385620
2553001
5426881
4080989
5394480
44820
7506396
4221484
588374
346564
7554799
2067951
1773942
326382
1997832
2197867
7234617
6205662
1996435
3949711
7966634
154836
2568857
7455839
5409008
6451641
1998162
5686659
7528961
2820898
3830221
5825991
19444
7559140
1443260
5394175
2492098
2377128
5408102
5533471
4194592
218677
4220364
5320617
915895
5369847
5545425
1059932
7507022
6683203
5906944
2676126
2194176
3694564
5641644
5469261
167017
3379881
1945533
5473898
4199242
5394292
2069612
565116
5573821
7654134
6277680
2166150
5369679
5323568
1426111
3162226
100402
5581413
5879074
6385365
8263031
557009
5688383
7220211
1708593
