3438767
7717933
6338785
5442011
7900208
5857261
1912007
838654
471343
7667263
5063277
6467298
4117641
6357750
2597129
5414773
2126323
1917423
7583496
4118254
6788454
74605
6504318
7544507
3470391
3713422
1981443
3906730
5423475
7825267
7351774
6764372
4876586
6389633
7177413
5611471
487544
1920819
7136836
3706946
5250097
5109007
8236738
7230283
1003209
2575426
3234898
5684865
2127553
1718344
5311415
4625731
3009391
4474422
3382282
64562
6936355
6805385
1237568
7875461
2132638
5567482
3448958
2234683
2621905
5095226
6541880
7516159
2319065
7088875
6312975
6357561
1919698
3432548
6337610
153085
5548287
8048583
4431043
1889700
2262965
2705626
3661588
2854292
22855
2689834
7241735
3053537
8297761
5507834
7675208
192149
4905373
480997
3843622
3367724
5813307
3276840
7383336
4808110
1610870
5357047
6204225
22421
855243
8244053
6001652
2282835
5397261
1912930
142374
5936924
6695424
6786814
3623374
6336873
5337928
8282339
7531030
1306194
5517528
6045847
7583438
7287311
8049295
5083993
5521052
4106922
763101
6906587
1918972
5337239
6318575
5055055
1305937
5420161
4475265
3655166
6408123
1334266
4594174
5382799
7758688
1972357
6457768
2618986
793611
3742842
5357877
3956588
7383956
4119100
5955287
3238267
7370990
2273947
6503402
516523
3247652
6598711
5062163
5049923
4430176
5360528
47109
1957175
7832965
1968110
1890182
1891427
240516
1308241
4000119
2131908
4941175
2212552
5804759
656073
2052142
2776361
3661981
7586806
330197
7119636
7460373
5356757
5155203
5486999
1541118
5319602
2884883
3679327
7115868
5445167
3303622
6857581
8152672
1912599
1268233
5420215
5341244
7705182
2575087
7030990
2132200
4897933
4424751
6541755
6487764
7280667
7525301
7435606
7088003
5813004
4102462
7881251
8120680
3666133
3283382
2658179
447583
2014085
941689
7792571
7597225
7443745
867945
7705191
2951248
59677
7809741
619532
7685926
131936
7093046
77403
301134
4370950
133871
5663576
5379584
6501911
3798002
5770196
6540874
1920350
1885376
111685
3464839
6845320
173742
5792736
3841226
8183554
2218752
6405832
3447309
5813067
5803669
1146040
4645099
6323037
510138
7143114
1950913
5877444
7972809
7583767
7636723
7846831
6497299
6669158
5097127
5800518
772137
4626280
7340561
6661053
7546851
2763550
3445954
5222547
124949
3071734
7921055
3907355
7790305
2976499
7920118
6782444
6117708
6058470
4927054
6952139
4346460
1740083
5887820
7500533
1505284
4455646
7691463
5337832
1482252
247751
2301113
7924497
611360
859971
7607019
4474931
7874266
5887922
5081470
1286561
509385
5440186
5776563
7762124
574186
379353
3553097
6346920
1353983
6790512
7065724
980452
1604597
5889740
6559597
2257203
8151158
23489
5949735
1891529
5498509
205892
5213543
1334060
317239
460530
1089861
6359042
7435981
5508744
6073658
6500453
6685016
3505215
2242066
8013406
5415566
6133765
5532079
2010306
1133834
1430409
7686534
5154932
3307692
5966096
3761393
2138988
7122987
2239858
2404459
7673098
5360555
1494202
250036
1915159
6501380
1225048
524474
7941371
7343191
77448
251634
5330495
2077018
3994099
6503060
6890538
469525
7588283
1270251
449964
6312520
2241461
4428965
5884973
1488864
6980176
7945545
949960
6782426
5418044
3943749
6646179
6286876
2240419
512595
40754
82953
7101277
4648544
5828548
6504954
7904900
6412784
5378775
93566
299452
7934406
3539005
4432237
6398741
3871952
449943
522552
4910053
994412
6238741
8079151
6435401
26780
934334
7909474
3566809
1981554
7582699
6328428
6312565
7783081
1972170
223412
7538972
1912158
1529837
7682594
8081005
5656939
7342599
1321598
6566238
3166847
2598756
7183331
4924106
2259653
1971437
6348285
7526402
6818667
635507
2230681
8061760
5421065
61600
1667861
1971951
2854052
2267955
2275753
238617
173937
2766329
5357232
2871590
3437853
7199139
1613636
8046437
7148765
4873174
2329335
7531695
60457
5534490
233531
7962240
3607455
3714478
6743206
6344573
1980223
6386372
7927253
18699
2621012
2255850
2336969
2238335
2233003
5458685
7531299
1890313
8168907
3104365
5110712
4200043
6201478
1927279
5765390
6000872
4424113
5403574
455288
7863235
863231
890437
2531232
8241526
3921476
195668
6483546
3963198
7357296
5612811
2996655
7288818
18488
2270717
820835
6590482
8120
5802526
5521151
246400
5936679
1908701
3104797
5332517
3977143
3007873
7842298
6607471
7393219
5402557
6201574
5947744
7755993
8217364
7096329
6334477
5413699
4893030
3714289
963756
5563141
6660806
2601398
8190660
102654
7701322
3939253
2009934
6217299
378406
2186951
5508503
2398426
2562801
7670233
57629
8090198
5876359
3544373
371797
5879327
7281202
2362278
6787597
7401169
5419923
3490801
7040986
5763937
3920195
96339
2151444
6099687
1252721
5379961
3449698
6750584
469108
1907668
6396884
5311607
2241904
5486430
6155689
1233059
2486659
6359574
133715
5936313
2244246
5978502
8049967
5356223
2252386
6322819
1917441
1723633
3872230
5482026
5338296
7585312
4079813
1910820
2263650
175146
7143572
5038128
133295
5337982
1215977
36735
1873447
7863306
2443326
3639377
1426570
8244536
861328
7343350
949939
6320629
8189685
2748664
1913572
4373419
8274139
6338767
6216039
1420518
297190
515377
4122057
4044075
199495
5356894
1339692
4165348
5322941
90135
3071785
6342435
5443073
825302
479403
850430
8098497
7835976
7591586
7857409
5508311
7557880
6054374
6690180
1839434
5361244
6725669
85166
4271216
6558643
3655519
771762
5849478
233948
1993530
3706182
5882497
7967694
5309570
5092853
5107687
483293
1203176
7772742
131843
7544280
7086534
7281905
7076016
2245133
4380099
8098494
6606290
7584682
246647
2168683
8335933
6226537
6586337
7901300
5748275
1912948
6468505
2562795
3743184
7481596
380271
7223337
6798776
3050787
2262659
5419917
2496606
5309911
5567646
179754
5887416
7920405
1478644
4431025
6265083
3651722
7880374
7170405
603207
26151
2414879
5333275
5336839
5749187
6783122
238826
6266134
6214054
5578384
8011918
2950971
7355862
3238291
1972095
136339
539680
2009760
5414791
402740
2717314
375203
7345601
7357520
346782
24185
4266186
3486697
2228055
6842888
6748438
7585392
890446
1921609
20518
1912966
2263353
3943818
7908317
656079
1889816
111712
2242780
2233186
3009409
34442
969175
7540851
1270275
1890461
8109545
3937557
5222559
67386
7356045
6183525
6340731
5315191
5332332
631019
6229298
7583167
2147660
6558658
2246652
1911448
2017726
6680736
753933
7040665
7871691
7049749
2675477
820746
8008861
3990927
3995266
1916666
5677305
2891924
7910186
1970149
503788
5085877
2490291
5561566
527426
574375
7845556
6797492
5508158
1991177
2242168
1972795
832615
2253558
2100765
6751395
345581
8050439
242169
8187727
2430141
3484631
198845
5340267
7360669
5522551
5356250
5362462
2952100
4272646
5361511
8009578
7150306
8205705
7460382
6255379
7966451
5483090
291529
8037537
6828193
5775857
5684713
7970754
8282147
2011130
3921449
6690948
1688359
4050806
5338042
3671967
1206488
7868417
7681404
2685969
1972543
7341013
6276607
3544926
849856
2251969
6380193
2219976
7994586
7360271
3021476
1308916
70645
6420095
1551327
3337339
1891128
7900289
6430296
5814693
5380091
7544454
383047
7528211
5386124
2224447
2421510
1774778
3326133
4263893
4285746
2251460
1644069
5576000
7226242
5879245
7385969
6322935
5797202
8043052
5872250
2958276
197263
3504635
4398799
3995906
1971530
5369293
7483182
5145815
6147112
1529660
3185738
3986452
7862547
4360775
7447842
7730185
7869580
5419339
1910255
544581
5564797
3348509
924082
7858207
1998569
2864795
5378148
7501714
6190108
1615460
5356861
2822586
1920398
8070847
236447
3453837
456020
3977043
6201302
5569181
7849583
2132533
4474818
1848979
5391941
4475964
1284119
4306116
1309405
165651
362194
6216285
523984
294053
3165042
2020550
843107
2685454
6331165
6779187
2981669
1665089
3533531
6214885
4865627
1972309
2952695
5323232
6044758
6165373
6784475
2877498
3554135
1615866
95069
7049665
929237
6354023
1175171
6099672
1972282
7287290
7542571
1574274
5420510
5580890
6134361
4236513
504713
7907012
5104304
1613864
7098252
8079927
824006
1253310
2102231
4909782
5397159
7308021
7422274
250039
5548668
1439398
2230486
8049697
1067191
7718282
8192126
7675211
7702785
7352184
4381663
6338686
4976644
6070906
2198960
5916628
1086833
4082174
4653589
6507675
18614
7684019
231101
5520926
6312612
5873239
1523628
7435651
1270705
8086554
7172734
7173037
6766482
3527585
3234286
8110640
5831863
6478660
6845299
7583534
2580187
2477676
1973005
1236818
5781473
5082889
3051434
3399367
1229914
1438717
8014550
779496
3446215
5881090
4372372
726753
23016
7583275
26013
6687851
6339940
1159620
3754370
4677984
3555511
5651990
7582825
4398222
8168808
6467808
8245886
6573620
36640
1268901
5651849
7542141
133610
5423370
7536176
1169130
5853119
1955434
6173462
1910996
1914529
3660417
1998548
4475594
5482125
6312577
6961171
2178622
4419018
7808943
5802862
6312607
6762396
3714244
3156146
6764898
5681798
5916766
6404990
6344414
7763769
697791
5099850
1449417
209031
211615
8187955
3769451
8106871
2735967
8111223
732373
4120360
5825376
5339732
153871
920091
1230747
8015610
1173882
2155197
2669237
1836319
178423
1053522
1873756
3436528
6284182
2242984
7978675
2034762
5392383
5656249
3996590
4576501
1824384
1926934
2468792
4652951
2600898
7833362
5360588
7624524
1836667
1891179
5396561
1312057
70696
5419992
5092772
5483105
4436332
5452124
3654050
590499
37483
6233582
3939802
2221621
5359687
3166960
76338
422052
2510502
1920755
7883335
947017
7373161
4784898
1366614
949167
1394910
971343
5672027
6637333
8011096
7294122
5078813
1966525
5553632
2238752
2822114
6460596
5482853
1234410
3495945
2237408
250879
6476357
749338
86188
3440126
5878701
370043
7869751
1025926
7173247
7556075
2205651
5681285
1910823
67425
8188207
5038684
5561554
2461228
2045620
7226404
3667399
6408732
75757
8097883
5461465
7664423
5889545
4435500
5680386
2126956
6723578
2033643
946966
441292
1024603
5081811
8309755
6496275
5106292
8306943
931369
251799
2265470
1305523
3035454
76180
300560
6022346
6703881
70594
6465981
355640
4376832
6762031
6338617
2623279
7670155
524086
1955437
7444804
3235009
8088857
7905091
6037598
7900887
3318355
7517627
7205196
5525607
6499555
3598933
5488912
4424551
2147423
5356948
2237459
5748266
3670194
7549369
1735553
350057
6050064
732301
5870458
2836539
2163177
4166816
6000486
8343369
583633
6661994
3661909
2127196
8169424
5058602
6047452
813578
3489581
7390941
5414986
4157800
6760683
7063842
5878253
2237438
6965409
3486437
7542501
69457
8170141
6265943
2828327
2474417
5872307
4386518
7354967
5629378
5686776
7345490
7730101
2435326
3351032
5414566
5872409
6346750
3381298
67902
22793
6282521
3566488
860881
573369
1613855
5409719
1872278
3286521
4150554
521618
6667568
6687364
7873898
7854762
2243352
8048550
8134632
6239533
5354811
8010714
2245940
8191541
2243943
3479920
7265209
1945062
3754826
8097729
60286
5340875
5549088
5332347
2676533
654243
37155
1048444
8283903
7568066
8047487
5874306
4134626
3671453
1114137
1021826
2475518
7894872
200497
3668302
398871
6687779
1893045
6367956
5888132
5361106
6321884
6219215
289651
3985420
2604666
2010693
1934703
7794993
2229563
5359838
3682973
7905972
7951291
2979399
1520593
5402186
2240389
3073027
2923291
7555078
8134748
76542
6757888
1237060
1892399
1084751
1817480
4354063
7519532
6284694
487253
2251898
6327942
5670734
3445897
860013
6216691
2126362
1913460
1823658
5910168
2034215
5889447
2562690
3383505
6344594
5509320
454175
6754375
5337556
6772737
5853101
7934502
4733050
1056679
6504357
7065415
175056
1593722
2854987
6551010
5311436
7170417
1391503
5871813
5748260
1954766
2511043
35538
1836496
7102330
7517347
8260949
1919092
200494
1418893
5623515
2102011
1466317
3871143
8132619
5102235
1967501
2263617
1309180
5336630
1471094
7517362
5311510
1921225
2097948
4505553
5871100
2676078
8152648
5884058
3536326
623873
5787395
3347196
2715682
1914190
8086929
7674454
482156
354310
196443
5440217
7269188
2445305
5561611
7253203
7090232
67590
1885121
7178819
3530541
5785693
2130138
1114368
7636614
2672097
7920953
3490222
6961602
2147812
6666932
3672277
1233354
3389240
4431001
6218161
355069
4790194
2313024
4497054
524738
463085
2473075
6358387
1578372
1615625
76084
2215281
5508122
6402923
3505855
3436615
611374
1532786
6671811
2127217
7583306
5811876
471730
8190385
8230012
6357684
6172636
3754409
8206594
828853
7901696
1233556
7542270
1774647
1926219
7521095
1962458
2024853
7503702
2240422
2770589
4236444
3444350
6906939
1809417
69061
1889507
7617589
3494470
6205065
4002198
1089207
248750
7541982
3097216
7151853
1103420
7430722
5414008
6793438
5104301
2239192
7390899
4382801
830844
890601
197866
4646937
5690954
218531
5286380
3469452
6687511
7545251
8254436
7690429
3669917
8026705
3231874
7796111
7353479
96128
37338
5360290
825044
364563
1232459
7531353
2231019
6673488
845342
6704403
1709236
3536665
8040032
3969161
2675489
7868267
7982680
7952901
8340330
1594660
7257277
1317228
4998174
5616085
7253615
5331185
6189601
5909057
2010351
1173888
3497537
6298910
2058950
8324525
469162
6762249
7545105
249865
7281519
2102474
1079029
1259576
26300
6357735
8199854
1886423
389539
7352475
1293168
1917317
5403208
4082171
7795056
5333051
5356217
6644004
6470627
5590894
3622097
1283522
984247
7585708
4497636
6038112
5552670
1762606
2102345
3422088
4833682
7896228
6322603
6321709
2260610
1347764
7300032
910628
7936244
96110
3677298
6064590
6037421
7094269
1956250
3545812
839508
3490660
5451040
1454858
5507741
3980693
3178041
7284774
5876272
5600645
5081136
7355982
469087
2130460
421471
7875841
64256
5066376
6574969
6637838
22843
2099911
925013
3953112
6796574
8198928
6665496
7993243
5826900
1968736
1340603
67341
6047804
3714139
5440262
1916510
3568072
7274487
5716123
4090859
1308736
3431121
991033
6718619
1058681
5410161
69070
4559875
2264478
7286010
5378602
4963356
6217755
8043070
7583458
919900
8132075
1087535
3804476
5514044
4053641
3048537
2160802
6183102
7909919
5888889
1314954
1368175
3532239
2715771
7336012
6690841
948993
7781908
2220419
8064185
2069010
7087605
8190301
6239167
7075628
3538319
6573274
7920908
2270971
6057077
5378859
6239080
5785310
6679903
5657955
3489351
5110045
6676824
7142521
6790773
3290867
59480
7974928
1578962
7906474
7094245
4353566
6646887
3537858
5430086
8277217
496375
2190523
964119
6367701
2475631
380477
660737
6723401
5338775
2148012
1086734
5356658
203696
1274274
6279152
8048813
1472436
5500536
6774259
1972482
5397303
5766707
1113594
6788346
3656537
14168
1360333
6354480
5654520
6209781
702823
2252326
7835970
2434578
7882554
1833610
5790971
2248421
7770070
7625526
6686122
3315678
6551046
3980744
4724338
731754
377494
6899684
2580253
4652939
8246751
4139592
5128188
2335646
5446209
5535481
4151528
979543
1309204
4455640
6355960
5679846
5339507
7533024
989971
3330366
8340384
1916969
4927018
7980658
3677556
7928579
7134207
3823075
3050036
2148327
787330
4089633
4436098
4475306
97501
197869
2139351
5652394
4677916
2982765
85193
7670116
5423284
6938393
5086657
2118234
1983031
5825217
1873420
3282806
2135003
4189878
7529868
5716036
4162143
3437901
8183253
125665
7870012
4926404
5565632
6586857
2257725
37347
3029494
4134641
2562684
4378288
1972771
5530893
4519827
7511757
6543148
5529201
7878833
2240652
3438734
1636997
5680257
8324609
1918706
1698862
6337816
8133213
2129925
1892132
7870168
3487458
69646
7354711
6572843
1915291
6379753
6311713
6534403
7701145
2719458
486878
2966982
2578298
6184654
2264049
7951666
5333487
3243888
5331852
5748269
175110
1913319
5684632
250983
2434356
4907313
5311325
7970878
435609
5428412
463106
1351774
931126
6250010
209528
3757286
7505602
22469
6903785
2717440
2216049
2283485
7894887
2745507
1744100
1743226
7048873
133805
6038106
3252488
6200864
2559113
7099012
8057515
7962084
3664353
5778967
7425229
6758202
3166241
6504570
7544809
6867935
7342578
7108821
6298684
2010660
5356187
611587
4326652
6541389
6936844
509235
5361849
2601395
7065442
8183707
4711338
6506902
112306
249323
6331532
7879617
973459
6352684
5460943
6396355
309563
2332609
6508921
5315112
4350528
2010111
6342384
4180920
5561572
5661967
5953481
7160773
3248140
2256732
6953641
5314062
3806662
3537564
2632062
6454421
7918879
7927235
767435
3639852
2548269
2474233
4472976
36421
2841525
6445048
6181710
3677619
735290
925124
7333744
5445495
7686777
8010517
6849187
5451965
6327573
1890283
1634298
7564237
4375331
7001501
5758108
6515774
7530110
2884706
3640349
6557954
7684160
7376862
2200597
7121557
938366
990352
5019067
3937915
6256011
132059
1745200
566904
24265
1643608
2769612
8066813
2243811
7687841
5063738
7274712
1303923
827844
1946992
752923
6824042
5273111
1057657
3189099
5744127
7919538
5568833
5043339
7563564
7505913
6542132
2240445
2189613
6350978
6148363
2266213
5414089
4407498
6470531
833568
6352362
5100636
3348665
1688455
8188072
4374177
1057684
376737
6167973
7790566
6723431
7684163
1615087
5357308
6289416
5110345
7373616
1321037
2384533
7682166
4501431
7342548
2214975
6345942
7286028
7365860
99697
6859286
1381536
2855170
3675480
2855173
213187
2994128
1756154
37242
6828439
6433058
2715610
965386
3492122
1917666
5484214
150870
60502
5253776
7383604
6970932
5880085
2752740
3819376
5680056
1215782
8025223
3439608
5457446
1965815
6661344
348053
8041557
6266026
3763590
7373296
8132679
6541328
5336333
666448
476061
5508726
828168
5570956
880377
4361253
5311207
5336396
5399618
6336061
587032
3554219
1301224
2257209
2051379
3488607
2127022
8050376
5104187
58455
6796091
3234316
1234783
6040808
8048070
2551545
5654616
1576293
2286870
631121
7714084
532387
2231558
1866863
5690873
8151740
2435383
3411478
2754634
6504498
2125125
855108
2606778
102534
5361921
5356502
5873272
935943
6402028
5797786
5453629
6660612
704279
7563286
6467925
2832711
6201628
70366
2199888
4001064
6870860
2512464
5886140
6158866
75748
7559605
3954194
3506052
36586
6499690
7517768
5424845
7253807
771411
6682761
849168
1603418
2583903
5361637
6679483
532432
2240430
7681515
2129812
1907611
7965878
3159076
469408
5403766
779206
3925913
610171
2247640
6206133
4308705
7781762
1522294
196764
6577105
1890380
5873569
1963462
5507831
7877574
5341585
3659630
4714738
7918590
7525979
1113861
7437326
2715395
4055869
6346538
37072
6385139
6304352
1994276
6764945
6346041
5806344
1940097
5871986
76509
3433057
2417401
7754883
2716588
7473779
3443139
3823710
990780
7941431
4669651
5415034
272658
1914403
7542282
2200447
5474839
5228801
2224665
5763225
980446
1524077
87901
4433160
5499297
2432428
3391683
5330414
5871076
1234859
3591361
211126
1919739
197554
5521241
7112007
6781309
2223690
1739173
5060730
5330474
6786983
2854451
2272348
6638269
3676649
7746977
4669540
5521226
67257
5336246
854089
8014355
463467
5878761
8089716
6256060
1436303
1915264
5332116
331040
2620034
1114230
2369047
4116278
6218539
752486
132032
2262758
8189814
4141827
2647883
5322586
5410290
5907804
5880299
2551554
910699
5074215
7936965
7506953
1921813
3321322
3242189
5508927
6950430
5311601
494404
3471038
3668434
4774549
6442752
8099463
3819975
4466202
532450
252568
5816420
3671883
885122
4291367
8254424
6988697
5827565
131352
7840154
7897287
5791170
6646849
5357407
2703855
830862
5363038
26618
7501164
1046986
7532209
6155054
494034
7185265
75910
3442989
6774835
7639202
4116227
441340
6216045
5533235
586418
415351
4599667
4158590
226832
3495587
5420378
421123
6949965
1051646
5141071
1949405
3510287
7900538
1214974
309964
2876876
1920326
2693378
7661033
7669009
8188156
7485196
2252944
882556
7097968
8169397
1760986
7669421
7253789
2246873
7898604
6201409
291328
2256099
1426733
5724106
4008652
8188554
99107
5936328
4417126
87277
5419812
5563081
5882470
5273455
2781082
7520072
8097954
6504612
4255442
1453611
4967215
3374672
6441351
6270687
2089910
487232
82950
3666283
8196682
4400066
5961373
67449
3930971
7510147
4665447
2158338
7611973
5565173
2078841
76575
4368230
3269342
1982271
3460386
5824638
6839930
5783466
2626500
4436347
5414419
2228310
6656767
8098390
224519
128694
8045550
4308131
471096
113539
1914829
1413369
1011447
214535
2235933
8142517
2267616
7142126
1966606
980706
2267454
6686234
5936322
4214662
5445179
1968691
126183
2260922
5852178
8067617
3672910
4652912
1886081
3431678
6559732
771582
94069
7980359
3531385
5514620
197077
3626294
3250000
197911
6477961
1203101
2688293
7044682
5379186
6331371
6848765
5576655
196269
3440161
7078894
5362610
6684293
69568
1897938
133259
5466688
51219
1013205
5623614
438176
7542462
523839
3637050
5439944
7289126
7900136
7920738
5336372
3214498
2871596
2552011
5358125
5420113
718200
823036
7901678
3921479
5564733
5927845
1913454
1612636
6550030
2252959
6564645
7521250
227135
7080121
1913578
7829139
5330948
7914784
6953229
7147511
5453596
6402341
5513149
8344410
4162856
772185
6659762
6001385
4683139
3215773
6544354
243505
7253438
2598449
7501167
6239832
7503556
7808722
6041336
3695305
2104933
250549
2027680
6166451
5879486
4014077
1011952
5358950
4431613
4987592
2663640
6740995
2480668
4478456
4879976
58278
5082079
2241045
6765002
7387444
5018205
470889
5337571
3350045
5402129
8099658
4909310
1738906
4461475
4765805
4432693
7142580
627216
7385037
5402755
7954806
4266245
6524163
5453081
1912341
2622619
5462077
6456263
1011766
2976637
2272285
3945838
6191479
251871
1444749
7076320
4430588
5331248
5612066
8195590
2243229
551260
5339879
4266512
2125537
991458
6007356
5528185
2998333
2997446
6255896
6671092
4346622
1358727
1969990
6781617
6638152
7821263
5399569
5671374
3713962
5904935
5742830
3294235
7563201
4626006
7582472
8189703
6428646
6496656
7997295
7583631
5339681
6436728
5886668
8026278
2335185
2199840
5507816
3375661
6334567
4475870
1990986
2130718
8065919
3454161
6040026
469453
7291196
1225702
5413969
3302681
7228496
2854475
3414950
1912841
22457
3070852
1348900
5360337
1972068
7380555
6460918
3749473
378570
5680675
3497002
6684728
7284777
6403258
6338934
5878764
6433255
6436122
3334543
8043409
1334138
6360232
5356960
5421298
6431762
6208076
101010
625968
703867
6336148
3978013
7344610
245807
2625655
7683547
5402318
3510499
5523342
465962
3128686
3449596
828049
4029515
2337764
3429128
7870006
22941
749755
6759535
6230707
1916516
3876404
5392129
8108138
2127364
3826713
5569151
4356422
5314026
69865
2755538
1910321
7996882
3233648
85694
512915
5560771
6470684
7360595
7724502
5883701
762469
5315344
3702920
2224354
4267036
2435998
5402884
8232269
7340015
2436428
7352151
5508401
1971897
8256596
3795312
251868
4097822
4625777
5606913
3374852
7568670
6318290
2987926
1272500
2863205
5766119
5791356
2158242
4436453
2191432
1544599
2241099
3509732
2273289
2271955
7390272
1920674
245454
708971
5194741
1372561
4991464
3666160
5336771
6779264
5106523
6100632
7260384
1706482
7542171
5653365
5737143
1962452
1892072
7492168
1233122
5104837
7943672
6312583
7092270
1080442
3750770
7517609
2103521
2151102
5358356
2138499
2033511
7538771
378268
2221978
5748050
3817030
8012749
143144
6342519
2668006
5487424
6798140
6390933
7603825
2259095
6870863
7583411
5546662
7783276
2268963
3512016
5421403
2670308
1334952
7113462
959167
5332703
6047669
7934454
2126806
4234081
75769
5689556
6638275
5321595
7582741
1492845
5680011
1047273
4469420
3165581
6318521
7701372
957159
1346620
5654301
2904909
6458814
6961192
1734682
1201139
5480934
2147339
4052941
251691
6544252
4002795
6239326
1921645
5943232
5923063
1621180
6213550
4061975
4580427
7941986
4564855
7900544
34661
5402635
4848196
77591
5541849
1986976
1989884
1920392
1919363
5362717
5522581
7829034
2401589
8150122
5882494
8191566
4376006
3694590
379709
5785020
5888871
1988978
3663219
6404377
1990310
5487580
1173153
1653453
3994620
2905324
7681236
7526737
5780098
7377143
2680153
4151314
1926222
412328
2982666
5567065
3136827
7655025
8063969
1972005
7582831
1420806
5864863
2431943
1823988
2273268
6465870
6796206
7684097
1892252
5486526
349928
1109540
935680
3636445
4120264
5520672
176844
8169197
2687694
708965
2180905
6096041
7561611
7226836
5339224
4431909
22451
1309225
5103281
3540503
8317001
69589
3713470
2854247
7915011
35418
1822232
790890
6355750
1619113
2269562
196905
4474269
5311683
2230759
6781264
771873
5409134
6344405
5196350
1415762
3657921
5911893
6423808
7078480
5657035
6638994
6909175
1885400
4266198
6056683
3665248
8002544
3003903
4053858
69754
6215850
8282432
5489040
5473649
5494112
3677406
4306407
4897930
8097831
7099706
49093
4121423
2264163
2129009
6764057
7617259
5056548
5794580
2258160
5535868
5336309
6238340
2010165
5482925
7544679
5929670
8132351
5311598
6646962
5473763
750699
2619875
5853352
7362128
1230726
524180
5874727
5615914
1587193
5204049
7490547
1955371
6353198
5825373
7819566
6045934
195791
7663589
6489378
2471079
6467568
2247208
5401925
7501035
732526
5950451
7402838
7634961
1214644
8139104
3704221
3673303
2206879
1652225
7192381
5341232
5887452
6984161
8197963
2605308
3937327
1411271
1071616
5875124
1815178
7882156
2028901
1962988
972571
252130
75895
209914
1972221
1218656
301317
5745167
5058397
890215
6347871
5687966
5402698
6425365
6952955
7966175
1910350
5311373
7415415
3574800
2255640
6689993
7683520
5310400
6791761
4201064
7380531
5998689
6690602
3537299
4902516
35664
37648
930728
3104253
5339429
6372412
922571
5487313
8098503
4428944
4353725
5339378
2663067
8306680
6355819
7435696
4868087
5562774
8301422
1075866
2588573
2236569
2853944
7900761
1690243
3285313
6497632
7503547
1490980
6952905
7081643
389101
1909940
7395211
7585850
6774609
5521088
7983596
1279443
6661844
7900696
5507597
1912727
2985170
6269695
5338054
5272410
6691149
6864333
6239248
1938923
6903375
5402363
5883593
2273127
6506089
7617604
5428289
6918063
6502952
8295913
3139
4036589
3283334
767789
2257321
5847031
7823428
7758553
6599147
5871591
3453388
7754418
6421363
7818886
5322850
1298665
3872425
6871612
2697203
1920065
6431295
2243065
1276768
2281453
6758452
6313029
3500942
3239848
8068009
1400597
1918090
6363601
7685693
6241890
5502517
4005648
133376
7861435
26390
534791
1647043
8185399
4150708
8079005
7657916
2760165
6868054
196053
1334922
2839726
6758341
2256042
308118
2127097
2033446
5441473
3565829
5339486
6311770
8069926
1972570
3654332
4436686
5777269
125600
1075860
1752252
6501482
2239159
2233941
3285763
7086946
67476
1139731
2216617
2424189
3549144
246107
5552506
6346526
7516374
3234480
2199629
6239823
5566178
6521925
5469623
6989733
5215966
6063817
3882156
5181704
2128192
6551127
3248795
8261999
1890812
86569
990518
6401465
6405068
5309983
7526099
5655603
2259683
4905277
5445164
5563102
2324122
6726799
7617405
8200149
19618
6499108
1151
2598044
1890110
6439308
5421777
3680480
7880235
319253
6490292
4359759
5557637
7453372
2223301
5788495
6347790
954622
1978396
6201134
2218707
2757279
3146373
7864780
5907801
6503084
6230817
7473782
5886461
2230402
5532262
7151286
6226534
6331401
524020
1438720
1608061
5403328
1836730
5921961
6438229
804933
3546955
6328028
2235385
7559173
3668579
1917447
7257385
7098468
5181011
1003479
6558880
2046633
2532118
6000893
5680726
1921651
5379868
832456
5883698
911081
3470832
2256045
5412533
4981462
1342144
7001123
8050585
4083485
3023302
1517203
2272303
99727
1957214
6802132
545583
2484227
1913972
897300
3443013
3023640
8223774
2235043
74280
91694
7612046
2223232
7901393
3439188
5833209
8065626
3495308
5839395
2384949
738343
2245124
7542135
3452982
2665998
7939925
2998112
1916684
249754
5077993
8049139
7545301
3351340
831212
6759815
1173729
5252413
6335595
2253968
8043748
5830091
8098826
8041840
1788225
6214005
7806870
748993
2215900
5611125
8045921
470551
6829137
6240242
5402180
7869302
7826072
7352130
1308955
7927477
5362130
790163
1740156
4472961
6260962
2022862
3422223
6218545
6007777
36935
2132791
6915869
2722499
6241677
7342266
6761748
961127
1616022
2106273
7243320
3767683
5241621
6359039
2981770
5766236
5888348
3317995
6680359
3592079
7595823
7366850
6418741
1419163
321281
7829145
6321634
923266
7393161
5904069
1909926
2081890
5551465
7924644
4395042
5098575
2665509
1174288
2876879
1776446
5460841
5875714
6437120
49768
5396879
5691783
6709629
5934207
6759694
5917031
3920811
370046
7503846
2246496
7697539
1964063
6295637
1972789
6420933
3635175
980038
478693
5507996
75931
7173765
3452784
8344065
1892039
6684534
8166016
2717782
4928277
5358245
1418436
2716212
7526803
980754
2214906
7253498
522711
6780921
435630
2274756
5519206
1114197
5454540
7809693
506546
4664582
7867128
2230150
7560563
7617435
6790518
5576412
1998578
2688950
685752
8051101
1165766
7343861
70672
2117800
2714775
6155186
7910003
5539353
77253
2809374
5748041
7438550
1309306
7612058
2855212
3977735
7344944
197899
1089183
3926164
5778742
6681724
3824591
5577112
8203333
4626140
7701581
4086692
6431714
7543540
8194197
1110254
2974395
6785970
7474775
7878654
2126836
7936777
6183105
8265333
5974672
7158205
7735673
1177409
2228307
6293223
6773240
8005756
1174850
6689428
5636065
7730011
8261176
6330243
5882167
1919793
6515843
5650056
5563342
6782370
1917738
5337967
1908065
195509
5336956
5336947
3634704
5612295
3539388
7760261
6504150
1088753
6245276
5474842
3048186
2599462
6342240
172837
1991880
2167233
8097667
5969455
1086033
7763304
6417121
196092
752540
7908628
5887850
2247271
7591658
6209873
1427019
7802606
7436555
8044836
6477862
3543664
3444875
7983191
2201408
3072235
4117830
7530769
2850354
7416221
777129
2251346
7918927
623463
6319979
4256440
6237829
4473125
2717830
8025616
3374367
23996
2245240
2051779
8146285
178679
3945440
3159817
980961
3677701
6444140
5015229
5332161
7352999
6183280
5805119
1639605
1384041
2767653
2263719
524210
1060132
3459579
4400582
5362732
466045
2634106
1836214
5551852
3415790
3163
5361382
2854538
7352112
7542015
7230088
7542267
1917134
1577463
3139494
3492655
2224351
7086651
3595730
904643
2749019
1229932
5998871
4431927
1301077
2267928
1740131
2206627
6299810
399110
1025474
6041550
7598578
3597272
4174078
6858606
917705
3494950
8087268
2155684
2488050
2717115
3666793
3139242
8118722
7862725
1044000
7374884
1309675
8052223
6153002
505110
7364402
3165887
7849487
6402347
3453439
7090766
2775016
2132040
613639
5402360
533165
2265742
1829445
249763
575946
7706758
5409581
670438
379230
2245943
4479031
67113
5421032
6732769
5887928
7979989
2373534
1968380
5340821
5445200
6168509
5360522
6788655
5546468
1961758
1165599
8044346
504139
89378
5362996
3241575
6498305
2425292
4088336
7387787
5154596
533677
7443041
5507247
585719
7170363
4232351
6335805
2993643
4234335
7906111
6342645
5419157
6689207
7389037
2626002
6754471
3284729
6646665
302113
989065
2241871
291517
7908095
6521479
8051884
7468529
5363035
8256599
5360615
1334925
2372195
2978417
7584255
1872451
2608847
7795109
7672999
5403097
5520839
2705674
6602102
6964565
8069857
1466897
4702575
5450920
5815425
2269997
1913217
3537338
7646851
5341076
6586851
5867270
7159463
5356017
1918685
1013229
2820431
3490329
5523339
7504102
1688328
5547936
980248
7542393
563062
112513
5423263
2042593
2273262
4646946
5532193
1061370
665398
6284378
5771258
2264739
77804
6335034
6044561
7655247
5740761
626818
1014858
1914400
4018235
6190233
521312
6687370
7705250
7315739
5356825
7582660
5580572
5199656
2236623
6038728
7075454
3749491
2238212
3501137
5084259
7959132
685890
5878508
1229698
5066451
8132206
676419
4972146
7083488
5360687
7199142
2853695
6883971
4401755
5873509
2435020
2270938
2260886
5507615
1891251
7845620
1085557
7763331
521027
1917059
3671979
3453870
2245507
6760902
3651292
2291912
7026690
2824223
2242675
8057551
2042996
1173114
8043031
2435323
7516521
6545889
8011429
8256860
972748
5310792
609397
2602044
5521325
7040247
2587456
7416187
1982037
7362370
324048
2272678
1301878
2199751
8042989
1743563
7516446
6362539
7967185
2231493
7345145
1232377
5507220
1172749
1837250
7526785
458873
3673447
6476315
2052626
7868141
7978798
3361378
1582866
5727808
96060
1891266
847818
7146109
7601939
5681676
7564732
1004104
4018579
1418743
1214579
1872931
514610
1331336
1408033
8079145
5883375
2716335
6946681
5091322
6334570
4001899
36308
4652954
2625389
2256153
5812140
6490403
8199698
5612805
3675600
6677776
7504132
5656437
1307701
7684139
7801152
7368747
5423138
5340689
6316218
5840342
7511973
3487195
7584461
5748044
7849442
1107313
1308331
97468
2216944
6166523
2416671
2714972
3231518
8134117
2282989
6201005
1922552
5433805
6598991
6040002
133496
1230175
3439815
2254232
6240536
7796126
1910710
5771305
2599477
795119
1375059
4753308
5505467
1314085
6133114
5428125
2200236
5748263
3487781
4296401
7367837
6492139
5314089
2071926
1248699
7200991
2715819
5894025
8204889
227096
3494384
2760060
5947621
6325023
3388655
1912790
1248663
2567217
4047736
4398529
7909763
2160444
6312505
5977374
5541156
1913963
7383733
3338512
8131491
6412963
405719
5682884
1744085
5402503
253094
6904038
6792514
3234501
22397
2364882
2061250
816058
6342621
3625013
1891556
7005091
3239851
5412183
2869964
438161
5656015
1921192
5373435
197488
5336135
6233812
3439443
1890935
5919362
589552
6999707
8254430
7921022
5825256
5309926
6394364
4055845
7584643
3383508
6433106
7341438
5646217
5557518
8056900
775385
7674616
4616652
7582843
5656081
3707294
5390818
5581286
2679527
6468156
2860656
497321
499830
7098809
6896177
7542048
6497434
911580
8131671
6000890
726627
6691482
2620295
291505
297644
2660699
6524595
2010610
7817908
5358604
1159155
7937769
7907009
6537990
252215
5453644
7686058
1685762
6505385
5388901
8081335
3429667
5144003
2324182
899538
7809309
5338227
7941185
7762900
2103389
260208
8043163
5797355
76323
7542216
4285459
6764009
341871
8042753
5259924
5771255
5339540
4685729
1235090
5851842
989723
5513039
40277
2711564
6422347
7761547
7817363
6101291
924448
2756587
5671464
5507235
5817376
7170684
5358431
6464902
370100
315295
6448224
7929205
5782040
3522979
7769573
5969222
5315335
1917898
6339356
7355790
5452967
6663223
7978914
2974824
3170848
7920447
445962
79228
7501894
8020663
8236177
2272393
4272597
1058447
6723082
2781929
5402162
7158518
2176674
1971927
4143564
6498371
2331758
894330
1952617
8093817
5795833
7171762
7618306
4822619
959958
1910698
1892303
2558281
2036289
8044244
325266
1032944
5338590
1492557
5814476
6042266
2494992
432852
2259173
778107
6767513
2260233
3557477
7617888
7509231
2242171
6493348
3285154
4155998
5355760
980790
515365
5402450
5775467
5376860
7869484
7084157
6078685
4002201
3361390
1270398
2261795
3367202
6401859
147710
1408111
7143896
5828746
6411761
7150047
4029818
6774555
5963839
5508798
4398706
7599409
5651912
7415583
4563353
2229575
586370
3593459
5714850
524312
6724535
158425
6494650
338952
1916496
185279
7758310
2125160
2131303
3285520
5934219
249356
8196024
1998575
5402491
8223762
3665786
1963222
6439639
7582959
7859209
2180411
5580340
6767674
6961773
7900163
259111
8207138
8180169
7856589
7841135
3422541
6216362
7794460
4271559
7827196
2440892
665624
3284974
3506037
6344652
6397726
6289757
2877537
6574381
5357029
5488342
6025512
5789256
1922777
3048534
5484008
1637021
3503845
3677130
7762034
6782753
5748038
6440627
4228309
7381757
8207150
2136391
3678363
6541889
8182918
3246899
3429009
7315892
6661847
821208
4166778
7374643
6545859
37344
7900262
1525076
3449204
1378616
1653683
7626015
7115208
5051009
5564233
1981089
5507822
5402569
5889641
1884430
8309305
384235
1332360
3488486
6241541
708974
1971602
7973391
7850400
3744175
5322658
6338517
664866
1686886
6051050
465478
1982619
1918174
4159985
7088325
4700776
5378722
5731967
6241385
4515446
1305306
3487204
2089655
3139338
7340926
4308645
5548665
7617799
7966073
6310336
6780942
1911225
2234839
2217787
5532419
1920302
23169
391554
2976682
5360717
4434681
1744091
7674381
6040873
5112317
2519982
3488462
5566193
8055159
2117154
6352933
2125636
6406661
7884822
5358974
293751
6600223
75925
6001109
7876413
7098549
825706
4436683
7558660
6028126
6448539
339148
22050
1221256
3071761
3386229
3018177
8185411
24248
3696646
5077479
4121974
5066061
5955478
10143
1489605
2258364
3296645
3758964
5481849
1234020
5460865
4053891
1152006
3866014
4118473
5012273
6261097
839538
5955517
1915782
3802328
5554969
1084841
7226524
5658083
7844731
6706698
3660551
2025511
7835964
961768
1890869
5401964
7657946
985857
1215389
6435876
5682936
2035835
2100870
4432919
6524679
1885931
6701347
4563356
6239790
6605085
4565206
7084240
816222
6793184
4817698
5366395
3056998
1837289
7875204
7090799
6038934
7230726
1184440
7698011
8041599
8010634
5612054
5311899
3244267
5483408
1571243
5770199
1961827
2218464
1230205
71739
1890655
7545010
6063247
1051796
3667674
7285280
5964494
7980460
7393597
4644982
1593027
5482224
7654909
5643395
7935188
1653611
2774067
3621728
196899
6237880
1238377
1623925
1229428
5445426
3372738
5872189
1291790
6763556
197428
1268338
1826192
1166410
2999754
7873856
2256315
6332898
1740098
627456
6350887
2147768
1893557
7046231
1981551
2069175
5338889
2974230
2643938
8265315
4434204
4437597
1817977
535775
2977324
1743105
7036618
7146292
2268081
3488628
196143
662840
6428916
4268513
5309875
7526809
5953405
5568980
7951191
2332709
5889459
6751520
2474110
22550
2326757
5513692
7683005
4491639
5434747
71808
6430698
8194792
6240467
15794
7657973
6071707
1963408
2980401
6311758
4198030
5563147
2892137
294496
6357744
7422175
1107271
8012285
6220791
2554615
5341094
7701501
7290308
5357392
504413
5402045
1737097
5866393
1907838
5564290
5943229
2217353
4036202
1916144
7935689
8104854
5433609
1740095
2128443
1119785
6659940
6799741
7563484
7802636
331915
2383689
7970422
2265410
77499
5494794
1058621
251643
6207607
5691801
862690
4008826
8283047
3942072
225544
6304829
749206
2267631
5362571
215525
2883132
2975099
5396381
5423799
2253724
5155022
860037
5359647
7354615
1735194
6518919
7563265
5341304
2511396
5681438
491566
7617106
346495
6453284
8296104
8205644
7504243
124907
435612
2336097
3148001
174409
7377090
1339689
6975597
2128494
5508152
826430
523911
1915351
2724827
4401005
8008816
2253003
668675
231410
7909636
376525
6661976
67485
4160337
5812353
2581170
2128102
59860
2695976
4433145
6456583
2259149
5603320
3735551
1785
5885233
1090235
7387573
3571198
585316
6477373
3976943
3206141
1980828
7582469
130327
910717
5315593
8133128
2329447
7697321
1972930
82944
6335955
5338706
6567123
7972872
2273214
196452
5474184
5761239
6797390
5420313
317479
569513
8305052
7862934
8010987
496405
2175878
2240517
5536201
5032609
2715744
4515021
503233
3987299
6068441
5507322
780180
7935602
6040861
5358808
1272419
583810
496402
5081998
5370260
7111413
2009826
5356451
8006056
2222086
925358
925856
7100703
2237307
2265748
4568633
5341361
1090097
5535609
6436310
7869263
5767793
5569896
5683128
1195370
6647316
5252386
7761661
5419052
7283141
4302269
4428390
4473567
6934976
1331238
7170882
3714148
1046866
8196282
6678214
491972
7835973
6417722
1917438
5337781
5356329
6318386
3303764
4071949
5562406
7951654
1063225
22583
3304034
3146290
890359
5407478
6401862
197719
775433
7848653
2974365
6895817
7900520
22298
3637765
1046161
1085132
1253869
8341780
1734992
6231195
7503735
197056
2415818
1669747
3003220
533662
1914919
5507603
1685910
6326696
5332263
3319146
1228056
6357885
6209153
6496593
7504147
2362281
6766413
2125360
7584728
2267007
201209
1971765
2273211
582327
4971094
3048543
2492057
5561989
7782316
5403436
5323181
3570471
6189502
7732743
7756712
524177
6394421
3240967
5403181
5870743
7106519
2129453
3449815
7115121
2127283
2531778
4595566
3003649
5877691
1744088
8084013
7612281
5514401
6503614
1990819
7576177
2574861
3029112
232095
7654531
4358839
6799459
5579650
930632
4121119
2128407
5086561
23172
6213526
1081649
5547912
5706262
1173255
1175261
7076827
1912895
1972470
5713457
6794935
5834271
1890068
7953734
1192019
3535339
2037243
1752641
5378431
1892249
2255691
6322537
7345315
4429487
2310598
1053513
6443507
5648664
5825736
2350
2468087
984477
3619094
3239357
2249943
1993611
2248445
7920848
3618421
831099
34795
2216956
5459893
3413996
3670817
1096308
7113483
962367
5879752
5101370
1893475
5338443
1044189
6439153
2239495
9531
5111035
1918399
946588
7065433
6757897
5647517
2462767
7663124
8232907
2686593
1159167
6137383
3487336
817516
378298
5937433
76186
2318903
8090183
1453656
5321685
2333521
5414014
3480270
6101774
6037445
6792036
7707292
5892270
3139263
1721722
2190532
5330199
196398
6390165
8283927
164572
8080418
6220325
2316234
7830352
6767747
950747
5432764
7872138
2220135
7356325
5887701
3234759
519970
4603657
845468
225232
5331518
1407581
8190250
5681703
3658481
1085530
5340692
5533880
23758
6047858
5855316
4045792
8311629
3509054
4507717
1496825
623909
8173035
1918868
6146467
4161444
1090139
3127721
6684475
7677532
6961782
6405739
963161
1962868
3957782
5805098
662384
6026087
5461498
311410
5887698
8105509
5560514
325356
6400296
7320219
5060754
26226
8025709
8191532
5359880
5402500
8084085
3135087
2157861
8057320
7088286
5633999
249299
131621
5362306
1873819
8150276
5505449
5359805
245657
4092869
8337703
4366826
8059756
2864289
5780828
5337013
1917881
86001
5784483
7257510
5339108
5802199
7069566
7109481
1106101
36311
1653671
6750467
7233052
2480372
1963264
76626
463835
6049187
5508870
2172707
860590
2211056
6151994
6432687
3560965
6950934
5778490
1865940
7585149
3745333
96716
1415347
2337269
7262583
76326
5687658
6460617
5065805
6381579
3766685
5418818
1893084
7934697
7144059
5358341
7664994
6396451
4143367
4006728
7516518
2128090
3995730
422718
612652
5833016
6408168
7352154
2386541
5612445
7020048
2024453
6327076
8338354
24020
2424316
5512458
2598179
37432
7150555
8195967
3498598
4435052
2390789
387232
2333577
3381694
1789150
5181172
1817064
147707
7205100
3448297
6261266
3435544
4739129
4436445
5531907
3658359
6414316
5799422
2460301
3532419
3654401
6328778
1893183
7907123
7684124
8050147
6558272
1741543
7603684
8152028
1972182
7683380
4437222
6218476
6398204
7906045
6424295
5341298
2252197
491539
5766734
1818520
1084491
5250972
5390371
5813767
4428675
2621700
904646
6009388
1113525
961954
6559606
5855202
79285
6209903
5552629
3378759
7997667
1823907
6789148
7705379
7209775
7865113
4874676
4903626
244378
3284317
7901375
5974678
968965
4266590
5274126
7537743
34804
5639912
5250490
2245546
1920407
6441381
6465148
5744073
4989219
6496554
1114026
4827432
2572664
8209423
6683309
7345732
4208359
894531
7910518
5315488
197848
8201222
6190191
7584584
2877465
3566944
2401943
5088614
830104
1114311
7521775
2717187
1198166
4475902
2168267
7096131
6001707
2130892
6775219
249485
5396223
5814297
777837
5190142
6788117
6502141
1165760
7930768
2624583
3564711
6353127
6689058
7544717
7769648
6926200
5339390
6400056
6961533
2267724
5684856
6353501
7093863
6961377
7530392
6522003
7950558
6637683
5341881
7759715
8283183
7111693
308014
7526618
7978258
511053
7879980
6607725
5790182
5323100
112057
1861852
5322655
3556245
6607594
6313059
5568800
2237217
7612413
3775115
4145482
1579933
2047469
5114015
5311370
3755355
2216100
5421865
5068883
5068594
5332841
7542018
6691760
5249631
611300
4201565
7517389
71379
5485783
3971286
6045215
5332628
3599819
963316
2036304
1177325
4750963
8262137
2607162
7826263
3171523
257396
2958024
249925
951037
6401048
4474695
7170702
8019362
4958460
5680921
2475317
2230786
925874
8207297
3528126
62850
5801609
5413308
3871555
2983592
7149314
8318897
4560523
7595231
3744378
7855723
3937047
2239078
6259634
2237388
3490798
2700110
7094004
2884037
1114287
4239930
1367108
3447303
2625017
357231
1085792
1688452
462180
2319320
7821635
1578052
3483273
8045469
2263848
4356554
5567179
2559308
5379411
6484583
2269220
5576859
8166789
4200063
1686189
2619263
3563943
1202685
2614668
6321263
6757624
5414134
5341331
6338740
1832856
2238662
2915403
3206606
2515279
1300942
8242651
5802220
3470841
37680
3884922
6405146
1823991
7560536
1012036
5461408
7229957
8010939
4002653
5092383
7143117
3422124
8149385
3488270
6868022
5332607
295298
2247184
6025515
7501888
7531132
5570020
1999684
1366429
5371369
5314519
8097459
4000161
2268531
8232604
7516416
2994854
1874468
235653
2018604
5402000
7781528
2343569
2665311
2102669
183211
7585146
2325595
6379030
1058552
5403610
2286960
5806083
2251547
2230111
1978402
6000744
6350456
7542039
6312580
5786195
6282806
133397
830784
7642056
1418785
7342695
7954830
3654926
980910
5871216
6646527
3410866
3954889
69850
708881
2873
5764092
449865
3044
7074841
1085330
3446126
5880407
1295888
3444494
156093
7517533
1439107
3770208
5402959
3029217
5330715
5138046
3425608
2008708
8049259
2868906
3557381
7542183
1823976
5242230
5433612
7871223
2978798
2264964
5330447
2172305
7114793
3619406
7875428
3243031
5563636
6340890
1922567
5785575
2562804
1463604
8105081
142362
36914
1998599
4755584
5341310
6287080
70795
7078543
1774749
2265323
7681907
7830873
2389165
6231491
7931974
4283099
7505862
5038048
7610673
3669479
1085279
2050132
6723533
6725017
6530541
7158375
6266241
259750
4777815
2487941
5687254
6218594
503200
6405591
35373
680993
211591
3657834
1740128
6341120
2336379
7095879
6757933
6030972
5360087
5727675
3814903
5784480
6772758
2768233
2717148
6828891
2817755
2160324
6783511
2263821
7514828
4368997
3022134
501797
7342017
5507498
7877850
6335190
7374165
7554308
4372784
5748047
2263824
753087
5775782
751355
7503816
2242801
4673976
197410
2129970
3989717
6046465
1057925
8070916
887776
2246744
5593821
5444973
5715615
5440220
5873254
7362101
3445900
5748287
4150318
5339726
3699917
7181300
5311103
75889
6461392
2600211
2491390
4433549
6432789
6295027
6707436
7524351
5830612
5887674
1853260
2273441
6208642
3255818
1890194
1847962
8190431
2559212
6201137
2482690
6321836
5551975
1688347
4728259
5078732
3676090
6341002
2235529
6433758
4156439
309668
147692
1307674
2266845
5894883
5535517
895152
2576643
6201415
761200
174087
1978484
5129598
2409338
2229243
7853396
8010759
6209380
7357650
827182
7596926
7880906
2333007
6884328
5766773
6401797
3592927
7682459
1917964
2101116
3649904
2269795
6220069
6260758
336768
303338
7818227
2559836
2034487
7790157
7371383
6378364
5512952
7065397
5748176
6503069
7084779
133388
2619801
4398301
6059307
2229333
8120921
6723926
6522165
931024
3770851
9236
2257642
2232245
6400041
175164
7526797
6102474
7671106
1981992
3999565
1086060
7568661
3305018
6599417
7013970
5418687
6418744
5714790
6515210
3662404
512912
3625622
7660985
7761559
7229516
1420686
6725411
6058500
751763
4120563
252055
6662098
3697961
3664919
1889769
6737878
452501
3549587
4971445
5359461
1908521
5339885
7644822
6882190
7460379
5080053
1688591
5330357
7480227
7558321
1687171
7567525
7078399
8042983
5872625
4758818
3966019
5766553
6899257
6477403
2236692
7900247
8098214
2453369
75735
6825716
6607085
1087652
962334
7703267
1965447
1608106
481033
5870482
2268987
4262884
2261078
1892675
1056280
6494815
429147
7558654
7858204
5399572
7835967
6430892
6348330
5840964
5331599
5711854
5355670
825390
5771598
2652408
6961743
3944621
2222782
5311955
4399222
2229761
1430905
1836685
5877757
487478
2116783
477262
7697276
2237382
1893271
7395182
5402255
3007530
7345211
4579643
1968966
1613050
3534089
4070507
7307607
1526778
7546875
6953042
1970011
4875047
4942401
3379980
1114437
6430022
5883143
834628
8334293
1432929
7864426
4827986
4045168
6964970
6764051
2562798
1295885
3464827
1454468
4506432
5359263
7375738
3977131
6135048
4399210
6534754
76096
8229583
5339630
6503057
3664727
827315
2225471
3302229
5890056
5764640
317626
7533718
8057135
6136126
1890715
7742038
586954
5531415
7106714
7681943
6521447
3937432
2870782
7460376
5414635
5221579
5461447
5704320
7794759
2548760
7833152
6675377
1978387
5654571
1368562
3665990
4002925
3303601
5309618
763059
3673192
5038748
831281
348523
4404794
1957304
7542105
963041
4674180
5548230
625983
69751
355126
4251572
2027677
8222299
5771320
3882153
7882266
2411264
862210
3387967
5541996
5078577
7531701
5681046
3174927
5932137
1300954
5508173
6950273
7344323
7100904
7534167
5320923
3619361
6660262
5562651
1972999
3139497
5403899
7861432
2125077
985860
5336887
1056544
6239467
7654495
247781
3711388
4285324
6259123
1885967
1230336
3676890
2033892
3283991
5402614
4646628
7857158
7646974
7654950
2381322
6045533
8120784
7132898
2035661
6310513
3249440
2717721
4000935
7029092
7997673
4214879
6660412
7630731
2547292
6690782
4370356
6781297
7928837
5606031
5058548
3625337
6687074
5323064
2107908
5819466
4407217
2808741
555228
1919411
6396732
5648724
6971907
5027853
6545337
6233842
5363346
524288
6827653
6792588
3741890
489311
6343919
1308646
2099806
1230082
2254346
1426676
3707552
7701668
69802
848655
8042527
7857418
6774190
5370143
7674396
964403
70309
6352030
8006388
7941539
8204060
669006
6056760
5899071
5725345
1202444
1017701
6439404
6990169
6796904
2981
4190381
7517308
4374174
3502507
3284573
6769329
5461987
6497620
6363506
2129348
1424016
4654853
535398
5414974
5403022
5735582
989509
2265850
3660611
7682303
6497236
6790842
1453770
7783453
1173096
3548946
6137691
5460844
2981872
5683122
6367426
5694196
3994165
7416953
502064
3232383
6585514
2233402
7762460
511095
3672439
7580134
7383104
5886710
4433154
922268
5616214
1911342
3378096
77190
4111683
2124807
3908807
8218257
6341408
5478765
3607790
2244561
7172377
532844
7615675
2224405
2364792
71598
5093090
4966989
8296398
7874574
4020303
1174468
2823123
98701
1418622
6684803
804646
8007423
611512
5853373
211192
5133797
8045849
1293004
8086635
3429015
8318472
1301314
3349647
2625251
1667858
18644
4371731
8301497
6299913
6352581
954301
4238077
8010033
7383800
1145905
6464671
133427
7919070
5058274
7665225
3281723
524573
5202962
7921988
2125999
1270159
5235211
6218425
1114449
8296182
3613899
8183190
6344824
8046644
1613618
6864375
7307257
7973394
1963865
5557467
8196670
1788930
8134363
7517792
77675
5647076
7577767
1132745
5420930
4571979
3769882
5418986
6032654
6522724
7802003
4001557
7761128
2622316
67182
8096879
3419197
4436131
175116
5512029
5782007
1916519
7345045
2051568
6326711
6342339
5560726
2126596
4437486
7934925
6147615
1430444
2715783
2117222
4432345
2336822
5661865
8295655
4355229
6213475
5402447
7149281
2333398
6524652
5360081
8194903
636008
7655070
186872
7533309
5072512
5633825
7344111
7854954
2219815
6345293
8313712
3007185
7542583
2261303
4023448
469165
2234677
2136167
3936192
4501314
76287
7432165
2267418
1890959
7840565
3674103
746892
2216632
3316634
5097428
5866867
1421670
4685753
611620
8025116
5339852
2254265
110697
3959886
2871518
5937794
891314
6146119
5794821
4651300
112123
5329496
6497380
7344138
2136119
7563678
3661951
2127580
6768886
6857558
7542513
5311310
7617046
989553
7516371
6345873
5676627
2567238
799171
8208509
4084192
5390539
2035760
5263162
5339771
1752668
6312636
7395208
2237172
6803141
5414389
4879248
8187506
7531710
5403598
5234074
2269388
749347
6365200
7081311
5409071
5999226
6347147
7342840
7367216
823057
1743292
7618216
6668509
3528730
5575609
1817809
7284699
7287761
2688814
4875138
7380450
2325337
1964048
2099282
7182462
8198868
8230282
5358155
7541430
6758223
6461302
3539710
4224197
1993811
3598981
3481756
7681865
4428941
4909071
2130640
6918090
1292683
6293394
4611801
2107215
8093253
2166784
7808118
5776599
6709353
524639
3666634
992971
1920813
7758943
6743508
121409
6133639
1011898
6136583
480073
1234697
5454342
3538442
7371415
6660882
1973110
3660584
7768437
3600729
7978618
938443
7609219
5360263
3231973
6240464
4352792
6442806
7715969
111730
8011973
4318673
7926872
2755763
5338164
7663930
6070624
8167873
6176144
7565603
313569
7396887
6870839
1925915
3541384
2290506
6857396
7226470
3430200
36643
5488435
2356059
6914764
470371
300491
8050520
6434021
8080140
5560813
6459134
1306308
1023090
249269
8170414
1230469
1740113
5422593
6213732
5021360
6477847
8133870
1204746
2265778
5872544
77726
7505838
6396690
1931751
5457545
6797525
3459090
5274012
1232611
4263446
5522401
1982836
2260832
4424324
8067545
23166
5565764
910017
3416201
1920371
7264531
7971183
1890601
3458497
3678460
2328539
155787
2352993
2979169
608742
3160000
7106956
8044704
3848397
7911822
708926
5499192
5337937
4473619
1963994
1735364
2245339
6312621
4095360
3609476
98588
2220883
1173366
3627204
2332927
3421896
1308676
458771
3921270
6426026
8108333
5683320
5085625
6215838
1513321
8144860
6660247
6984080
3159082
7391593
3019793
894597
2123482
73265
3940241
4432523
5232355
7970305
7369378
6022319
7051557
447643
8008843
7537106
4301849
5415091
6782292
6797678
7103655
990939
