5787182
2993016
6482345
7755101
5460586
5796588
5546829
4116589
6923916
1454358
1174736
5417403
5723240
5317036
5111233
925007
798304
7292145
5520699
2620570
1804340
7401325
5781788
5643645
7694101
6458416
5402602
7906441
6299832
1118231
6260970
7294843
7804046
2240024
2240439
1688711
1022470
5487553
77361
8072001
7129157
5552372
355051
5904387
7068763
6393832
7534003
1982130
799459
5403487
7253624
5704308
1137804
7107022
1165709
7763355
7045592
5657325
5723136
3664703
3231976
2010583
18696
3242738
6487173
8282231
7559783
5525969
828132
2204918
354991
990858
5492457
5918493
693094
1001534
5665065
3664760
6673019
8064147
6329291
3624023
6883074
956050
7488377
781723
2432434
5801887
504010
6691742
5538453
65191
7531840
8306746
5084765
6284108
2186605
5625139
5551660
7564162
1220142
6391191
5466766
6373595
7531918
6448482
6408767
573632
3830805
1789600
6331732
801575
5547535
6638607
5472002
2200835
5316274
5386865
227750
5007476
5533300
4717542
7458578
6492938
1841940
5461774
1174742
788120
7486535
7089402
6184780
6994231
5122189
133301
5341211
6477535
7297164
849501
2288689
5723165
317080
3207319
5555855
5213546
7967087
6071304
3533049
6230887
7027740
6320662
5690945
7303407
5884441
5072491
7584342
7292129
7222962
6961698
6503662
6248046
5871440
1749315
1897941
7294437
7368519
6403153
6922679
70116
1448689
6688135
5746262
6603978
5715466
5694094
5340293
2250042
6774232
668109
593759
1028834
3244945
5332964
7204957
956053
78167
7233446
6943675
6815435
5386148
5656746
5611707
5458159
7126567
3655106
6309829
6171614
1174751
6185103
5632167
7486493
1172704
201296
5386208
5770184
5183950
5403829
7703380
5508215
5441712
2244666
5490269
441328
5313282
5386082
71877
200673
5484375
7232109
8008979
7807035
1202248
5548647
7127161
6570031
5403736
4375502
4002815
5493253
1593752
5461732
5379480
6329288
8211063
308091
3671147
6922328
6755238
3656762
5834307
2578867
1044039
5868274
1559674
5831709
957574
7198905
5740327
6871720
3712431
87706
5798547
5419264
5341229
5339330
1421859
7098893
1945030
6615303
6990052
5358529
752
8211060
6742156
8152345
5555825
1940256
5333129
5492342
7171612
6787154
2253609
6789196
5721938
7342560
8195219
5432635
6242326
750001
5403983
4002771
8306857
7432422
1789300
6220054
7229279
5538447
7763202
5607650
7535921
5547681
3660020
5604084
2473240
2099062
6853943
7153102
3676081
5944026
5805875
8189673
5581199
7490387
2251463
2250259
6209132
170367
3487845
6943376
78739
5538450
245274
6504288
3439584
6303804
7112535
5385932
5508707
6062408
5445116
2595953
2128431
6668515
5484664
1896552
5703952
3530265
5637378
801578
6169728
5317870
5466650
123661
5860363
5566511
5402590
5880602
7805307
3732261
6156602
7233443
6876032
1625782
3663003
5527116
6437009
6185127
6338481
5960633
24041
749231
6773305
7079557
7921028
112012
779391
7840998
7449463
23618
6182755
6203407
5549186
5471850
6400161
5481021
6707782
5332544
247019
6803104
5414443
785017
5798667
5337487
499833
2725794
5357541
7807026
5830606
5813618
3533942
7101800
6307319
3964008
7103685
5927722
6318695
7813826
7115513
956068
6158273
3263092
6537914
3207058
5544387
3843469
6303801
5799277
5871582
6356184
2557193
7123436
6229960
5332808
6196376
6883959
1737031
6879101
1031361
1916468
6114320
7809846
2009628
6677615
2539189
6051413
7675769
4974498
6198175
6330552
8306752
6763658
71322
7112523
487823
2248736
5392213
5535083
6756068
7688316
5804329
828096
1853146
6787919
6875906
7807182
5414305
7524558
5508644
6174480
2489103
6247656
6287338
5427339
7161034
5779766
7243047
504007
2128991
6195846
6180931
5541478
4009439
5722474
7012803
2339862
6323370
7531515
6615865
6184534
6298654
7262470
2424682
6793068
5708644
6363783
5580804
6686149
2070403
7103373
1637178
2251799
5359069
5913084
6402070
6542771
1637807
5814452
5570930
5461777
5492797
5401437
5970644
2051260
3669740
4370010
6286942
5568084
5386010
6180847
4002821
6923886
7805304
3444599
7235906
6680970
2100573
6048093
6836609
6774241
5330679
6974600
5701669
796344
5313762
2177134
7392133
6722592
3676794
7449400
6287275
6691631
1688503
6760553
5877801
7843393
6691583
5427520
6295172
6637796
1891508
5339912
7154794
5829851
5339966
6836612
5550627
6169432
7284263
5772174
5403496
5469617
5831736
5873842
5331365
7713065
6943678
6408758
5707354
6682821
8183005
7524243
7106959
1216397
5377748
3029160
6774247
483531
6898797
3442974
7109034
7345553
7598941
1627435
5360651
6352284
7000491
7222947
4931141
5888682
5932779
7694149
5236196
23769
7266475
6943525
1686898
6101849
6677648
751134
373661
4132075
2237618
287514
7227300
5339087
6569530
5838076
5486733
6184483
5888649
6663562
2245958
896941
6408729
2173640
7961634
6769523
954931
79384
2674111
525375
6580290
5846105
3697916
5213549
790884
5658209
5503167
5391262
6353870
6331153
8306749
5432761
4160193
3053339
7023979
6027050
6429566
1749363
7090661
5884118
923
7555901
7083877
1172758
4829586
465292
6689975
6207232
6330730
5801185
1514814
5681279
7090433
5704266
5361879
79372
5548650
7288791
5879224
5452865
3244933
8246378
6500177
8006950
6682035
5378440
7091650
7083940
3728861
6427703
6691616
823530
6418540
7081353
5392102
199067
5547894
6351131
3046955
5460598
3821822
5874221
6171617
6572060
5701753
5543594
2181117
1688035
5825121
1262570
6346699
5617669
5212198
6393651
2034227
7449430
177231
1012932
1770391
5435175
6254152
1703784
