7525324
5240325
2263226
6392732
2229441
4678119
7902359
2425065
2200875
7076955
187282
4945114
1618649
27633
671882
5760473
6915077
5395580
7864008
876857
5913747
439250
4433646
2233129
5546343
1117850
5706368
6094005
5528553
3525252
5947045
5706175
8044737
5032368
1155544
291591
4065066
6949228
2559974
5833515
7816108
1919107
6165193
1166575
5524853
3920162
5552623
7041383
166294
4467000
5524975
8240570
3170833
5936742
4695136
2484871
4790313
5712856
6234028
465670
7781146
4290536
6817544
8102009
229046
230181
160230
485260
2174972
7761265
7507513
4568630
1756399
4735898
5427106
1688854
4679030
220215
2170456
216676
7755735
2297704
2005856
7131057
19414
5686264
5426782
5393917
5025464
4063672
5583880
858218
3479113
929770
4067848
1152183
8275577
3261813
2178017
5257748
7676501
7388086
2185786
7722190
4379575
7704366
7528925
5529708
2726429
5954138
2483062
6668855
5687879
5912178
3242058
1647226
1305350
2814801
340661
3238670
3049899
1610185
4919991
5540583
7779780
5532647
5052596
3104107
5933710
6767480
1193578
5280111
7626575
4902180
326729
5376272
1613828
6296094
5385911
1567390
5916364
7143353
2169518
7086037
5544297
8236426
6817442
5409302
8053110
774366
3383403
5683080
3990107
5541252
8307129
1687981
6353891
985878
7035275
4324146
2758777
5491371
1145042
5413555
2116066
5936397
2889999
2200335
6204828
911190
7888979
7714358
2470718
170397
5919063
2476086
7951997
323165
7508466
4332664
8171314
6238402
7552090
5068840
1047171
2720200
841695
5535170
5080770
167852
3803711
850283
3390370
755390
7581238
2217904
4126392
6943705
1912939
2627698
3254362
5545107
1994692
6258620
5200016
1071190
600385
3052330
1283361
3112632
1190783
7683541
2273956
4388395
7551478
1053936
7285495
6207517
7563168
4554953
7625874
7123593
5882533
6210245
533183
222427
7557946
3402897
69193
5310355
16771
651705
2238829
6158831
2013498
806617
6966806
1886789
7615203
2218912
5573476
827947
5880284
2475634
7105187
8110147
368999
6456254
2183005
7317524
6474155
5359898
5468371
8264558
6849505
1488837
4543917
3948076
4188726
4895733
2581496
7550440
4352471
2004347
7315754
465155
7931143
8058428
7362970
6695499
5635165
4700857
7538330
391836
7828208
1622717
7954515
6673455
6143211
3382537
846481
6839076
1373134
7513530
2524382
8048364
6158113
6816560
8202189
8258840
7798463
2166613
543430
3807058
8097197
2975108
6344675
6099023
2190130
7892239
5885464
7603669
5953946
1889852
5698157
2092030
5053490
5902938
7952955
3002088
5096279
77028
166300
7784369
1753672
3287926
2172476
4697396
8111166
5534592
5830396
5914125
843710
3334054
7781176
5029827
5906329
6604638
5933361
6701943
3337662
5744994
5903603
863228
1139991
2855956
2755223
2263695
979039
4352753
5367962
6813973
5544775
993570
7561599
916312
4117874
5886824
4479740
7292060
228965
1237379
5641187
5602227
7888775
5425088
4153956
7774995
5489385
7854499
5020587
3962166
8239621
5899597
2529937
3504087
222562
2181491
2723670
2236959
6125621
6165708
1778735
2175023
7503663
7585455
6167961
579540
575628
8179364
6229263
583510
1933677
2183523
2379072
1476826
922969
6506521
2485499
4299203
7883611
2559863
8030365
1941121
7804145
1956882
5235656
613048
1567213
5761838
19600
5894196
888141
7820015
6164978
6025611
747174
4576025
7398146
6367027
6819547
3354931
2261594
7827496
2168698
1742228
384682
8046062
5914146
844115
2343238
7764925
7885849
6516417
3917624
7707064
3270963
2132692
786795
6538860
3170555
7978657
7880600
190730
746619
5083096
5425805
2084122
5882375
4117071
7702976
7834949
7133979
8167573
1015011
6740529
2260586
7726580
2526198
5380983
5084583
8228170
4167083
7900199
6552415
56483
6444113
8109883
6400476
2281762
2770620
7915623
1323388
2610968
5657358
7681245
5328992
1061013
7123608
8159607
6311515
1867028
2600514
4667724
332698
5524856
3461534
7719903
5744991
359319
5395027
5706614
2445767
829705
3872072
6162332
2824538
6989905
7775725
20323
5532602
1370946
5472050
4464674
7891900
326310
7783993
5467913
6212772
3160239
1347487
5432809
1647163
7809645
5686105
964631
7241879
7315844
5368988
565185
3360298
6348916
4361262
5493013
5494094
1118060
3596401
8151008
4067469
4716392
6349779
549397
7312451
747383
5223569
572870
2543970
5611226
932024
583118
1896513
564610
1407341
4713922
6473916
2617592
6746831
2424074
5394253
2410547
931795
6217368
5530347
99356
6714625
5668934
1331483
2402179
5806449
2324635
7889000
5323499
4559813
6381048
890392
5477827
3155144
5079338
8336642
6162533
6909594
2584540
6676076
6051679
5531925
107923
8336588
7702660
2603662
1263163
5911627
1302679
6667030
6247511
7723858
35319
5532012
2167512
6889520
1527321
2748944
7783783
2474257
7841025
6701311
2419191
73070
7014311
6969139
3374021
5571548
7102324
5016426
2011412
7883440
6229604
2623616
7512319
3832000
179484
2246697
225628
1566980
7173624
5840243
2359431
8032417
2974026
2270405
5694373
7996458
5561872
6768135
5370212
5476310
7774590
5051394
8043709
5940967
3048920
58914
4303659
328293
6762444
946097
5368652
8014979
5761913
7834236
4738276
4438985
6041615
5833977
5468068
5930146
6337172
4087393
354562
2364580
7465156
222919
5919771
2419936
6271580
347183
6174024
7700156
5156611
3167352
6396592
7527826
846598
5937111
6668640
8179907
5658098
3265596
4713118
2679400
6916134
4338791
2757908
5063894
550656
7589936
567319
449337
4754512
968351
6030215
2160979
2759215
6288635
6319415
7082132
6676896
3251433
5649351
1591065
1965771
7200409
8343384
5940725
5929944
8267385
8060514
899373
410130
2732338
887168
2185333
4589590
5489379
1465728
338668
4207992
7097932
1727984
2217272
2387745
4027864
8080609
3267036
4988806
1954415
1246250
2194162
42961
2378242
7825658
7848788
7456134
1566965
1911871
1152642
8165157
4381507
1122391
5323088
4030707
251451
8018606
167589
2780425
6696631
7220985
2664869
2183412
1101171
2169801
2142074
1089337
6458931
5425410
2621855
6438457
4501161
2242657
3435654
56300
8242483
8281757
6752844
3053435
4331558
225292
6741609
7712424
7503678
1922365
1813773
5693684
6309700
6274686
175206
8136816
7598778
7842643
2238763
8202433
2552008
8094442
8197099
1453254
4116679
1815710
4699152
988131
547159
8230399
3434249
1015263
5329655
389357
2242574
4144947
541663
58650
6795064
245082
7271068
5393524
2626323
44541
6165826
5425298
2084146
2319605
245487
1566962
573435
1744232
2181072
2821687
7864262
8203641
2114838
5930913
101360
5370433
320097
1017609
3456573
851234
114488
6051655
2194230
6711453
7901076
5492319
7660616
1418746
6863894
8171704
2579005
5370939
5540676
1989890
6726872
3137959
7902518
7599952
1005787
2215077
5492923
741180
6955133
5999842
5433748
358461
5078209
4977079
2554589
3048052
739447
7235084
5641073
5972420
6042417
5712730
7559314
7872470
5091640
1203618
1200920
1669480
2768116
5836266
6669449
6174198
794256
3262458
539068
2636802
1349673
7375786
6681990
150207
7510108
5699633
3653774
396831
126010
8144836
945031
842551
6288632
7113969
8076489
4357667
7835132
2251886
5720823
1510288
5013778
7033324
6107967
8156030
6399996
2445436
8253955
5907151
5634610
3134504
5828338
8264321
6389660
3988621
1112921
442800
5386490
271781
915871
833706
7295596
6152993
6109719
4784332
3984776
5492502
6317293
7308603
2263079
3215555
1012541
1262687
2248030
5852873
6400491
8217795
2807439
2348760
7681602
5037053
2397864
6890942
6426895
436224
6197638
1269920
916210
909199
2056145
2194391
229133
273063
5361954
7269978
7146305
2820550
579582
6385402
4829051
125549
8168841
2324620
1190223
2231535
1647127
5540610
2162676
5373492
5093697
2986986
867092
224591
5327965
4671470
2187368
6258460
2245979
3361235
6294787
5693299
5369998
2069926
7323490
8203680
5077398
1166190
5346518
1248858
5084711
2389774
4020957
3048336
6893485
2973605
4569141
2176186
5563008
4882815
8110215
3333189
128272
5398245
4128558
8003351
1291184
8261071
7504531
8150270
3793594
3287878
2424942
2597096
5336189
5998994
1485371
1430380
4672750
2681055
4488578
7503463
7974227
8191154
6327064
38477
2483032
2173090
2232275
5878698
5585159
4830743
4836981
165826
131436
5921874
8084175
1741899
295977
1754454
7333983
219092
539254
7659818
2725663
7233392
64049
2780212
2169822
7739576
2425400
6410871
5479615
1990084
2095820
8307739
5113401
6672346
3500383
181348
7902641
8140645
7757483
1400453
1997360
2563164
6380235
887403
567936
6441432
5097389
5429783
396104
7556300
5425256
1825162
8214501
5532271
6414355
1753588
2200018
627160
7627378
52196
56975
549565
188229
2467245
3959365
6701946
7079938
5784022
4822584
2867176
5279777
6680898
1417231
2260019
8201309
7494527
2440325
8025712
5541213
576584
2006271
2598930
2194197
334361
7504715
7037247
160142
328874
5062618
7982554
5369930
853843
3504629
6160752
4323889
7552099
2977922
1487185
584914
1486748
7743090
7171996
482340
6737920
8157414
2066928
1998350
4733068
1398989
7912267
7598950
5368677
2177200
2716272
825062
1291646
1693910
2829276
8300580
95416
5965161
5072530
2175728
5017830
6389898
1928477
8234388
5854240
7505257
6218881
5059074
2886775
7418181
2259582
1893463
4671479
5829830
6858537
6042889
5113162
7362793
2884856
5784333
8120793
4899551
464565
2744220
4690981
866176
2110007
3395003
906261
3650374
125594
7647852
1398315
5702097
5929448
1432044
5927728
7085892
1633061
7507477
7097433
1551755
4276273
7862815
6226131
3390617
3925883
8273251
2178029
6454173
6299868
1776061
2883345
5529572
5492325
7583359
7144908
971210
4892985
4380260
1302727
3614661
5831167
5540403
4241165
967492
5368371
7597717
5529711
5128996
1027909
5489139
4353976
7234629
4317508
4129885
339507
990640
1454278
1726912
1567816
2824571
7807316
3376176
3402627
5849752
6602279
2144301
5784351
8109892
5909891
511847
2083793
6180305
483240
8223999
125279
2065567
1283558
597665
7123335
5767427
7611390
6701527
68223
3819160
2246090
6511672
5543039
2178796
380462
5310424
842509
5128777
2716481
6686167
3992850
4401830
86572
6208110
850550
99257
5531346
1536507
6335673
7803872
6371327
2022009
6319559
6695768
1993350
5075886
1549234
3276942
5529737
541630
3382054
2110947
114347
5656842
234152
5373456
6543857
687833
3647935
6190682
7902821
4332403
4035382
7954977
2485619
5903457
7327379
2172340
3663255
8181574
5676103
8212137
3969599
6282869
5677045
5508638
7528958
5279774
5874857
4471792
2473378
2217676
6615742
5314212
2416968
3496363
3259369
8225851
3459747
7799370
2246304
6174243
4764721
1305961
7702493
6453488
7507034
7625976
7818503
57209
1201693
7131992
2169849
1915546
1840420
2583475
7639289
7346031
3402313
1237075
4832604
6364836
1019504
8194579
1507733
3241501
2809053
7501486
2159485
24074
3249314
3412838
5310325
114350
7797061
4288612
5493471
4005270
4277691
627850
5851477
7883404
7669324
1539265
5914140
1071028
6339350
5880007
7786898
7905414
7567028
2689873
1998042
20839
2727984
5469144
7437696
7891939
1149543
8126683
2174623
1942706
6958183
6417848
7821590
350721
7843958
300870
2698841
3361348
3132593
2318618
7647834
5829599
5430794
4551082
2182867
2597120
6556730
6350129
6173889
2308846
2770613
864825
3399520
6600793
7429432
6192787
6868650
6246582
87328
8158565
5747696
385394
5642467
2820688
438482
7294864
5468464
5893435
4128777
7704709
3917088
342368
5874899
7750750
2563527
5692987
6898677
7449184
730509
2167254
5050268
6338282
2217401
6850684
6859739
3737477
2580740
6093972
252415
1152873
2658801
95623
258880
4842224
3308443
3436789
2773636
4580986
6390123
2396295
6433645
6615808
5530064
435942
1743340
2598338
7745115
2188378
1271148
387021
2176168
4713566
5393128
1998530
1311838
4980317
7933782
1048571
5915191
6227778
7054108
332701
6222149
4022629
757333
44685
6229032
4230219
6190292
328880
2158128
6143283
5425754
176913
5921132
6697271
746723
582002
2740617
4624999
1995147
2412999
1536262
7655345
285126
133439
3599651
2181295
167214
4438945
6132948
541609
866047
7931608
2755253
3965320
7652346
2621404
6361686
4089894
1406662
6738096
2270771
5310520
947779
6171360
5433943
6334192
54293
5165194
1493818
6145982
2387748
1451914
3527529
7964398
73370
5720970
826744
224435
2559368
753114
4457474
5474295
107484
6323911
2702392
2809386
6319541
7304579
456177
2113128
2385815
3248549
7234533
996242
5541813
321383
5740147
4353464
6694933
440110
2824262
5473910
6231186
4384385
7827403
2246208
8243414
3386526
726195
3959711
1997498
465307
7854440
5639909
6381213
5896856
5373552
8140618
579390
4029971
5627853
2190829
6339153
2752937
6213298
6109584
2726291
7316165
1999902
4055354
7883455
6344294
2158524
3172722
583423
6952994
2166412
7983341
7681716
1236363
5475326
225325
1082528
6162338
5257198
1959999
853726
2760960
576593
5571379
2379665
229013
1432020
2564466
2149629
1935457
2162523
5634582
1794611
2361526
7363552
422865
3845611
6380563
5969521
5055485
5394994
3445055
2012487
1986711
1997653
876920
8262639
5534577
272881
2444691
7626857
5694415
4812826
5700390
6491785
5583952
2887567
7674481
5072112
7431971
1521713
1280649
1986162
1773751
2131977
7174855
1427948
2292581
7141252
7463574
693720
968079
4132217
5492884
5489130
7281000
1072540
327597
1927469
5562681
5787470
2190967
5972258
5846803
244734
1927715
6043317
1191754
1051426
2150757
6973932
1850575
2883282
2851834
3387473
3388763
7783924
7032524
5059044
6681186
5653413
2270210
2164288
5383627
6040626
3374209
7510062
4475406
4189786
5474238
6169393
4189771
5427645
1734500
5534263
1270956
1488370
6719908
987247
5657119
1915608
1926744
4549181
5683353
161268
5425172
5500824
399310
8259695
1470647
2172356
4737596
5092356
114668
4876490
5373459
440909
7556417
1560825
6587317
167742
5720811
6975585
7805943
7892930
8336849
5744252
7836033
8075403
2548153
5529785
7916989
2823147
6343542
7527603
7475776
1432131
161632
864308
223733
5522053
4987242
2249745
6273049
4368472
2744010
758723
6851064
5541669
4758011
223757
1043657
2183037
4897936
3116762
6356381
7882395
5725593
1743820
4904314
2619509
948120
7577875
4707321
2954434
6667896
511832
5717202
6601948
158591
7803236
575024
2762219
7278719
627142
64292
565206
143603
2115983
2801861
6171740
987241
2169819
5903424
6989316
5876512
969696
150000
5702857
5834946
5531028
926242
402920
6008615
2181081
8034844
2269175
1158476
7012902
3763572
1883510
2174924
5968983
8133105
7322197
7803005
7430656
5582577
7175245
6038091
5856543
7891517
7646953
5369726
6355984
3819873
798163
7536308
2773411
5430471
1866959
465095
1996794
8128651
4324683
7677574
7556686
2424020
7603642
6207712
4583344
6239515
2623069
8149379
7566893
465008
1465731
5836293
8092705
5019052
18980
335359
1215220
5379453
4167035
5737491
6373151
4004391
2165253
7703618
861748
6143184
215437
404598
7606131
2850264
7523344
6424056
5544363
6192781
4970024
7687877
3446462
1497414
1302421
4680072
8306530
7508953
5024713
6037433
2176892
7967093
2261336
3643336
5602310
2926088
2979474
7249498
4004131
8045834
6357916
3435385
5895802
6601615
2162619
7869392
6998460
494
543469
5522991
5434356
8003348
3294597
5936904
7923777
1478749
3678424
8143423
6279262
2882401
7878875
7204777
682504
1649937
5871894
7544357
403235
851045
177486
5662289
3581028
217920
6955046
54290
2067822
6827763
7510395
6165450
5385965
4752919
2310354
77010
2829729
5512982
6985856
5394868
5690399
92191
7836030
3686457
384595
5737725
2734777
2764699
2244875
8306320
1234813
4903936
228896
2102683
7451133
7557016
2147917
537680
295824
4009427
2562005
7607004
931846
1407542
7607276
3534136
1943333
6317269
2512883
5535913
7504916
6046378
5531599
6169172
7902221
2823737
990669
1237739
6288296
5562394
7817486
5531802
7808584
465884
5510183
1644883
8263351
1432029
8013391
7785178
5341397
8189392
59411
6505306
5088962
6568444
8253136
3169877
2885970
7932359
273345
5899687
376070
5070947
3237777
5691603
7697261
7825859
8052357
217476
6492315
7835126
1425768
7370754
7638163
1567822
6421997
8102036
2787764
969265
5972582
7411553
2138457
1488993
7141142
7818868
7606848
2005949
1945449
1786845
302116
5879559
2621929
1146265
6358850
5421469
7460728
2390253
7371777
6850699
6006891
6858549
6894467
3845767
3452337
2095832
239940
3185981
8108945
4099200
7184442
8142421
2106267
2250435
3179061
2502717
1842397
8003585
7460250
2387235
2376426
2223505
6915854
4195696
1255540
655950
2154681
7107450
8325408
2620457
6798530
3135373
5080566
5544760
1746898
6406933
7039995
2468117
7933131
5481273
5836272
5427445
1463571
8300057
780982
223706
2067402
7703060
2761503
6892772
8194224
90847
2821800
5525491
916054
7826171
7535092
5427100
2675641
972544
6485467
1336008
5583985
5933451
5466787
4686214
5531790
5941938
2532895
5322559
2390282
2172626
5534960
2727978
1432101
7552105
1339898
2064716
4250120
6465224
8281701
693085
8264201
6893280
6455008
2311106
7267527
6700599
322449
3766724
1719547
2310548
5394916
228132
2980029
6695188
1286321
27711
6668852
5878692
6518391
1272743
2298520
3029566
758537
7790536
5360406
5697821
3484053
7840962
6967431
292872
6041088
5425385
3824903
5928332
7697270
2182231
1948633
6268941
1842438
2751896
2494950
4544022
2668723
2085102
3362246
5469806
756626
5883740
2526711
5942484
3864511
5880428
7536809
8260169
1701904
970212
6517510
7658735
5374080
6721345
7359623
5747675
6149139
7798862
4079894
4265904
1837934
7533411
6282686
7916540
764584
8060565
5600467
6711559
4065863
2089029
1491814
4667588
5101203
6455706
4680918
5643042
931939
6946702
5656631
5655035
8152621
180733
5777801
2335605
5056371
2529841
5540053
6811534
2176267
218602
6955869
3930169
8264543
1321148
6404299
5904989
242001
1929013
2800587
3046817
7433763
1619329
579082
7124544
7930663
216121
3442446
2126797
4893152
6143280
353281
7454236
8182894
6460737
1458948
7305099
4015722
6878170
521414
6969286
5128783
5568689
2173057
5098730
6961623
1368556
6743914
7038330
997506
2183448
274056
354619
7503091
1516258
354886
7299584
2887459
3848379
2132527
2350110
2625931
6588592
6416632
228902
7755948
2748481
7702899
6873532
8051396
219948
574791
3429809
2066542
7915458
2747986
7578214
8337464
3427421
8264952
184778
3454020
7558720
245448
4758020
2645289
1971783
4289798
441589
39331
1331354
1616994
7223199
1955468
5801221
6274827
8169877
7527453
1999996
5953044
5467327
7712075
7814348
1540151
7219363
6506908
4012111
5690001
7598802
2348763
287630
272094
7509022
3206129
5062589
3137956
6492463
160121
7975910
2620783
5545211
4996226
885534
3378000
7500584
3237520
4067349
2004389
8056804
7648146
1414321
931813
2182918
2829483
490319
2405445
7564804
1867034
1689597
3728882
5609982
7661279
1413567
3441645
2823522
2161024
5468455
7110856
4850670
4677648
546964
1935553
2587846
5489382
3159396
2558236
7761271
5638167
5532784
6228485
432265
6681628
2402045
5469501
481441
2510675
2306796
4502670
5686761
1999899
5930355
7527905
224405
5846724
2185834
4067722
5224994
5431637
2171399
5929872
4209052
5373863
8058389
8066645
6923398
746675
7703207
7557121
7349164
4545581
7797231
236411
3826500
4245212
2499826
7040894
4366955
6311500
5426138
8180006
7001771
1225669
777959
8014833
8218779
7945120
6548483
827906
1301637
95788
335728
504082
7822931
2570661
7241106
5884817
7698992
303134
1239628
5640450
1330518
5376212
2975696
1392877
7542531
986076
6179058
8013469
2440822
7648392
6696950
6904565
213702
5393941
5395721
5509035
929398
434628
1683922
2238766
3112799
3402550
8211813
5757871
436374
54377
598535
5430492
5936661
5819502
5339975
6192793
5541981
2401440
4934014
7458485
2751099
7909210
7292642
4316442
5530143
7559405
130879
2564562
3161422
273657
5374083
405728
1259104
7819701
4997039
6973590
1796380
7506081
217988
317107
4353581
935270
8282055
3104286
1993242
494755
2169923
5790845
6209623
2752776
7559399
6901980
2401449
7133997
2247493
422787
7709133
1235545
770236
4621711
1310463
7113987
5387971
2758198
8268787
4758857
783712
3619226
2244348
19031
7862494
6676992
2192215
5337762
6340809
970887
5705848
2332777
3124326
7133358
4906733
2250858
1226966
8195401
1040487
1938316
6334010
7656199
7235120
6922924
3394742
980617
436974
2162610
2977993
2270372
1912179
5472074
1927204
5235107
4831822
5112626
5534235
4036280
247154
5824605
861313
5846486
2248168
7636741
3436982
5426207
4700258
794226
5431697
541546
1955069
2175188
7850213
3053630
7100877
7990729
7555138
39212
3269091
7561116
7749581
5933239
5692993
3402265
7503810
1661348
6671793
3290009
6317022
56345
6965168
7146883
4120014
166750
4199032
7054111
4765070
8218890
829588
1883627
2233201
3104146
2315020
5228612
6333194
2815668
3131306
1927301
4865413
5830501
6862156
3048804
179640
4130509
5878010
1849038
7678173
2083902
5097836
7588751
5546403
1963547
2128147
7647879
3928316
5887704
3200353
5411455
5474190
57449
2187503
2189643
6176509
291606
4990500
4581828
3445571
8145796
7658009
8207531
6171366
6125800
2382661
5735787
171007
592584
1220373
4169013
831039
638918
2158617
4288735
1539652
2467571
2554987
6667374
5714317
1566989
3010782
1400285
2150155
1879225
2104186
4736321
1221573
5928311
2783049
3144686
7700403
7664201
2723831
4823174
3374167
6499300
2590776
7683818
2184164
22250
6164520
4679500
924055
97387
6674680
6481947
3371811
5643027
2180887
5798798
1478503
7554602
441191
3816114
1283492
5478612
7035766
5524613
4499973
2166270
8274271
6839828
560210
8256272
2824145
629860
6164161
825095
2429155
5060037
639712
686088
2862806
2225729
2661707
1063156
1053822
5894550
5908653
3536545
2552835
7127015
5643455
8130803
2805701
4126554
6173323
1619125
8055789
7567456
323033
5531522
7682205
2373140
274950
1047692
4928436
4456811
8015461
3646315
83764
2221603
7953413
5706905
5409686
1510750
5426407
2166805
114632
6591380
100006
8113760
5568560
1152168
7833852
2177592
5662579
2558726
2631951
5838274
1996842
2514256
2864561
5747981
629483
2077147
6353243
326895
1998461
2233066
5393966
627154
2216445
5872055
906252
3678237
100426
6037081
1196461
7524988
3461063
2100016
6288890
6411516
5429810
5425539
8190328
5540742
6798665
5427888
843968
5546668
5660868
411378
2742005
7536290
1403710
7833618
1107734
1272890
7750024
7892538
1380263
6990074
6972791
4439239
5541562
5500893
5913165
4540044
8344355
832831
7559408
2978759
2443364
7752285
1104224
2240374
3550327
193327
491091
2723667
6576048
4349810
6743947
8137134
440074
347141
3144429
2972835
5600009
4787146
7615451
5836203
3948425
1887729
4611819
7627501
8084049
7596531
5426761
533309
7879647
6027011
5118864
3340196
5531709
6065635
7667753
2228271
8103324
6896902
405194
8309425
2836659
8115660
1558226
5276127
7564777
2634499
4456526
4791685
7676781
6344965
5624554
3809369
452003
4621120
4765061
1374322
6842410
8025999
8193764
758540
2771807
6971319
697800
2152038
3247875
8178333
2087654
4986963
3106819
5662325
2500204
5544942
438476
6444158
2820130
5413438
8076871
4044420
6899925
5827527
4598536
4978920
6716328
3240620
8194188
2275010
6296913
228752
7526866
5649737
7474506
8065632
750127
3809773
6899047
4700845
3009121
64879
4654624
8125402
7749527
8329129
5878668
2119833
7028658
6744610
2549800
5480153
7346966
819166
8184830
3536593
7606134
758016
5523513
4901234
5524352
3102511
3620692
7903296
6586430
5960969
6282845
8285346
6361584
6575327
2220278
7559326
6740514
3819019
6023143
4433622
3146166
2214610
2167443
1707929
83920
5534829
994732
6368963
8184914
7037289
6758536
8250857
102129
779637
1152141
3049925
6975588
7129169
6371324
5535579
4323266
6239673
2499919
8036189
1259983
2262623
128558
6744179
6042435
3375031
2221555
331197
828606
7503840
5915329
2392692
6212176
159292
1999681
759235
6740073
2663514
5642650
1820879
7928573
2180899
1025438
5622690
5474220
8323031
1106161
1072040
6658355
2783975
5775332
6245963
5162619
217167
8137083
887090
5337445
5540958
198325
2074852
5201376
6142620
3162154
7665348
916279
6419782
7961184
2600139
5383637
7449724
2850279
4361011
5789496
6040617
3983570
3270586
5639190
6364110
459906
5542408
4655769
4049552
5425376
5532112
1778816
7845665
6825510
5072318
2724621
5710908
2606117
2396011
5875881
6744329
2151927
1199779
8200431
7311023
2807592
5468449
824239
7134832
1419133
5327729
1886332
5425052
940248
5490317
7882902
5569049
6750920
6416910
5547087
7568472
3386544
273066
2686758
5560031
2228196
8224281
428937
2265395
3960684
1053687
100420
5694280
1407560
6913095
2877264
3171550
3775521
5833869
2390633
2018589
1008229
3273425
7677391
5431541
1788897
347384
2811873
3129546
747573
778392
558473
5361987
6459113
5369474
1411005
7263078
1434256
6328109
2464576
4423750
220146
6479095
7189523
88069
1786308
6278119
1207757
6245531
7727702
4313374
7596621
2004479
227198
2481860
5743581
6296295
3391893
4070621
8048001
4382109
4331324
5478345
2511991
559576
583432
6683450
4703289
6362485
219047
1113022
228956
5062544
6953611
3847740
7873913
1850725
8142700
7698974
7676778
6296610
2083426
3461100
5543036
57074
5948831
2475691
4972296
8164806
5015846
3308374
5048650
5950043
4739288
1084275
1637252
3284008
4939001
6604782
3405290
2158545
1331447
2270042
1684371
2597075
925508
6696096
6511450
4586104
1567747
5649056
1942772
7881093
6000136
1559521
831251
1283334
6338346
3961329
726615
4672717
6478027
7996792
2576980
2175641
2201616
7053976
1909044
7558438
7556564
8192972
42483
6391233
5370960
1204072
8010054
4576022
3964362
320939
2172605
1773748
702538
4732217
7085283
4942626
3446450
2231732
2815671
6642777
533374
7731624
7631840
5873542
1138081
7370024
4690524
5439992
8036075
8258028
5556605
931900
2971395
587695
8253643
2170407
2169852
2151435
7905708
4671440
5780996
8063772
5513354
1233777
1374538
1922383
2887534
1999884
3221011
6298194
5512312
1129272
338727
2171479
7714364
8199728
8013093
6844847
23334
4816422
1941591
6435293
8145967
6058608
6872014
5591074
5857974
7234659
863300
479085
6041147
7099709
8006373
916186
2368080
746153
4937076
764081
139161
89810
8188213
5425623
5467907
3375553
7528823
3137938
6533416
1909080
4111145
5431189
5049321
592413
428934
4193449
7263090
2484167
4424162
7567483
6669599
1901472
2372219
7371356
924814
6282734
2883941
7759349
4052837
8260055
5832776
7640086
7817525
7837592
1617534
7324511
7902638
2183845
2219047
6837379
2390671
3372495
3708284
2403346
5458501
5883755
8195991
5720000
5547045
125558
6680353
3505467
1452264
4479743
1021428
2166634
5523576
7254479
6878005
6685942
7923861
830925
6049386
1819161
672023
808575
4355431
2247856
465947
5784603
7234308
782724
2752785
217845
887111
7218092
2430135
2981243
5426287
7826221
5373474
3124617
2491333
814223
7107459
7472250
6740406
17961
934230
6463486
3047454
5062520
2423978
6786455
4529937
5916352
6676785
1153510
588545
8239676
7901049
2824637
4442053
5494574
295244
491052
2246100
3628922
4083167
5530998
6496215
7861504
6900997
8220603
4467290
5662737
2587690
2830489
7217939
7507453
6465876
4880441
3295324
6229733
2600391
435413
1334164
5083626
7842979
5329094
7076239
7371856
1775336
2458247
1533217
2984604
8155071
2171326
215461
1753657
5736808
7756877
5639684
5692792
5549718
1993554
5524412
2532632
1661384
5913390
1193539
3048540
5322307
2458827
840061
7341627
489344
5425524
2599738
2173923
5369939
5564745
2694981
5629242
2130577
7376542
3659765
5386569
1489839
6805758
5832118
2324617
7712978
2162700
2959578
548226
1054368
5905587
1079747
2173289
1998039
8000243
94144
7560356
2259179
6513617
4945139
4352891
2273516
5870234
358431
5378043
4991728
4334762
3736096
4260769
6667890
5255160
2557271
7902374
5287348
8090853
228974
5541210
2600591
5369975
6666842
2255874
2373433
5368739
932012
2554630
6667416
218138
1648775
3169919
7096722
8141797
5367480
6778992
7299720
7624788
7233299
6695275
1997124
167281
57910
83809
8035421
1734771
6337238
2109005
7647885
4431825
4167655
3906697
5877795
6219393
5968377
1560759
452954
7719948
5540142
924580
3463083
2374070
7550207
8259278
8149138
154081
2198447
4511604
5493184
689419
2624175
8340445
2229423
1054260
7336419
6043509
1556801
8046035
4245740
5744425
5434258
5539016
5581489
2446000
7702582
4919640
6850744
7555225
5936640
5229675
3628662
6437600
7756634
3479006
5725858
5410530
6441247
501086
603735
3394997
5636933
7385438
6606120
2286771
2383767
1225069
3536068
6532865
2188221
7904300
4829978
2486905
3756300
6542857
7507189
4197580
6722124
7702573
4289874
462243
2309056
6817421
2182981
3165532
5523087
1701604
6325714
5495625
7597780
1831575
6681607
627793
740476
7233514
7558408
839920
6030524
6708418
5133366
3385014
3605594
6309254
166113
3811972
1122532
2882598
437969
2372505
39044
1061247
6299198
5329088
6468865
4123903
5121411
8201778
8216912
3304124
1955098
7709199
7704076
3051181
6655085
7436612
3374663
904902
557267
2192641
1421034
2955685
516703
7755468
2656695
5583048
7131051
6142641
759921
8193743
3741415
7507420
2398048
3414223
2954416
2593245
4495412
1445862
5570190
7509864
7131947
7125175
37236
5427411
7001819
4044642
6792312
1937142
2193742
1819068
7552864
166119
2006417
382235
8159457
6711372
4917195
2580169
59170
539332
7281429
3814963
2157867
564902
3262826
2186278
8169056
2170438
4644342
7995865
8109880
5781905
7876938
5840284
4658821
7254948
2428171
1073115
2109168
5358577
5502331
5386454
760790
291576
6215224
7924287
6974151
3375756
7866899
1050351
3819891
4264074
6380044
5836983
3820416
6712079
1567096
7818602
2883190
5937788
7125840
925966
2435830
2085162
7855708
5902320
4979672
5468320
7549708
2327628
3980972
3338891
1848629
6437597
3453334
4828982
376183
6208455
4979484
139164
7334090
945234
5425536
4080566
4229869
8236444
218611
4371556
1134019
57038
5068282
3172040
5475869
2417964
4667564
6031910
7360963
674481
5532070
1351342
2356716
5643101
169554
68454
2688421
6046637
3698910
6310150
7823159
5784100
5369735
5129230
5747699
843691
6569220
8179748
2195196
5425986
4410796
3423748
7380924
3195123
3021864
3830979
1450386
2218608
7599895
5634127
272309
7875757
7703591
100499
7891466
2508577
8067943
7950870
7878016
2786522
3453480
7070026
1750596
8230612
5742258
7891792
7079902
6776683
7106414
472090
2746760
349655
2690471
2240586
5427711
479944
557825
6265416
215501
579492
3824242
4073242
2799980
5373510
5542884
6842816
322174
441179
7504420
5840296
7306524
903840
1997545
1600221
347081
3309547
5930206
5914730
2425752
5638856
1688807
8249888
7139792
5542765
4685702
2629394
7335231
7683791
2261915
2131144
5635945
63824
3377016
2182514
2402613
6392882
7504049
7503998
2337661
7871679
2767242
860482
100267
2573942
7879682
4242589
2149770
5545446
7041685
5738406
3289848
1015588
2066569
465068
7881673
3341492
432388
5548137
1915180
1191179
4704699
8155227
2106276
7804311
5699210
4086554
7858234
1665014
5337085
574333
6164682
2184678
3385915
2162935
142237
969657
4103745
5923924
627655
3541701
7854562
2189208
5088523
4085825
7869356
5875567
2084970
2602275
4381015
6890385
484891
7764872
6686946
8172094
4650573
6230215
5386100
95620
1827653
2689165
7718872
2779264
7169931
5560894
7699868
2753240
2147621
6228382
5642237
4955117
99575
7757627
6704196
5370027
5237358
3047830
8020579
971189
2284571
3726842
56309
3451481
5896011
7682324
5479990
1589757
5080509
4439323
2243076
533746
5425614
572668
1034113
2158761
6711381
5875280
8215629
5942571
2598982
3048064
434619
1936726
487421
2338253
1722451
7462285
2553388
1255537
6694440
7854960
6345596
5949388
6969781
6532139
340796
346966
541426
6275101
3943578
448833
1970640
7193613
2579011
4898953
6577479
5541544
3769202
5368588
6165817
2193270
7585386
996227
201467
5466805
5579695
1225696
4667157
1442361
6245606
4752168
227306
1477526
224816
8087202
1193263
4051778
2729097
815099
7022447
2173015
7029647
627237
6478973
2187647
56585
6514757
6338913
2487881
1539514
8199006
5538702
5879731
1419130
5383970
101942
2505657
4476554
2093412
3759659
7888961
2174112
8055851
7675660
6875819
4476539
3984416
741198
4257031
6445257
4313413
5567952
6584951
5026095
6664425
234140
1307141
7601711
6278077
3440876
1828929
4475672
5642182
5075643
1893466
8207117
693576
2427823
996919
125138
7543740
5540937
8089890
464362
2102420
3131318
6454694
3376332
3686460
7135171
59179
2992549
2977212
657273
860638
5580233
218270
7457654
1384646
214281
2066895
5357934
5942418
7091053
2617023
1890398
1107501
6160686
7632567
6739218
6667893
5782995
5394907
2863811
665410
2182969
2025574
8030389
2386697
5358001
7532590
7888577
2181527
5320629
6395758
74490
5537135
573574
3252845
7962159
5489930
337132
7567323
3978666
8211864
6309535
970206
5369960
7525872
6219050
6581919
1322767
4053364
2219326
3427049
6890765
258922
6125647
2165914
821106
2344662
4336674
2084853
5062586
6274541
515701
166044
3206366
8194191
1999744
4714442
6422685
2168063
2380094
8068589
1620126
7093613
7100844
8339508
7970629
2149879
588032
2228650
2771984
7876851
6672729
6371609
5370730
5477956
5635777
1407590
3406784
2865631
4630121
5772165
6974300
6681401
5523792
3497493
366587
6239272
5819499
1283462
7126536
8084028
3371820
5895799
2231220
3788626
6839735
4983183
8171161
1389134
8026660
3431810
4124726
42967
6668759
758528
8003579
360787
2883882
2651334
1302274
100393
1994086
2195220
2960674
94015
3040117
6031638
5806718
5426467
3052809
8263043
6850729
4886688
7521409
7647894
7855915
6041150
322455
3713200
7728242
6974175
2480327
502270
7414850
843062
247319
3262931
1392841
2171533
7833600
7713970
4070651
2685327
3242929
1135448
7752040
2567529
2270213
7531386
1968053
6203878
234575
969567
5793252
5088877
4548215
5320833
5683014
4475858
5812453
6687415
123736
1964240
926934
5936727
3265229
1454792
2179656
7683809
1227398
7134291
5525413
536634
5736781
3537990
1622556
358443
114011
6192736
844432
7537758
6045453
3376659
6180326
2270291
930517
4006913
5681171
1784371
5488696
2617541
5924610
102153
4054878
7533670
2279901
2483438
5782378
3416864
3695837
5373807
6551590
5425235
1896639
4361214
4880675
6881755
7647549
7069503
219632
5566373
3449179
3472755
6368153
3324933
154950
955778
2467392
3454746
218644
1921513
6676938
2009370
3005782
2500198
5772198
2821354
4338204
2009050
6031904
245553
3244533
7143935
2444744
5075262
5050052
6767945
5829689
3957387
6831644
180190
7951435
7130099
213577
3046524
2246268
215540
6690996
2779348
7873072
5701939
5113171
5562283
8135851
6309538
4830234
5793639
197503
7887839
7140779
6394988
6925515
4573181
2980639
1255498
4164259
5390599
5574663
7646971
59250
751679
8278143
5725479
7531410
8095203
5469695
2234971
4126166
2184320
7527655
5523894
7756065
5310436
5373669
7237477
6023155
1043907
7709043
5433338
900131
3826255
5423433
7031770
7234206
2728215
930773
5377426
6738633
7931041
5369756
2481863
4075922
5533318
6873406
8133076
6741997
6955594
2236254
6873403
6771539
3945479
2390451
7509581
3739590
2160198
7661210
3141647
5081669
2490989
4391393
5087825
1648916
4117074
6492591
5379552
5806682
5640365
2255324
6413524
2193660
2168899
2169007
3153066
5398185
3443967
6987461
6319535
5765915
6354576
6986900
60436
2502714
3555122
3548821
8187479
2056938
5836152
2265080
5566130
4997551
6895303
6580859
5424236
2597525
6883878
7603084
3286879
7820009
7628044
5373621
6859605
5545265
2013264
6675818
747555
229163
5999845
5764880
1109606
1954547
5368311
7568732
3432404
6111359
2195576
7669975
7364704
6342222
3130296
6903341
3377609
5380358
932096
7923873
6952057
5393464
6063808
7800481
3499263
2252323
5323433
7790326
3910121
6513863
6701922
7833606
1684410
7945835
2083423
1826258
5361640
3135337
6382003
6144382
1534333
1737435
6974172
5069520
6144115
341646
7533294
3375753
3289234
5055750
6906632
20729
7800837
2218374
3050288
1478075
7598398
6860964
4005225
3260803
831254
2391180
1921480
6694003
6122138
5534635
6665706
5541261
929527
3052749
5695363
8330909
6234106
4208547
141757
484483
3096421
2821874
3437979
7336333
4756130
8336696
2167020
6415386
3679026
829873
557792
7822259
4047097
2505095
2291504
4279757
24077
7030960
4339797
7218224
1686871
2493442
2169607
3788623
3999980
6737782
7182585
5380989
5530073
3770134
5950716
2984860
5829812
6282970
4052893
2176273
5889328
1263061
570905
4678686
5647650
7879483
6690999
7626725
5320740
5429915
533132
7840330
5600443
3963430
1892798
8143986
8205970
7598947
5566271
2106696
7537569
2107911
4580547
8010342
1474797
6335970
3146683
6697000
229160
1366306
7783066
2980789
6352575
5873036
1781909
5907480
6361140
1820744
1013377
1941399
2400501
2884164
2047737
2020020
4044678
2994925
4996456
2088236
252012
2491151
5685471
4350044
6281888
5543231
1434238
6001163
1238695
851336
2326868
5725731
2559278
7192201
1567744
5087891
3388147
5819520
3452922
7816105
167947
5798352
3846342
4430501
3847965
5689301
6569397
1997862
7795600
6682110
3376580
2401475
7841217
2169813
931495
7381112
664929
5085209
6955337
6870505
7857084
758531
2229480
664878
3271562
2186548
7361644
2883846
7321744
8003620
1102006
5025727
7941134
6409663
7578373
1054178
5551439
44799
5568806
6305463
108288
5689559
1530083
1533180
5474398
5369744
5748635
3986147
5977761
2532892
297273
6585998
4012036
1532350
2486251
7269963
6579690
6556841
830886
1065998
2653179
2186668
5565191
7598182
1412520
5101200
4675183
2225387
7786946
5908185
7892906
2101186
2043930
7443410
6474053
132050
7593490
3527451
3287040
5662517
1243461
7536105
272429
3162127
3452865
8057838
7704097
5829605
180745
5525604
151636
2171263
1815074
4647872
8137439
1500386
20617
7070014
922238
2424457
7627722
3254359
3430590
8198887
2552125
2182897
6230143
8150990
4473678
1152165
541654
5380944
3759668
1054169
2013225
204609
7398134
8273238
7087584
7797879
8079283
8100198
4428645
5639507
956678
2482759
8149823
5765733
808614
7193211
4086218
2198306
94695
6247722
8328851
2822565
4676140
5391561
6386330
2524673
3944868
7503899
7135418
3851700
3395006
3947308
6697043
1997787
8282058
5533646
3376254
1558077
5368712
6921069
2165908
5903916
422631
5928329
1023773
5522110
6532528
1431925
3954029
3719971
6815820
2978432
3486575
6161583
6162335
189149
962801
2882437
6338084
7915938
1968293
7267446
7590197
500606
6319481
7556659
842680
5639501
2547934
7567058
1065902
7504129
6974761
6814815
2162768
952926
1151250
1567474
8336654
1438655
229491
100333
218192
1480782
245520
6213412
5478564
7110511
8255335
5619769
7233517
6201808
7871706
2442571
1996767
5637342
7833612
7861501
4476557
7114320
3906924
7598395
6324290
4474970
4499142
624545
2220791
597005
2877216
97366
2159077
6413647
6362506
7682000
4823329
776569
2182699
8050904
3491050
1078153
5038913
990343
5357980
3504886
314171
6846173
1260134
1353929
5838316
887391
3052633
6849433
3643345
3770782
793745
6319490
1907988
7558669
4586792
7903922
7181466
5938343
2040501
6742638
6143028
2980678
2352738
3048825
6723315
7606314
15400
2688929
3196128
5394919
1997581
5641980
7926562
7754556
6850974
6902474
7923843
2830123
5801374
2171736
1390234
6663568
1954463
3290861
5700507
3649762
2065229
4271126
7030924
8177433
6868363
2393425
949351
5582188
7869281
5893955
4753537
7968218
4463531
5368386
1064385
8204399
7829672
2177045
6116233
7702988
4369000
5525711
7567519
246343
1567504
3444203
7677355
2434641
8095197
6342063
7703365
2950858
8310378
4719181
776471
6717310
1928322
1917302
2250729
7323707
5878211
7264477
4243671
2425840
7365786
224939
5691762
5695432
2238928
1825153
5700648
5930466
2417898
7726335
7259252
6242174
6556709
8042956
6817115
6349282
6696610
116280
5319287
3145614
5526987
3216753
3134147
5909336
5698151
6983878
5956171
5368796
3260897
19516
3625724
6712013
4376545
3485793
7080864
2159807
1221079
6270465
7873979
2821627
128477
6970050
7070141
1890277
5867694
7794075
5472047
1878607
2228001
6884601
5664250
7647609
6238010
6282914
5791893
8161827
5356294
970581
1042106
1166907
5665290
5413735
1349978
5532692
7951020
1593258
2147991
5094507
5037477
7222486
4902123
562781
4844873
6162179
1996971
3842752
8022782
7637381
7598796
931843
7262879
2723732
2203774
994707
2023080
141228
8220809
436383
584383
2205633
1394048
1919984
8264324
4685935
3736687
5279693
5834016
5938259
5473463
2085192
8119752
1959680
6568846
3535636
2195436
1333248
228632
7750115
2266372
561627
5213396
830949
6299478
3385921
5896664
8182242
4096362
1147299
7914422
502896
1407758
6039609
6232078
6505563
2182999
7980541
7929416
916237
8109901
6485515
2967042
6088265
6114506
56576
7101120
2175191
6319487
5574540
7036210
7504477
3311148
2193354
7792272
5961580
2259974
2443532
7577992
6603367
967382
8148376
7784171
7077296
7609332
5378142
5692295
3830416
2169411
2184939
5640139
5929381
7709522
4362800
2001292
7287239
6973554
7946716
4875966
277315
7662637
1964252
7875677
4067794
3461325
693564
5263783
7606502
100408
7410674
1238623
3561659
6937631
8254036
5382557
3907029
961543
2173652
5908865
1842459
4088570
6973545
7926995
326373
7895571
819406
3643985
1191950
5327711
7111290
1545718
2171442
480767
8197262
3954035
7787028
6570848
6211505
7819596
904759
106391
2180605
5812972
5215469
922541
2626341
7554668
4915350
794184
2604162
7503445
7905148
3029560
7878076
6663771
6515891
5531373
7781417
7647771
8012716
1686880
8090603
8322722
6056213
3954566
7887000
7882320
836530
1896636
7718528
439253
8162073
5535185
6227504
8327742
8309443
5789172
7096542
3429568
1256508
187755
3410542
5720468
7891858
5529909
6305775
3993627
7473385
2215245
6415542
3666772
175639
1536468
1445037
6382368
781051
7601990
7983236
516239
3452334
5541090
1970628
6239874
4128208
2424888
2335470
1837430
2737157
2182291
5768079
3622671
540952
457836
6848813
2971635
2175059
8179760
6747003
1960047
5775353
182166
2621338
5480156
2526927
3164734
3389852
5129544
2177745
7552837
7130267
338677
2167913
5692523
2282636
16735
3534023
7558486
5432560
4960943
2226257
1890658
8002043
2176174
846601
7682378
903403
2011364
4134882
6338529
7684187
7706269
4000343
7815191
2759229
590884
2402111
1779778
2493334
5497739
923308
6210299
7553622
7577869
7248902
5532383
2359169
7334892
2178178
1742037
455791
5368246
228749
6253352
6963098
3756934
6361161
7697635
2979776
74035
7675465
5564059
1454666
3444821
7527664
3504563
7110003
5689932
1432415
5533032
7726643
5323406
4684647
3551081
2096281
435921
7880214
6739068
7475617
2768833
5783905
6421875
5880844
5876770
5974602
5059545
7743464
235701
1997130
6317019
7647534
3552078
3514374
5571772
2191510
4676936
5519864
6589903
7840472
3733876
5676813
6203305
7875620
981042
5884823
1292876
7827361
7726813
5910444
751831
2180779
2386930
7662932
693573
437001
154515
1589321
2042367
3046536
5686818
768724
469801
6330417
5833857
2004497
110064
5523516
6158650
7902125
6604989
5373744
752420
1307096
5338569
5535460
7945494
5712844
5798807
7826174
2559269
1927304
2393440
3242165
7911621
8178459
5930820
7460427
5380328
3156598
7318251
6695332
6240695
2104483
2013519
7115597
5527786
399295
1335030
6221694
2359819
1961272
7983260
2474829
1948134
8198750
6739092
2104954
7681044
7828427
688652
3362596
5370498
7107456
2158990
7617959
7577191
252514
2034759
5561428
8184884
1118117
6299358
6494371
4674240
1914731
8010144
850754
6419771
1173609
5692747
334068
2512212
6693426
1616734
7978645
7598209
2268003
1022431
5881573
7781232
7234419
5760774
747240
2686836
7815988
5539635
395720
5568992
950456
8204581
7037440
3246041
6382383
2668405
4475318
3048076
7830670
8275094
2324215
2513421
6909345
7663478
5563873
6190820
3444212
7615863
7138195
7568290
2379707
7916112
5819472
5531109
916066
4694511
2092996
2236587
5493157
2066130
7759576
6850968
166471
848346
1996422
6665475
5635241
1267416
2161300
541761
945083
4046241
6045112
5541141
1828111
5825547
2380825
3376293
864299
2173496
5977794
2363416
220098
2390131
2176898
6364905
2272982
5543165
2156563
2832379
7488236
4130717
1302964
7088972
2262668
7557739
6419869
6601594
7634080
321930
5764490
1118240
3705207
231763
5602298
7182954
7117523
5545709
2238949
20314
2084850
1617298
543487
6421532
2460980
1238035
7995862
2243592
3764508
2184035
326453
5559545
4529886
4356386
1406257
3574065
214278
5126210
4734289
5430761
3396227
6288671
2319203
1234592
7845456
8223175
441188
4831723
7262837
5390812
485212
8098408
5889059
3361301
7556099
2715753
7800686
5432572
2270890
6664468
5686920
6513559
4344579
4192824
2156843
539893
5823082
3007846
6897195
4356628
2550716
3643032
5480110
7706121
4313431
2169953
6481638
2183496
5433137
370350
371899
5688735
6967740
8254493
7728086
6711204
589114
6973081
6094020
490094
6670302
2165923
235257
5904862
4580662
243032
6288713
2168839
6766229
1560369
7827397
3490290
827461
7834227
8065131
6771769
7559007
229575
3962931
5972954
1071613
7327178
5537429
3634607
7551041
6516249
2291808
3284000
2070505
584476
5698220
7915647
3432274
8136846
7892793
5808142
5682933
7558603
5089407
1648038
233837
5909798
5875540
4765052
100526
8223783
2797598
7038264
271202
7946205
3337569
4526304
3438907
3051109
5480062
860794
5903052
8194540
732244
4072389
58641
2172497
6615380
7891945
7917083
6896785
6183539
599973
2176428
4375664
4049196
5886749
7481447
3488820
6681255
277879
249721
6674176
8110269
4557596
2401757
7896133
6051896
3376584
1359183
7665886
6049356
5936538
3959720
7700937
6897555
8156543
5376380
6909728
2190454
5421095
2232359
6063967
7905375
6945020
328242
110517
8067012
7825062
8179079
171211
2029079
2787238
762561
5831962
6973830
5426234
2180396
5062514
5653746
5289628
3678275
7472253
1812202
1474800
2752426
6711862
2076943
583516
1428068
3124563
5081992
4584999
7486517
5902088
3105030
665392
1264315
1243566
2150754
1578199
454307
253154
758001
3433833
7818629
990634
5747702
4666616
5583712
6158365
2137718
5535266
326304
6747445
7635657
1997985
5694704
541423
7054161
8198310
1998284
5888895
2432268
6587239
6659222
4830333
7670953
1947361
7610526
7759811
2249892
2754748
3452225
719746
395924
3700331
4532843
3580263
7124840
6057119
7319925
6174057
2672100
2268699
885528
1999442
2268975
6569190
169393
5473907
951692
7439486
4676712
7037253
6600710
6694404
5900608
6873535
2688427
7079935
8133183
6857957
6046468
6668960
4069683
2836557
7815434
4352172
7617912
2986396
1907295
5833845
440753
2444313
4456484
422859
6974719
6296460
172657
5744037
5016028
6222158
260040
1329360
185739
6674170
7889150
1668414
1740026
7296859
5476525
2250447
6028306
228456
6245387
1542248
5211212
3700734
2282995
2488160
1439278
6668867
7788379
7967320
6298101
7232133
1814516
5113129
4313371
6164415
7783849
7666103
8043924
232358
5693849
8282549
7833633
5376520
5022997
7120501
7946503
2290539
6264608
7902887
5820718
7978941
2787205
7930840
2108308
471337
2249874
2398024
6427631
4972431
6549156
6335091
2185339
6842599
3461391
5836902
4027717
7609344
4577266
1410214
2215330
4006743
1055012
2395317
2518714
7977724
7892035
8194699
7097442
4474686
6668882
2768128
7598449
8282597
1750049
2529365
6791734
6171833
2246000
2290813
8332324
7535982
6896702
547527
2759041
7667432
5567808
6800215
5775203
57125
5025554
5426404
8045093
5540622
996922
2346175
945198
1070207
6143220
7825222
7386311
6690491
3171086
5539764
4244559
1509276
4054821
3709384
4850661
1199755
8336570
6753117
303712
927126
2382132
6301433
487526
1470800
6760340
6800179
2558325
3381586
7221082
466196
5394223
1072001
8140998
337513
1522639
5368697
1366402
2756536
5525410
6860547
3052208
3596416
4463847
8148710
7156882
5489841
2984110
905808
5425262
2379863
1622550
5942316
2226212
5535298
7538675
6750195
2809113
4166452
7822640
8148209
6339021
5781929
7086648
5789940
5648667
1271268
1919119
1867209
4126898
1392187
6428952
33940
6765722
317599
2190970
3526556
7008850
2886527
1118919
6645362
5024677
3272563
2147711
2380966
4263172
4379032
1654058
8157641
6459947
5951060
5641304
1679946
6587434
7114009
3492958
236483
6908102
5748482
6165406
5434120
8140977
100399
5434288
4989846
8010615
7363663
552758
6165468
5627841
2950379
7756895
5002710
6275664
260136
19852
844022
5509410
2218662
2270965
6686763
2200359
7167764
38608
2535402
6098937
3216359
2747271
3204326
4952938
5635244
17958
5391448
989427
1997838
2253941
7676130
2562708
3998824
854156
3972941
2714853
826845
2591553
2741472
3162504
6316884
566214
4953287
1328332
8156051
2573630
4189810
779703
7506899
8259686
4364612
7950651
6970101
2483143
1567249
7087787
667437
1234455
3667030
8212670
7830323
729268
843577
6667051
4424536
1576987
1643737
5236376
2884946
6767762
1202855
6969664
2986977
6457936
6858203
5398336
6970511
2987156
5922326
7321862
543598
5540913
7122894
3104504
3560905
2218347
7939256
1176233
8003668
5960813
5716653
7334964
5469881
5017892
7508011
836768
7134981
7875901
7755813
8007441
4324593
3375777
2245997
5615748
4006362
1015176
4521290
1433058
7468874
5778286
1867353
848954
99206
1231200
6861592
5053245
758636
2494035
7528510
5756902
4967557
5944068
4070964
5720870
7610760
3035710
7775795
1024007
4002525
7827442
4340891
7601442
6744239
1067385
2178104
2457240
201702
5228939
863252
1054220
845279
7293656
5564344
3952078
2269328
4701688
894210
6664065
214173
866820
1152735
828695
2196394
7607034
1997234
6381792
1108811
464577
6455134
1763651
1255483
7285492
6179025
1510582
1618420
3435004
2189670
2167922
8321893
6271899
2886272
2953805
1152153
6303756
436008
2191483
6002200
6974121
1116965
7272806
5491362
7446854
6158184
5931257
2011454
2382867
196413
466193
6643461
2784374
3360818
8208818
4944051
4277044
8141620
5832028
5840270
2078905
4844001
7000562
2115448
21580
2074249
4074370
7858228
2979927
8011891
3917337
99209
6651773
6306774
2176404
5279271
18093
8195449
5057172
7517449
1441786
2193267
5341553
2762201
4242811
2186350
240990
7222813
7625868
803569
3215549
5930286
5169425
2150463
3445825
7064579
7877142
7709127
6348423
3474043
379805
3675772
6970178
5380036
1105969
4692116
1255996
5427363
4244604
4925311
1867115
2688609
1328389
6744287
2377469
3915645
5885431
1107746
5373453
1712428
824761
6642256
7596503
7772159
8264663
258949
2085159
8150110
2005793
108240
6056183
4036052
5747918
763598
229034
5676596
6288836
5098038
4442305
578600
6043744
2681073
916156
2620253
219737
5339269
503091
2009376
3539698
218731
2185357
5411194
2190688
3646243
3866083
1994779
7708139
3287073
576096
3493703
6463065
1103190
6513538
6746929
7761875
3446892
2145605
5534244
4402418
5493324
5468876
360156
7819997
272088
7323424
8330023
3347663
7664189
156150
7275153
326370
2083476
2228097
179201
7879658
5744383
931759
7249258
6212347
1712446
4065624
8148528
553111
405449
1328180
2175275
2851029
2083695
1994542
473301
6296283
220276
7665351
8075820
5736638
290900
6664197
85856
2756907
4651396
2158746
1707362
64697
2171587
2885642
6675824
6423277
1997967
4322341
8102739
2556018
1058
6335286
4822171
6265231
794565
7605995
2441753
8296479
5574567
6837642
440101
8194546
7818752
2625757
2233521
1508940
7175925
7507330
160266
588437
7825207
3376998
6989908
2074867
7875257
5732291
6339871
1494160
113147
5370984
3433874
6835331
8151818
5744850
2041877
199748
3988756
4488417
7124100
3827057
5565125
251904
437984
8262540
8334752
7974166
7364435
8273175
7233583
370076
1809106
1937766
5690555
4130229
3169392
2173217
2983421
375102
2637982
5055693
4051042
5900533
541606
6277281
8128149
5023269
6522341
6329582
3490441
6008696
886547
440083
369794
3240441
3566084
5961670
7378538
5564440
1550492
3453474
8162088
8341228
1888314
604556
604914
7369138
1924902
2006265
2987159
3448291
794358
4128979
6667705
5883647
5803167
6288578
7980185
4511293
4287952
7781685
4426434
838660
7921581
3332996
7892011
3818665
5901456
7527673
2806920
2870375
5534448
6013477
2972178
7219982
926632
7486418
2553655
758525
3168677
6909460
6300321
360355
7942673
5426063
1348159
3424703
3453462
7193607
5368136
2256645
2720194
4210238
6391456
8142205
769818
21844
7612079
2257357
2227284
5531751
5689292
582583
3755101
5425139
214425
540645
7952865
2189965
6551529
7175257
7958769
20248
2468418
758199
780438
864970
7883392
7095547
1102580
5218857
7661603
8003330
211740
5536204
2092819
1071316
2196950
435681
1320259
4052354
5538196
1071965
6691888
5369347
3390017
2260040
5747684
844843
5394274
5099391
7327873
7664102
2084495
5689992
7813158
1668561
7647774
7878663
5687044
2007823
217659
1474794
2040704
440053
3155261
2217058
2134655
4209067
7704215
3736889
3383081
2441500
5084662
5545976
7885427
7889138
412132
6448563
7148960
5413732
2243952
3734864
4697325
8287735
5648515
1721441
2349183
7386059
1699781
6694688
2147944
3002394
2198300
4736902
1118856
7578097
7615827
7818823
4076464
6359491
6216694
6738722
1533949
8076235
7783183
2157697
2213237
220471
6575183
7827412
2821533
5609571
7126626
5534272
4313137
619887
2746631
1708855
3243492
34553
5108942
779191
5930727
5649366
4152313
5694376
6681249
4453078
830895
835916
7566258
1284492
1487954
4456158
5854839
7171750
4678566
1220505
8048783
8143028
837394
2405819
5531931
1583717
1131955
3594617
1239703
1996782
5368680
7533811
2882003
2067175
758645
5432605
4347626
4672801
2389
7476459
2110926
726657
2448904
2242826
1985471
1537625
6122261
1982301
5544713
8095910
5889749
2448465
561376
45114
1867052
3966022
6229553
7920615
2280624
2500461
794867
7382371
670146
4757528
3259486
1255402
3433385
758079
5738106
5922108
5914158
5431012
6575789
1928669
5564931
16958
3271571
5735784
1368313
628427
7295989
7021860
4347367
2110094
7550921
2074663
2170609
827586
5065981
2380007
6299640
545526
291738
4921110
6288716
100432
6680889
2067819
7527676
972751
3377663
2083051
3771361
2376585
5062571
5015390
8275943
6906557
4864057
2225870
1096005
1819260
3384154
198094
5411461
5426482
175020
8206666
5166272
2067807
7932329
7060739
656546
6229868
3915036
5931670
8300769
7950972
1883558
7566869
4829402
2239054
397827
3005959
569366
219710
3387710
950215
5832640
345551
4410907
2482870
780519
7524985
3444761
8098670
4128412
35445
5040946
4690160
2689747
5648652
99218
5583135
8264522
2400108
2981529
991006
7875952
462210
8258244
1373014
5067665
2757617
794559
2222413
5536281
7850500
7236718
5425512
670693
1437474
2623393
4625374
465983
5001564
3981245
248072
4829381
8216888
6164440
4195693
255950
5424923
5544109
8046662
3191399
40597
5901270
340715
4198606
3497552
3704554
7902185
5579414
6817662
5663003
548926
2224411
5877351
1781791
8282855
7326156
4339281
8135968
227522
161580
3537918
1197028
7896109
5880338
4044681
3496781
224738
7028733
2726702
4366727
2821871
8198875
2183689
6882956
4553123
3414023
1354112
114650
4565948
7522911
3435099
4609675
5550866
7298966
6361134
7378532
802382
54528
1069502
5948825
5544220
7508108
2128746
1441783
102312
6532424
337486
6319523
5048235
4069692
1808827
576527
1842402
7500886
6381798
5069508
5427487
2433182
6975600
7232139
4545743
1190933
7803266
2558690
131699
955865
2083808
7527342
7524625
100794
4438822
5461981
7567495
3200690
5410124
2564115
3815932
1254708
6176407
8126014
7439531
5916119
3486223
7833996
5415296
2752423
2680110
7677946
1705609
2657343
323892
6334087
8053873
6644034
455246
4677933
5425554
7558851
2086649
4331531
7268246
1567114
5369599
5790908
6000103
7705340
37420
5775536
2095844
4071312
2159822
57275
7131075
3847483
2393422
2886659
2086919
310069
7615866
2083165
2270378
1149383
7920809
3288800
1151397
168630
7504570
2344543
5320593
2307808
3053534
2892880
4126145
2482861
5425826
4594252
2109219
2405264
2476397
5369917
5708626
1254737
8065829
7863145
7174906
7627276
8194645
5523633
6093527
1116959
7815994
627796
6615675
1479313
7860865
2951278
5154309
5424230
8058491
5426419
3446716
6245618
7099192
1991952
360024
4506387
7090484
1152162
5904048
779430
3325698
3639081
4661856
2871431
2166306
584917
4996459
6338968
6300351
812667
668205
7123565
5524430
6826676
4689984
110868
5880829
5107227
4188729
2270333
2952629
1152174
5578629
7880567
5699922
7873733
7977357
6953141
3124329
3134141
7132498
224492
6143250
2248985
8252956
6306357
6192591
8051490
4977943
674520
2783782
3351898
5650553
7962394
45141
6400473
4340150
3325650
6474713
1962952
1399974
5432278
5467715
4471105
3162106
6233338
5475689
815648
6000115
3106550
2157152
8201937
5536189
7779804
7557541
2765987
5784489
6963693
584053
8083734
3376719
214989
1415918
5085790
7800683
2185138
2440328
2089023
3245406
558869
823293
7684271
2174909
839833
2978625
1794668
7359620
4993685
6915050
5781371
1737899
5564940
7820477
228474
3645865
4665812
541420
3289249
5574267
5480159
828082
8111452
7858048
2166766
2434290
5390743
5540511
7743015
7896338
7745898
5642404
6211047
3436486
5424854
5652680
2009493
4432327
5391040
7336348
5652609
7702579
5493516
8141566
5531019
7009944
3450835
6693480
8271818
333242
7380897
246239
7697755
7891870
387087
6590935
8019258
5530995
4580262
6675558
3382944
153689
1190918
3380313
2431531
6243832
5530890
6701793
5362523
4274969
1924353
7819155
2565897
2752657
1021961
6744607
1598965
3273074
3372994
7534342
2561963
1859409
5829581
7143407
3847058
3210103
3209800
3394751
7708319
5541105
6239530
3323319
449031
2765516
7681964
99098
6192861
4007905
2624981
5747483
5026313
3394098
2445811
671651
1578232
835948
3053549
8311323
2163004
7930675
2232448
231804
2188590
228893
656794
6349048
5425046
2974233
7484755
2620019
6199909
3148058
4398517
7821225
2119053
1912641
607656
1998455
7130834
2402048
72976
4608697
3767844
2594903
2194098
7639172
7452989
7783498
2985773
6343227
7858231
6568003
6223974
7597949
7808899
6240815
2558482
7962237
2609753
1927933
5942442
5311204
1925805
2387583
2171745
5694998
2185582
822923
7800834
2772644
935722
2339218
2166778
273474
781000
1072748
334400
2069447
7925934
5977497
5936922
5840252
6906692
1019402
6720571
2377817
5950574
8190253
2002997
2821524
4265880
2151276
3614753
5473736
2012976
4292612
5278695
2763703
1071983
2165367
2433930
840046
2165175
5368559
5544939
6215344
6744866
3787558
7179432
3447746
5373651
1152963
1927498
2187185
2234590
2147687
901611
6117933
442463
4609702
2373881
58620
2598840
6338671
5425500
1152189
7686391
6183121
6651377
7699646
750199
3980921
5768034
6190664
3497564
2673886
3247318
5723067
2286751
1499137
2380933
5636431
3392719
241593
1968182
4998494
7660448
7702678
4288571
6676224
1546804
935258
3571285
3376329
2070925
6246813
2664674
2011815
2529512
7677457
2194541
7902197
1198012
222876
1566983
3670170
7901510
2083908
8299616
2169162
1647681
6246747
184883
7756562
2072455
5401754
762682
3741058
6606734
2066773
7235018
4633405
1986822
1907695
1502986
4984120
5386295
6401483
7708391
5358544
6455589
4574999
5327654
166408
559528
7827160
7233799
964107
5829608
6681024
5950127
7812586
5835198
7506950
8143606
2477768
723962
4700153
5836428
6945292
5531718
6317424
2278431
5931457
2622601
95261
485080
6205815
2728
4496919
6072138
328617
10167
5686954
780507
2337791
4758591
900056
2333827
172297
7305380
7681982
970791
2564625
3729112
7896061
2214598
3386250
7234632
3276691
2290650
6977471
5882086
1547737
1748137
2183887
2431997
7714310
1152180
3316586
3917055
6296496
8000453
2192056
2005586
3385284
1797618
5711623
2455926
5888922
8007753
2245294
6967735
7127485
4244169
5374184
6355765
1408880
4572602
6577168
2156084
979940
7855154
167813
56537
1546561
6349652
3054229
3446904
6458793
5329079
7193610
97917
6400356
5689824
1140557
2005637
7855564
7825784
2086844
5220971
5941009
8111694
2790901
7668356
7123781
7695130
3169782
7817753
6122129
6696929
2500177
780492
1599720
5542233
5542825
5495817
5739871
7089038
5322403
7038832
232418
3103972
2132494
4433673
5165022
374652
5425506
49477
479989
218555
2481953
6028270
1110353
8051297
5374296
2083662
5695435
7182603
5545116
5002713
3498791
4462010
2577829
4565939
6694041
5563948
2177990
2174680
5621139
7800713
2180608
7174999
7529782
6171477
1785605
5569333
2001934
7783144
2821974
2203431
372046
6579953
7027407
7234242
5827890
6893467
4051712
8011915
5370783
5861187
7754798
2823153
6994270
4475336
2002204
516760
4539765
512087
7661842
1949516
3048956
213812
1727414
2638123
5034671
762385
6244909
3309859
6298916
7704643
7235783
7592899
581127
6419941
1966495
4317427
3945153
4456487
3927634
6438088
4713236
5840273
6365518
2337501
4478384
2752666
6209395
3441005
2543718
5747705
3366338
6509090
100327
7306296
5466817
2161845
2133055
2886130
5427508
5333030
5541394
7686175
7437604
4676996
4829102
1190882
2048721
5099287
2246310
7258034
1224707
7175266
6411609
1190780
8336318
7123757
8264525
2151177
5089141
2130580
5368665
4187612
7242847
1072444
3053079
7326141
3217132
2513823
5374245
6738678
1921504
5427975
2755109
247199
168055
913919
2007656
4870015
7668153
4128877
584344
2158326
5091894
527499
179067
6463531
1502998
7529497
6409771
3274122
2089946
1896645
7959586
5495448
5100854
5839808
553309
7813448
8024043
2082667
6226048
6812101
7533252
7535095
5639223
4508511
5425058
2443802
7856142
7457051
7506435
1361436
7135316
6218458
1644597
2474736
2013255
5165449
5311725
7990732
258997
246092
7827828
7861303
2151345
1567819
7902449
5852876
5401071
7833999
7226063
4071499
5685895
4475535
7656187
5488804
6158267
7873706
5691930
166303
2165683
2830624
5053242
1897259
7964172
7555889
5542723
5493595
7629285
7626377
627139
2565151
16813
6796415
1997629
1915516
5424296
180736
7289640
5929722
5062583
7840315
1515216
2661781
782484
7129928
7782103
2257911
6330360
5529797
5664096
7559539
7377762
6858612
6250373
3815914
5426168
4456186
5492929
2486098
390706
7585407
7676620
2464570
7833113
7891981
7058850
5767580
968067
5542872
5053215
515641
7717021
2746490
229166
5533589
2540084
2487179
1215515
5543054
7394243
329819
2426149
3155357
3493667
1257514
3444069
7827166
5639130
5894301
3226904
1073225
6362434
7713134
3384277
5896812
5966138
1072031
6000001
5689328
8184866
4710932
3073050
2623998
4501598
5639903
5470242
1922395
6492327
7054018
8044791
8214116
2109189
99408
5612169
5530203
789094
668280
7717045
7878998
1446501
1043457
354613
4696381
6693954
2012943
6715955
2774913
1998533
1247526
758735
5474618
324126
6835445
5968359
7964464
3662047
7940912
5427249
5386265
4679078
3387812
7556932
4455793
3451984
8237548
551025
4531565
2168543
5653626
2621329
7871772
1888591
3375792
7629525
2843857
1907638
969978
1166901
4736935
7681308
358833
1653842
349852
7874952
1925618
1255270
5880335
3685923
2198432
5831465
2992798
6351536
1460775
1047117
2405520
8241999
2717652
5812332
6490715
997240
5959087
5649297
1465126
3124383
3147776
7321886
2270345
824242
7530991
7503896
6961767
5427079
7036825
4776398
565095
5684404
7568469
970014
7964416
3106733
6737935
2689384
5656681
5553004
2153226
899783
2372100
976801
2981318
3493153
7784644
5870734
2626299
7367675
7506941
5065191
7545735
2841700
5498901
100423
8291991
3440090
5483822
7826230
7705606
2487101
556128
1894124
2254052
4851097
4498514
8164305
6781459
251970
5933454
6494800
7504808
8198741
5065203
1231615
7887575
6226179
441176
6379608
4126107
5703775
6164691
5493289
2616489
6568287
2184116
5894211
3791692
3304147
3980966
4445512
7597841
7037742
7902905
2149635
7933236
5534686
1499777
4353626
940764
2490959
6513905
2679050
2255475
6218401
3360656
533171
2511184
7492883
3170015
561933
7726888
7704073
272399
2853506
1432409
5937922
7799379
670218
3049825
4162104
463921
94153
273072
2773387
1567327
7393935
6970583
8286376
4530788
2598200
8026429
2091602
576880
2272456
7629873
4134446
3216909
5931577
4400786
2232496
4903096
7825216
902902
4065866
5645931
5830393
7829618
5700693
5933667
3377019
2452700
5532163
4211562
1495088
2226894
3753882
7081886
7968003
1662895
729274
3408452
6474080
758777
5250969
6606141
6142293
226472
2551503
2797029
5310765
1203210
849581
2516527
1567801
2248171
3711232
7132928
7610631
3046501
7964154
7546785
6133559
6880280
6142785
2085108
5026697
8223870
7630114
5718191
1575492
5341031
6687824
2246214
6835025
2174978
2664803
5665557
8126194
2767404
5532259
6119955
2149494
5540769
2822010
5566475
8110184
4322452
3178845
2464510
7535312
5539551
3382713
1653833
4668994
2854154
2180426
7259603
7172170
436992
1380245
5421248
4349596
5657143
3169074
5520375
7625790
5228260
3555161
422820
5615607
7864783
5582901
2556021
7914443
359902
5378811
916123
1626185
847202
1996761
8057497
969420
2551094
6184126
94895
7783069
572450
1234706
6286191
5564227
3564427
6162197
672119
95449
5386499
1655045
8138116
5593671
478228
5050277
4872362
7035844
7968162
7357532
7221488
7264879
4458045
7697578
7290624
839923
753037
5431468
5662439
5584096
8288
7855624
2762169
5914349
2823580
6616394
7451460
2394512
2249521
7461256
5563816
3982635
5477839
5395051
1720986
6670484
7685465
6926590
6675627
6460949
968968
3048342
435999
3806956
3729642
4464662
730601
2006399
2483552
6164990
5476522
7698977
5580584
976346
6831641
6228379
829723
2425793
5066052
6868858
3972106
2193435
4424539
5398182
4444169
7974221
2651430
5883098
7227989
372299
2238602
5527023
1916168
6217057
388237
2509672
6001836
5875178
7509121
7584228
4828931
7963067
7708978
2885865
593003
4335942
1272722
2270315
105541
7865704
2728218
1661803
2599294
4260251
7660475
5376041
3992883
2446787
1958758
5745923
434634
6922586
6093730
1893355
2084543
99101
3248720
3153275
8330225
6306150
2687279
831317
2181045
135855
961630
5537852
541809
8162538
452269
4689616
218504
6851594
3276524
8193380
898417
8211400
8038456
6412359
2291055
3309775
904717
2264508
2166787
1071187
7578265
19049
7803923
2822583
8333338
5338218
7807277
5386793
657134
7976510
2772455
8166801
5875627
825212
7283179
6665807
7846355
5467191
7647900
166441
6349854
3172562
6158104
2247676
425401
3292127
6577482
6358393
1683877
7128872
867604
3310426
5143721
8026579
824408
8330092
2446994
8255314
5380361
5067599
1047162
5635801
5808790
6232378
1442766
4190660
5471916
1148323
5065945
7179585
5919425
108451
4345196
6001241
824791
3831126
2987463
2564619
5002740
5493848
2665025
2166448
74277
8212116
2283193
4555361
5830621
1609728
6365689
6463429
5068792
969780
2173334
2884106
7617441
7479076
2821180
5108936
5736270
2082826
8187838
186035
4339086
5830154
6833782
8097918
8135323
1883348
5380364
2198348
6905585
5948561
1998674
2688418
1917308
1748976
2608760
2008990
6738806
7371910
2512304
502305
2259854
4692621
6458113
1996710
7435059
145872
7846936
2623613
7981625
2184152
4921956
4583950
153919
3384049
5476753
5830247
5998967
1702952
5563795
5634997
6714265
8212065
6093897
8140537
731820
5380619
541806
3641786
1575783
7553445
7706290
3442329
1133486
6773106
1922398
5607677
3788532
3126607
1410217
7975099
2013156
504223
3755104
4982280
5829677
5847786
7700367
6111155
6993955
1152144
7610952
5873066
1624293
5747912
3485645
2424421
6164538
2872032
6883781
897420
5330298
3007296
1652811
7127829
6578434
7716825
1791679
6234996
5541532
7626353
2491456
746666
7887899
1401987
7297457
7825102
6211708
5543342
155700
5062615
7175221
7134415
353772
7607049
858969
3962949
8087240
5532533
8135293
2445901
2237552
7515116
2815949
6454158
2810519
6360307
3431927
6148194
249611
6967425
5880817
5637290
2424463
2066850
5765111
2291966
7983123
56393
2084143
5641893
7509587
6513541
5428006
5453000
754370
7912270
7109928
7901735
6668846
7891819
850274
7775689
842429
4707916
109731
5908319
7116449
7970602
3964494
851120
2775278
7706716
4104319
1524062
2865590
8179656
585458
7373033
5784091
6405728
7305290
2362066
7693249
5704650
4036295
3429330
1444299
1103564
7827289
1960601
5361364
2727660
2446967
133460
2465124
2082296
7883437
2283258
6604500
3242867
5118439
993573
6663907
5532154
5658644
2228304
7183122
584152
1661588
8252176
5851968
4996495
328500
6434950
5935737
5568545
5702735
742180
7550407
