77202
672658
1044141
954733
76893
471209
1650254
503971
84012
1955033
672619
471910
128700
7944898
425264
850385
472240
3464974
517024
1184491
3421524
780823
456896
522278
1159674
102672
1474175
6551890
293061
147171
1780749
5885672
712497
522810
1749354
926689
1440672
137005
657533
1526120
1322597
669060
308115
2164950
475788
453617
568413
1637741
33910
292860
522242
7091844
823063
4436134
663104
1044316
591888
458230
308130
957518
1589367
800530
7980673
6559989
1837415
1474632
843152
453623
941042
2254734
6434404
1347788
478426
1044051
2100387
5056818
4149150
106916
855204
276621
1598874
398403
324150
6420981
77367
430016
524426
1435663
537478
887603
23531
293091
5320788
926677
1334161
349888
1223877
524423
1362416
1772347
3239860
6204861
6293253
772086
136923
4210791
384085
1522234
73184
780904
926659
2271236
1401319
96525
1057952
10024
935494
503560
1316790
551853
3932776
847401
524375
1073300
5883794
5852825
114059
102285
779388
831434
211827
5453694
6299762
1211474
1420680
214894
848514
1627390
260169
471907
712859
97923
243526
5942289
680416
3454332
3948455
59878
33865
7506929
206209
77052
1749012
1835217
1416823
926982
3104381
344226
3101
509550
1090988
7268969
5622883
1576224
524567
1796029
77280
77487
337327
5899506
128697
253052
910338
1044078
2237013
832280
470365
1295927
5658407
1637166
6859037
753153
1495572
77547
817375
77630
5370813
15719
481162
926653
1136766
2229369
1136760
1627558
291930
2976325
326031
946819
471042
5453703
298939
5579837
1358160
1169025
404287
414580
2593
1216337
1358094
471676
1928953
547357
471961
920367
2242762
1253866
1174826
563371
354853
623388
5363244
952881
1174949
4711332
470685
1057597
1888552
5917010
402260
378561
1723218
346663
452081
1199309
5724909
3330432
136908
2236125
77127
3538565
315160
169629
718903
24173
86182
7173399
64457
1090994
478216
1403019
1457548
5795164
582654
591909
7242900
448728
478210
1520287
831455
1253817
524498
1016010
904056
77394
691307
108117
5407490
2389189
5274147
441511
591707
1050906
285491
921392
453668
142815
1015161
1627249
5935227
926686
476043
5321721
384544
1917803
926665
1015017
6293250
206224
1235165
522269
2506568
1684141
7401437
1151349
26750
248789
354997
730921
926848
7280407
1470695
662936
2269774
4424189
957548
77496
749923
5453815
528996
370115
1685958
926674
327078
340583
593735
1154558
468770
524192
1174697
6707643
366749
1138498
7345541
85205
111505
33925
1338784
384079
295498
1175132
3732270
611536
96585
102294
926680
102282
780820
826948
1194677
1058654
1292538
889534
1259226
3112
471322
926662
133940
115725
973528
5537231
471781
5676422
809458
5883833
431324
1083755
398406
926707
855891
1817073
6893494
5917376
1697149
160296
1822292
823563
366752
990765
438122
726788
3247
672820
293022
1370661
527466
102276
2716878
980299
1415977
344665
563368
308662
1965866
819786
946852
330417
5760741
1068618
3474840
4226700
275997
7135831
1411591
922598
975817
2205600
740346
831299
3157
3469668
239109
524354
1165850
327096
477649
981330
1058597
5579815
1013695
1254932
1412067
745310
1253860
7103952
5061480
926698
5492947
6708406
2235181
1829382
2147482
247001
336015
1789312
2188062
308704
3279109
98373
235545
460653
753230
2271281
1033726
772119
64388
753315
199070
3851679
824635
1010196
471589
591939
935491
1388786
1082738
3994935
2579244
1100
662726
524420
551871
471829
1824809
1174847
5414926
1118153
7102366
5784133
259717
753159
178582
5907052
4987808
1175030
6686056
108033
7184857
278473
524492
3443936
406977
1805539
6748584
84009
452206
193444
459329
928920
475245
224414
926851
1267193
1482443
200565
503845
7864865
247007
26714
7270501
292893
8200302
5339471
704339
1174889
253061
4476180
214891
260166
3142
1484510
980973
7648254
831343
5882899
91486
1752833
926692
344250
230806
4054476
339670
326982
319829
1627573
199043
1057123
1616403
292509
64379
136947
1299580
926671
1812397
823593
786726
23561
926704
5442005
1796023
4360748
524561
1276840
553611
762227
397386
1140901
1751764
738923
587239
274158
22935
4424192
1213005
77421
404203
6279583
425267
5867667
524588
1824788
1233024
1712740
935488
1400543
1440636
768977
581013
1468872
1850800
533617
611578
91555
6095280
848385
1184500
147228
633751
108021
6859040
5883713
6723132
1402385
10039
589254
1770137
4218013
64382
253046
631884
998057
2711032
672587
926994
6167671
7603544
1756414
1403016
382501
482972
17577
6398927
472708
2728753
327081
277953
126432
921380
23223
524261
1688155
5824800
2621911
503929
684136
1175003
5542591
293211
6450124
109533
5578061
77777
1420677
434694
4647361
710784
239019
91947
5743494
1013647
740388
292698
403454
342272
830616
7148551
956011
156186
5340668
885435
1576849
4450196
178856
155187
800464
5482563
77274
1090278
6859055
133985
1175102
525002
398421
65167
522086
292980
130918
5548305
4219504
1779466
2240511
392116
8285835
732640
8203171
463984
503962
1352535
471754
238054
178354
5340638
5400540
76878
522780
7020393
216053
796365
1212484
591829
1429727
471949
23190
4972527
4050577
4970387
591936
926701
1416820
50517
272492
349916
5480883
6994771
5377754
5764577
239106
1175189
1238248
441517
1174654
1334308
1368634
980593
2271548
17712
183917
472183
370118
1627267
7648257
292797
155184
7530526
1411528
1094835
278443
459332
2810834
3428509
2113515
1756535
1653665
906687
532748
64460
804030
239203
2288739
257835
17598
884845
72099
292800
5581202
897528
1749357
1757007
819876
434679
1965869
1612363
330368
26687
3871669
712910
7335655
524495
336712
49084
1262594
7683803
533545
787985
7697761
1338721
5743349
1820408
2162428
292953
5745779
5881009
850016
7721737
5494791
1011084
246340
1319278
6434434
246761
1402256
7849445
239010
1749431
1815695
2659254
144330
330374
1770471
133901
661598
653163
2530715
1043693
3757280
1276831
163857
76956
238927
591879
7909366
298933
1229635
5658024
3004384
3217
4915899
49057
753248
1211035
370106
460957
2397970
981285
1174312
1829673
2020556
6825938
391581
1113597
454313
623717
238909
3954838
1749210
1175240
6311956
935497
4052867
830697
1411510
234755
233063
2099956
514018
2254767
6279577
1232055
1696406
520898
780808
474135
292632
177783
5745770
1095845
223280
1604612
7534411
293052
1107495
429977
453620
5533002
591858
177435
290789
293145
713931
2175674
349967
626214
3507620
3239869
6707646
3351599
6293256
192152
1175159
591867
7042487
3434944
1474659
6736170
326037
1176236
2587
2554746
4723135
99025
1174642
5579821
5637979
563362
7809729
1817660
879145
398415
5360726
726848
834036
2101784
145132
1351902
338034
5884489
1094934
1271895
533539
2044759
1238323
5656824
339664
1850818
3940075
1292797
471850
1192760
593768
6533768
1411393
524357
383812
1530293
1174778
1174955
431807
537330
563356
327120
7506926
5743485
800353
519101
850595
1175210
7980046
1792129
503917
946861
1154561
5760738
4597462
1187719
5681258
947041
1321223
1007922
1789108
102552
346161
1373770
5909105
243619
926635
49006
926803
255905
1212766
6341331
5761200
5710571
823608
1474181
3941906
112654
961894
345479
1523212
2614145
989681
1351875
779275
3546495
946834
2487062
5939483
295980
580795
1789105
2844608
589726
1687903
5711124
325647
3104
1688356
1184407
6469015
5421702
1128190
1489596
5579824
930316
1444254
7912785
1332249
122476
1817079
1457444
984390
591912
848538
71496
33922
5314383
1749243
2214936
293112
200464
26690
6050965
336999
830838
1705694
546198
441523
638968
1287827
577831
1055075
843457
208710
77469
799060
1192757
185123
7853627
920777
2214407
7615937
77490
1829385
17568
239150
59881
831364
546706
292659
1664025
325641
4723917
1775188
76896
3311687
503563
1589355
1429530
1440717
453626
1391330
6344259
369447
1453746
779313
765392
1837361
399639
5886302
293133
246644
1468106
591861
1396958
973366
6450121
6534427
295501
44031
1723855
870480
7783300
108081
3938351
964262
1744608
345779
17102
471826
1078831
563365
251106
2216193
23205
1187752
2116102
960564
7415105
1335891
5578342
292716
5743491
1383105
880674
800497
2402484
1583396
370097
23211
779083
417876
5565854
563359
1817369
505086
1688458
192274
2971044
102747
477706
780874
176305
7101839
2531414
