769705
7538017
8125519
879424
7963896
8287774
5950976
587723
1062048
7688583
74830
648594
8169544
7873742
7577911
7855909
8115766
304724
3167513
8154319
7539996
7513962
1305739
7689467
8146032
3284500
8304756
934615
841557
8264078
5794592
8105899
498521
304733
8074859
16423
82776
8311368
2286635
1569387
7857625
7625562
7891622
8282414
8095606
162177
8314427
7550077
8097328
1170084
307728
2978202
1886771
3240773
660018
5337658
1234780
4592060
4121489
8024435
7874946
840442
7689338
6464755
7577902
8266269
2185672
8105914
8002430
1425307
8006103
5346122
802256
840728
5714433
8105410
7674819
2107541
7556510
6423869
7774506
7663894
5596369
8087754
826920
8097358
141598
7582765
7875053
165645
7714340
7736441
514441
7503625
7521146
7736438
7944754
7956218
8028969
7705588
213562
7506506
7663939
7526666
8253682
365162
8176206
8113670
8052037
7647516
7366168
7938752
6185507
7875198
7719579
192436
7726140
365174
304727
1778915
2553992
8025256
8183626
2278809
517612
5326337
7716630
8018480
207142
157849
7736462
634016
6429533
2576671
1422945
7523049
7539982
194988
6423987
7551580
8296476
43887
1866569
365171
145645
8172166
7804491
29399
8029350
4190429
571173
1719724
7699046
8241529
304721
8154445
5316919
224678
48448
8183449
1707500
307722
3388138
8178011
1935592
1802651
4668387
7938755
2651061
7832419
7872069
7523043
7563493
6287149
8336465
2599693
7830828
645208
7754499
3882420
7856400
8095591
7920836
1709378
8172666
2729556
7895515
3166272
7783114
7956275
1003042
7531138
3825143
7539979
7825625
824956
7674625
7998862
7531105
1955717
8275538
8222275
7726212
7795466
7915935
8145709
7582789
7873709
7567154
307719
5857273
2569181
7829867
7526603
7905139
7611927
567801
1735999
7538387
7875106
43947
7818978
7783108
7747202
3443895
3020322
4785691
8087976
5346119
7603391
82771
8264090
1527675
932327
307725
8282390
3866701
8179121
7650654
7638409
5857687
7652604
7539985
7565812
5788165
1234724
2822302
3721322
7556513
2861229
29396
1264728
7915902
655638
7619467
2084215
7832368
1424334
2641920
7531150
7635669
1425295
7783126
1993233
5339432
6086892
7539914
7664857
7819045
7872386
7656803
8227975
7603406
2129531
7661821
7506599
8024429
7502140
2245366
8025176
8178014
7729267
7856454
8003321
7799526
7905217
7830831
7754475
1744683
5064388
7674622
7753518
7729594
8254000
7810005
7526615
7674858
3730951
2489818
5857669
7556483
7526612
1862502
1976871
7783117
7510644
7930242
8278428
2193825
7635582
7973822
1700905
7837718
8142986
2431838
7827178
365168
8167798
634004
7624899
1100473
7537972
5379075
3467912
91992
307716
253358
3991874
2638117
7912611
7766700
7503813
1423083
397230
7534966
7855906
7857634
5015265
335871
7884100
6318036
7619644
7550080
7973999
29402
7552604
8142934
1425304
7517335
8051947
6646539
4009821
1425298
7654962
7045517
581155
365177
304730
7565821
7736450
6038240
8115999
243191
7875248
7526582
7556501
7644645
3682232
8029329
2567758
584606
2475727
2228860
8236360
64559
7736447
8172268
629640
7665385
132185
3349823
334044
7875133
8165799
7930573
7282119
7606929
8095170
8058751
7783105
7531066
6335964
6539538
7656818
8154457
7542276
8278539
8156659
7674789
7805928
7567663
6038243
3665509
365165
7324646
7956647
5539368
7689275
7556492
1663182
438566
7905513
24515
8105902
8264075
369851
929710
6312214
307701
7558051
7856385
1246301
7783111
8212053
436677
7793365
7561533
7535792
115734
7712412
1231729
7905190
7579849
3855091
7736459
8296434
2440724
7685956
8253868
7721092
7537996
444358
7851816
369857
4341896
8154448
5537204
8314418
5423463
3986156
563011
369848
7789093
7526687
7548830
190441
7705508
3535015
7585750
8154421
5554157
7902818
7654968
8025220
7783153
7552628
7689254
3002091
2251325
3146633
7831425
1425301
7872072
1228432
8180133
7747199
6954711
8241532
1976874
8338599
176554
5424332
678481
1694267
7572671
7802633
8115918
1484183
