2381463
2809890
8590
5860740
861505
9275
2865942
109137
3056849
3696457
2613965
3024438
6447652
7547009
173793
2083541
7532500
7323469
5590663
2229315
5481795
188409
1410822
5094358
110416
7044835
7486391
1796236
3145129
1236423
2603199
2261477
7402578
1401081
2552853
160026
2820348
5084957
5772090
3507668
6443993
4416495
6504927
782754
2601237
266464
1982322
156351
599229
1917678
6112214
7877163
5566439
484816
1043217
4644306
2762013
91456
1012057
4136389
601994
354491
191096
824491
107207
2430692
5480729
546830
6394848
6197755
5178883
2432987
116719
842686
8090794
1626411
27573
2987294
1440379
8713
466018
439855
4420542
941878
585193
6115516
2447023
771558
1443029
1345839
2698373
1892792
832172
35634
5379773
7909832
3049253
480043
403741
116542
3958359
8046359
204806
3245394
2689483
6683592
1566742
969837
291065
201705
1229710
125621
69959
880389
1135353
2766760
172131
3394134
5903549
1754436
813219
4036277
7477636
2154510
3485300
1736700
7357391
7899887
2701969
2609045
7136530
5553966
4163012
3986626
59375
2238584
1331304
861847
648153
283378
273891
6422224
7662238
560453
8325582
480284
1698009
3507086
7823320
4269701
69950
572778
5477641
5403259
133634
1348720
6073536
3596013
1658612
353129
501413
258104
1243581
1105888
5788669
5370523
5476130
5336294
4259052
2070082
4640361
1526685
186461
7792200
2362072
4256595
7335782
4351601
1566730
5693597
8896
7304783
2584407
2215882
854395
234047
171509
2254674
6467889
820272
1273050
4144781
5795340
502551
5715124
3815869
2003342
6858561
5345813
761871
4269547
226031
581957
2128461
5564359
421117
7909841
3246059
4437465
542602
7252626
1965929
481372
2807961
2665184
1371042
4418191
2865760
2506074
174877
8181031
27822
1873704
3206585
5865925
1677452
480397
1893174
1710379
577656
5918173
5528015
2550887
5248796
144949
2811425
6167698
792833
1410564
7286337
637640
5862015
1017381
5426680
2330130
5485213
542578
5794785
7335430
2810624
850109
1633611
175080
3051972
2780684
934116
501449
97438
8149233
191969
259672
676149
894615
1674780
764728
211516
4593877
925526
112830
2129543
4841311
7667979
829834
1723166
842305
292221
661887
6182752
909604
763439
99447
1491962
2392820
6457625
2173481
518504
4476033
4907370
5931398
5532814
432106
164999
796689
1236582
4675972
1467453
5711280
1017518
53633
439864
9040
431246
793959
97435
2011507
156285
7784029
631159
2481487
5048179
156276
6345807
722834
667578
5578489
2701827
6248492
2338235
553845
1958827
783301
1109483
590636
3674169
184100
6961770
225103
7474500
5331122
568114
354503
3701334
4036187
5876524
484822
4154785
859662
4774522
7981637
197746
7083539
1196452
726372
67899
23184
7907384
98770
959796
4553438
1174438
833697
3106529
3007698
2122816
5860746
794939
8152162
7550425
7606071
7804196
6547039
1244883
7821978
299683
538350
3979231
938461
64778
3592426
225709
1436584
1047225
4199383
7545179
2699237
465713
2703148
828372
490379
2613371
1443655
1194256
213371
7041523
1389855
216960
3839566
6799474
7291100
828498
931381
5930140
354485
8089586
6437984
842530
292134
5359844
5540271
516104
99892
3909179
6789930
3494865
972841
89885
4161429
390538
1520030
7067574
4050851
1492013
7935653
464849
3153656
2259941
4261587
335503
2599525
484732
109146
1036206
1247610
3770498
2328332
504148
219221
291690
6298852
1284588
532910
466357
814793
504575
2268798
7032684
6435275
1051223
4363149
6354261
4130128
971156
78703
767768
234044
829846
4263845
2224255
4997678
222526
240645
4145662
201795
5906854
5331128
2129465
490786
204941
7773315
7173351
48970
7767819
858386
439903
2587627
2213579
53218
6210203
1465755
8009711
934053
4712881
1443805
3189859
7252909
303780
3479047
1819300
302678
2222734
954934
1664595
2266180
5443505
5071105
3959147
2973981
1873264
502629
1874683
3251711
172015
4516720
1101453
421324
507203
1053960
2869997
5257739
1054088
71700
1415387
5461309
7713455
8313051
1002910
1666462
1013241
2186451
2336307
343992
191636
7458542
2744442
1273125
8186468
198046
1273215
2198078
1927822
3737165
798604
191990
6431990
2253351
1237373
1105924
5469641
396011
3230831
2270195
7420759
5670347
6556706
104182
6768123
125769
849252
6443142
226052
990649
2863734
7249354
197344
109095
5856279
3849381
3530882
100009
6164863
8198151
1370434
575326
5978329
5802211
6093626
864616
466369
1043253
5627041
5537615
6559873
7784038
928582
3618145
4461019
1579211
1106831
561987
233609
5931785
4270167
1566534
7073627
799762
2720583
1410804
3233332
89888
764809
6513656
4465445
1745968
1910644
8743
322210
1108520
5930736
186059
990846
15553
752300
1712554
1944013
479890
1614637
6093987
2255529
5534936
759148
7909216
6419510
1753067
1249653
425383
3864274
39095
7531267
3763747
5855523
3016763
2182792
1413447
569801
7044037
63899
292137
909355
2257698
1961012
2488118
5857570
1534546
619382
197089
768467
926203
7106471
7447139
924829
5234200
482927
6607731
292317
5331116
3756462
8197289
5915511
4163243
2019357
876359
48761
2764378
274254
2766223
558506
480004
7419928
2155293
3153034
829924
435702
7726407
54434
3676893
1186021
5931239
5309650
1426389
4254809
4531271
5397741
949152
4733639
6394466
1348442
4474854
4595102
1677218
6133813
1517956
3967300
4139905
1774817
1914659
251169
116420
8036529
5829082
386064
8097771
4154728
380629
2625963
1371135
5377246
94359
1837592
1477622
596673
1763669
1880115
1436169
1415660
1993257
1243587
5104032
17039
1436196
6845908
183878
1660309
2125582
5497928
5732834
4597543
7183954
4266829
64733
225673
7905933
183029
8653
44262
4185196
71919
906288
236875
539320
418062
1443879
2068083
731688
5562705
6933869
1914032
6757178
830826
287535
671735
1566035
237346
175358
8090600
2153364
1555451
1487320
2082784
1488248
1314596
100099
23040
2185951
1920858
6442929
460326
1361890
1668767
542527
5821002
4529743
525305
277076
5425010
1309801
7362457
829621
109098
1249548
6931795
4991968
2868874
2099507
1185802
8097023
221020
799162
1316667
843845
7420720
1107172
403813
347739
1653953
3048408
3655672
5069636
1703670
1014534
2116615
3814427
6930201
1243632
623532
1293535
6781372
1644895
2272225
5405226
829801
1918141
8171416
5949132
959907
6431987
1410732
450057
551667
1668369
403729
2222368
1763564
828117
848061
836482
171979
661890
2601331
7505377
7536272
3177278
7130506
484852
2019917
934125
680611
4268411
99898
1243694
237791
143728
924700
3189973
3374837
189798
1782214
1874295
39304
346758
1436184
5658236
3573327
8932
7043646
215034
2276230
71799
6406885
100150
623642
1589229
1795187
1316471
541108
4623675
6918632
793895
6866127
2206954
6226698
2180287
1672955
5036191
5910357
7230112
5858091
2884419
4408080
1043838
973322
6352855
23692
1493652
1997650
246914
5709321
7954444
5552443
2612689
82926
1087220
1579747
128413
3799725
967956
6813444
159073
1823916
1203756
661991
861862
1088355
2224063
8284490
7728328
1597045
8096359
860001
1635682
87391
249241
4270740
6424014
2187988
350995
4289214
2697032
593439
7958346
2091179
1805251
835981
1383295
6551593
6865503
71667
5590669
3165397
2068839
1064768
7906081
4270991
8329931
2801582
3593426
290483
226199
2266537
2666486
472054
1250343
502416
986661
3282929
204776
1087409
2242153
7561602
561463
250810
815348
888882
3450399
8197454
7000479
570107
350772
1040652
2236944
2703142
1577398
1417920
5445483
2501241
6504420
1660291
7215303
86560
521978
6606611
558044
224045
1754119
1494538
16789
7910393
83698
516242
146480
1462629
6182601
4139747
193798
2124780
371197
1782333
154881
791364
7289466
6430692
1234159
59471
2798874
1410570
17478
275308
575559
4160021
1494328
1309375
246080
2665235
2070646
807160
555593
22313
1296072
815606
525302
1420359
44754
1053987
193756
56960
382423
1043211
2234288
1273900
596691
1893403
1277227
2173182
5486487
501446
504458
258362
924817
835225
119904
2390562
6117738
8012192
833592
7554506
1744460
125690
2052768
1314175
7713290
376776
1247858
850865
6944816
2174855
2810615
287547
109140
74421
2100264
758717
5502831
204917
1467753
501644
2173894
1761487
241176
1273095
5253278
1232128
1287020
422691
175355
5857186
1522675
761804
1053729
5513009
3993038
774673
807466
2000431
3624071
1119027
1230789
3697342
939037
679768
2698325
4143878
2181075
6396064
1822741
3871317
3566657
5461804
3232467
23960
667902
1433061
7690447
2081771
5576838
375825
772869
4146889
3592173
96905
1956328
894633
504151
1239577
3983576
2102062
470014
770680
8089265
2864343
3105851
464023
4418023
3482353
3961765
774709
7688900
5930523
1659524
1222987
480592
3703395
439900
6965308
2447074
236067
6435231
198977
7904732
172003
1316540
1893349
5591245
5420777
294573
6107265
484354
5542269
7285422
1696748
6465283
225983
2699798
1012138
4248950
237306
997809
1426793
1520003
5412833
612850
826569
26148
1153516
5419788
3763569
5701759
665554
1517259
882562
6149457
1371126
479055
480203
1316567
371105
7626557
44781
5533640
6049770
2070664
230229
221200
213248
8017535
19324
583831
3667408
291858
6355593
2058799
722096
78056
5394369
1587043
2466217
350183
3437603
2811642
2868966
3247151
2233617
3162133
1364345
815600
236914
762707
4790431
2286757
56945
1520018
1488642
6325927
5670500
1667843
1421280
5413825
6197077
1829592
59441
2131752
1470117
914191
204390
22950
5577981
814931
6943079
6358174
56978
1309807
5689053
2868533
7806289
221203
1668216
3995733
395999
5035054
3928498
6167074
780204
1508811
276747
2599486
1740882
3459642
226106
1250582
1522678
8268001
1606241
805045
4927850
116680
607893
105864
6418890
5960948
4444103
4167360
845844
3989086
5497025
7707157
110248
1309522
862045
113545
23597
291116
1237259
2487377
7806066
64775
294570
7818004
2686314
815543
6711138
1071130
156318
767189
390610
2811278
7112136
156324
4361396
5611966
1374700
7879956
1054034
2176551
382399
2613350
1494556
71032
1293714
439867
1873719
17278
597929
504367
1780456
828636
6112607
6298855
4597753
6600615
5864359
6381264
109068
1716334
1231594
1047366
1804193
1538870
7931863
792461
627596
842384
6936304
1159767
7454301
5390275
1173348
1230708
1536298
6939798
100093
202285
686279
48698
1024228
7683446
7693204
1333022
1309726
6222367
1233600
154320
7084605
6941361
5362694
5787503
456923
1057045
8776
5566798
245774
86419
5910612
839748
1243665
4267069
225670
2697311
1763567
323222
1043391
479830
1238170
2261693
2613347
7686435
204582
4268150
1146894
6846710
1125397
813626
3658526
5789358
1956849
8307425
487094
854431
295143
4681753
2862317
85667
911892
6875031
2651148
2468400
752327
1531768
78146
7783786
1237613
3679407
4144066
490560
6434488
414933
4161595
5369048
3989282
221206
3485303
2234258
4496018
60349
5796290
4198369
533231
7644864
5106839
6344450
190052
7902647
1748790
5878175
225863
6093996
186613
1513264
3583709
5861544
1243706
5863024
2666986
1445805
542542
1148881
187501
7044991
6361101
3164513
4148097
1489656
600162
7335646
468671
2254807
3530487
1448482
76905
5451344
6767510
5909069
3492051
5999836
6501296
668067
2186176
7096650
1439413
6782026
620491
4936971
5929333
1061037
5553276
3260114
154899
533425
1745965
1075878
2892080
8010063
76857
1203482
53636
5035324
1973871
2587714
686261
894654
7288889
7825444
1452803
3230226
894624
3304067
192071
860686
4623225
5528809
116494
202890
69944
1040963
5565218
1513986
480034
576964
4996101
1172817
6053215
6760917
1166518
1793652
1116977
6276037
7117659
6667338
2127019
948984
809038
3241549
64790
2061487
7317512
7356087
1653905
283381
6934004
2711893
2864622
1053942
7877154
1071232
1315981
9158
582241
445863
7268045
292344
5127779
116432
6449380
4143208
4195594
2097293
3534850
197989
761549
6254384
83545
771924
529419
2461267
7807259
265903
115352
1166925
558041
5506344
1415633
491672
383005
2600094
1804127
83722
668187
515572
5420768
249715
8159412
5801482
221176
1478779
7607934
250711
71703
7691038
7009771
7419481
6146662
106179
1042079
2652687
564511
3942159
179139
109131
480103
205694
466354
554307
76545
1675188
7809032
1275226
3658604
271037
866263
101468
2612659
5795764
2270027
2767206
1660378
5395472
54479
541627
749737
1433154
86563
3046787
234125
878945
1825373
5931323
2098233
337586
2172343
189825
6437408
215238
5862985
1309810
3183191
78352
2252383
1614122
165441
3621796
1705260
7589648
1709064
1294795
7523547
237273
5570011
273357
6846155
6467886
1308517
1999912
767732
572945
1410648
1728641
116518
2981752
768554
1585437
6676037
54552
464167
3135999
1805413
516080
4378153
8341514
4931230
4021264
2165082
7726687
6847432
2311536
1399349
4008109
973277
122228
226181
5918803
3504533
1921700
2243412
6327801
7041544
1805272
617452
5865781
4033586
1072174
1364304
7554276
6397873
1312336
1668932
337579
861796
3866116
958162
5552935
119789
403049
69991
1041629
1503774
1036200
3955024
5471706
6933722
24376
172849
6115855
1053948
3483180
39461
7000482
861655
937869
5517853
1786992
7761917
1332859
1316647
1107169
197983
727887
3841199
1704676
969834
539935
1790074
602677
7815773
1748227
6687316
1309627
230061
6183326
1294570
57095
970137
1308190
1267655
1078354
2820392
926182
3164168
4692741
398703
3540683
484630
4573319
3266150
150192
539317
4014607
2698253
4583614
970092
2800924
7137692
2070712
222973
5340410
1267733
2068812
908381
6151767
6307598
2821901
125588
2531321
2629013
4410973
596858
5363235
782298
5473559
516107
829747
1415654
5105756
2186008
2152353
4220151
3821455
1085735
186314
2998726
7102148
5662385
763478
187701
6498257
5861541
6532371
1918518
3232050
8665
2297539
452840
7631396
5964118
99414
7394591
153097
6436546
7281615
3845800
4702144
1889867
2503016
3980582
8145961
843800
925037
1060262
5453599
5341388
7902479
1040441
2831226
197677
4753396
391146
477520
1739795
740003
1424451
1028729
6069889
6428395
686396
7909838
202078
764716
2474981
8926
7458530
7373227
577625
4934606
515992
5562597
829966
6178729
4721385
5931003
7304426
3250544
180436
2804486
3960762
6421303
7413607
4008640
1691272
7830529
3968782
2205687
4005591
3156580
505107
1194238
171515
1638627
5536266
67893
3283792
77109
229220
236881
3595066
3981011
497558
8148839
7554183
4266400
2354765
6050112
6038593
125393
1195015
2355203
5487029
231154
3843318
894636
2616942
196731
3050015
1436820
6431310
1797178
2593326
3531190
294479
204624
5686522
9170
3180916
5498626
7232121
5658773
535751
1133840
5931027
291798
7073773
7388327
7875100
917488
2173229
1101303
995638
7134808
7686295
49545
2254082
1247751
328446
2491055
2179423
2139006
90659
390568
570074
759211
1964141
171380
70017
211818
2270366
1739143
1890694
984079
2236854
229202
4143935
1392649
246349
539290
1522411
1969020
1043235
1410762
990720
1660366
909679
5560846
4553627
853297
6245741
3174930
1712512
221158
5965333
5156820
6071343
4530614
1588541
829888
6954594
4497306
8059376
7697249
148798
5565971
4200431
2045590
2164079
7032779
542443
1153726
122121
487088
3192580
4269659
5859720
2983625
5709273
945529
1223038
967651
559954
1044468
230184
1084955
5855931
1272977
796002
556438
125234
237204
1226328
422342
9082
521219
1429733
7202300
1602203
6149858
5003967
2249820
3771121
4334474
7713344
2249641
4152499
819316
1999460
731301
4259776
480010
8037071
2036839
5331927
3816350
7103057
432984
354156
6167089
896452
940794
466072
1416306
1571181
932927
861844
2523487
176175
1148058
987828
2168866
2813986
5654631
1494754
2067005
1221657
2129949
8315816
3739094
4189405
70591
1852913
5866408
1215740
945602
1887837
6657458
5432884
86100
6551379
924832
5642515
776845
257651
2485043
3674856
1769437
6073932
514300
1236854
354841
5964942
1043241
229175
7545135
8169616
909511
6390246
59528
2865969
7917197
222499
1522666
1611196
6534193
546818
5567284
417254
3829098
122094
7598992
1271175
1509207
354811
4260000
1610363
83650
109155
1365531
516859
6166613
3237804
2429283
3214856
600183
466295
1829151
858224
2809809
934098
5929938
1781900
894561
145842
6935453
5107119
1826444
6604569
2234261
3580644
801992
2699381
583789
5670470
7544226
20296
6117888
2720022
1928201
7637960
843716
794870
792470
1431463
3955840
8045081
5907963
182130
1679997
843713
5428833
843737
1853077
4544550
586843
1227899
2210358
6204759
806862
186505
3620668
6221547
1604772
829951
6539398
532946
635858
1153462
1914683
6289248
1614134
3488963
3573267
171787
448497
348299
1914226
100084
7935036
237136
958912
6579768
1237286
2226071
6699865
8923
502563
8259713
1309579
54549
1426520
20944
632298
259423
582790
3844146
105978
5737968
1012670
250924
1728422
4137697
531925
2124804
5656291
2078061
678568
1551570
3676755
2699333
3430821
4190823
7588292
1861169
2180353
1416345
5880865
5855934
28116
1108880
923773
4502163
7858732
1088498
5182901
3567061
853585
7394705
1503703
5109659
7902650
5337979
244974
2332643
6121799
479758
219538
5860749
6468135
568060
1494484
1635009
815351
6667285
7472022
100556
5194895
4517100
1237628
1539981
1063177
2679614
3674988
2776535
5856267
972423
585301
5889990
8088902
7096755
431252
627643
3983642
861814
820695
379868
151630
60280
113701
832855
472846
156393
1805269
297464
2224105
1554906
3286281
5699447
760357
1928743
6210221
1081487
2251742
5554109
6177364
7563708
6436791
21927
26196
345302
4206425
328527
5859885
1584659
1434844
1522681
2157930
1972732
6026797
432023
1273209
2162788
7338321
596837
5075086
3678339
544896
4938363
5796795
184438
4150213
2669357
3999000
8330242
490181
2019944
5237998
2272417
4262822
7743737
1575825
5498080
3564199
810389
2778746
2601015
1152765
6464018
6182487
5671234
4996715
8524
249638
1087631
2311390
7075577
2177874
5256886
2185954
7073435
494767
5625088
1331554
793220
4551819
1053798
2116019
1159701
5498359
3509359
1686448
525308
788581
6847501
6689640
4692378
87634
7188390
17721
221335
585292
5096319
7801397
7295698
1383027
100595
510533
1085572
157388
4306005
6678262
2758099
6428377
835960
2198333
83683
431255
618391
7254383
2611189
1020214
5801603
5590174
464101
977984
1230028
125468
2612761
2637943
1603060
968992
1994770
2308453
5737971
5399796
2435569
5848104
4546175
7897148
717761
70123
8306260
4410508
1509228
6408114
1101165
1981509
1181277
2629523
4271589
3272871
1187
1273260
685673
4597441
1774743
6682249
160872
5341409
5959735
990646
7282128
6021954
354748
840160
8169763
980889
1381346
5528968
5011082
5368477
6294392
6329079
2114130
3519526
6656880
5853657
217857
539008
572004
3731349
662030
1910605
2627243
265882
3962572
5096025
7009384
782757
5929649
1554176
1493337
396220
864733
3984260
2783109
2109315
804456
1687570
286911
2601018
2154879
1085602
1737269
515632
5759271
6675163
553264
1151057
77031
815675
222738
1243685
768655
308953
1470417
8145351
1027882
59324
71697
6670296
5829208
4257857
2233344
5533241
6845482
1215881
241284
1054079
4697928
1309717
1451054
3747210
131630
2221573
283432
5499303
465950
1499753
3283567
1078390
2268903
4157067
624221
3367960
7054875
241572
974843
2045719
2703250
3666277
1706788
5460298
5929040
4375020
502482
4008070
611638
3663861
861634
3500790
4144610
23304
6192561
4597351
1367568
7137534
5503221
358770
582306
3379353
5917768
1440612
4652434
6213033
8044619
6413956
4466662
532742
161726
3107148
6199906
2691032
758720
892482
1309681
466078
1426594
624164
1819309
28245
1694319
2131201
5445377
5498934
6700452
174111
6331562
1060036
6873757
6845353
7644312
836435
4500791
382196
201684
63857
730879
5396411
7926921
1364821
1645221
532547
4677381
4153312
973121
6984807
215040
3744271
1153900
456219
2215444
5864830
204890
7073096
1007853
4263073
6476582
5553581
850829
1320220
236824
7724980
465682
6047413
2562687
906282
1337858
4496946
6673624
1927436
67296
1407620
7676313
2809617
502593
2599849
1417941
7500860
109107
439897
6359637
6782516
6532586
6918150
4553624
2318417
4268504
448767
1436715
5543264
7289370
909520
7420561
3233097
2178310
2772659
3659062
466157
2699375
1701775
5381717
7635505
466139
2169676
6934298
2108570
3967306
6789011
6359607
7201722
5537501
783503
755701
100216
2052489
439876
3642073
1829145
1477628
1274098
6818188
98989
843848
952740
7821201
3176819
439846
1928260
100647
245987
6415736
1063830
7693588
533563
7693942
8241571
6051760
970395
1493592
1410867
1674685
3288575
1070061
229199
6260445
1364972
1611220
16235
1054109
870939
5617957
100096
4388192
385016
4283787
6075421
2238820
584014
522906
2150532
1107235
219822
429437
1696628
196950
1308772
660684
1955087
1640273
8587
1416249
6059310
4261796
4006662
782295
562622
1495024
990702
317937
1371045
479178
4597288
2126671
1130219
611154
971204
3768516
186449
403759
6656973
327048
945429
5105430
2258514
1494757
7880070
6279668
408532
7044469
502641
4143271
3181121
204866
2214868
1503950
5722456
4380913
5062565
6868605
1397629
926113
228545
221245
2446401
3535747
131660
3433112
3908987
181354
1057417
45147
2014730
1207405
828507
7310775
5552959
5761726
818905
464990
6443888
204782
71355
1526620
6513659
2811083
6191213
221287
1880127
225830
5866267
2131243
1444332
7362433
4134644
2245396
1308139
7546170
1558080
2707561
156411
389900
1047348
156237
1993923
3666778
6291464
514291
2238892
1439332
5653761
668040
1288423
7043980
4418838
7713146
4390911
3167735
7790685
542440
2254555
4356326
767285
1782160
1926964
2389645
5866051
789311
403256
1410561
1728428
1916555
6342057
596655
1933491
382384
3662859
224042
82932
864574
1153435
429557
234767
3732912
1109928
69808
3983493
2865602
6740854
2159816
229241
403714
768989
214715
5251173
6932320
5962143
2018328
2433969
7928394
7950957
1040444
1748940
236866
6574848
236749
5796905
4930814
1410939
3338041
1233828
6934124
3674097
725366
5202809
439798
213815
780297
1692913
1056934
1886972
1167093
1410615
1050240
864595
465803
7690297
1233870
6380146
5112572
6736453
8179551
380450
226094
1281651
7128034
2161270
6215389
842465
6122579
2270225
3481002
500052
969711
7690111
613084
3598597
4259488
7555588
1013497
6051964
479872
4114673
664250
7064468
192005
1933734
4814878
878011
7229966
6167908
1611139
5780789
2466874
2248781
726021
291206
7704112
5861010
396942
532583
466497
668064
212914
504554
527511
7801403
2600652
1360670
5689065
21987
2971761
1085876
2242853
8089583
3394382
1946977
2074390
502252
5855526
3160687
3829077
6119121
1712464
2166475
447834
502279
76350
2327334
1227064
1338975
5549820
7907525
1165551
2489309
806596
6494783
89626
4291004
1666691
1080567
3622100
6708232
761349
1274190
261747
521267
2757363
7038207
970023
1712515
2853938
480919
5903531
1357019
8091307
116512
1739360
1382904
6307592
1633416
764470
480788
1272716
5875118
948954
7291145
5854732
3284530
1596300
5525332
4445210
5460776
814796
1072546
186500
2123395
6150105
8181514
7346007
153161
1281431
529032
5555141
1267742
1009482
489953
1522582
8842
1203753
878948
4533367
7286300
1853083
3839521
5762045
1523808
1422894
189819
496381
36836
768986
2358725
108722
1546129
189828
83740
1668567
4531301
2107320
1664772
718545
95150
2699330
226013
6494479
1345117
5738031
1383241
241779
8169308
1383304
7452813
4015736
2264541
2182753
6581510
325092
1626447
4571268
4737464
4266832
4050737
5856998
7726993
252820
3980747
3361259
5358962
1982734
1273170
7102270
1029035
197413
907519
1316090
4219153
1418160
327429
204698
204704
2808729
2129387
5656530
1477007
1308016
5068654
325853
6671104
2781315
815411
1047465
237288
3223301
3704098
154920
6416808
3804785
56909
6414852
3563040
1309570
7648212
858116
2070106
3151257
464731
6766694
1577832
5102468
2782361
152069
7691526
1493794
7262091
7879706
1283025
7919971
1652075
1183110
6116380
313381
613120
7072943
7538564
1668375
7001172
763655
584032
2802773
181781
895685
154293
2373579
91462
6122729
64217
6436462
2821770
170956
1230454
36377
383008
480257
4154376
4086229
7290978
2173361
4152466
1709837
2413218
390532
4302776
27537
2175656
1337667
3699467
6989483
7073396
294625
6437177
3131626
1379116
2257468
5871407
5553300
4747594
1273365
174433
159256
7495110
1325133
50811
1763645
3265139
2239141
6259816
5527207
1092256
787804
4199524
2763924
5771335
7654411
843628
5619772
930698
7598904
5417283
71811
975080
1436721
1087034
265921
1512434
5854432
198040
5537495
190796
3440396
7802072
70113
3960579
7665850
1617516
4206924
3223442
1362133
2243196
1237649
423897
778216
1064711
1795768
2807469
291259
1402092
1519555
3245403
5796657
567834
203241
8063524
2275124
4593539
4345805
829900
2206321
4253140
1296402
1651928
2483149
1186015
308419
7865800
815042
2278617
172852
57053
5874631
6702050
357800
761018
738602
1262043
5960049
840379
864496
979880
7693231
6604563
161982
2329050
1414001
406137
8192369
7721477
683080
2638006
6933878
1244808
466142
188982
798673
502255
1097817
6238468
257072
1497911
236872
1468533
1963979
1101261
5361975
2231921
7873323
4777145
1817037
4416215
7602351
7707527
1047887
4935832
159142
1563728
4933497
2215405
3005872
383520
213169
39419
7411589
7786207
1117143
2772830
2328937
5798337
3055005
4163473
2158395
1611151
5713089
896578
484828
2139693
1104481
1611169
4366142
2702941
96740
3249160
4985988
527809
2068818
986118
5862213
69847
4992725
7562069
7420696
4443215
7318692
4070176
100279
1146274
989597
2167895
3801618
2102339
4530746
768623
161780
2760525
4598635
2240179
2298781
7850653
7237588
2553855
5714938
782706
225854
1829142
16381
220885
3177685
3575313
98157
2401530
668073
5492460
3244644
168650
776830
100138
3283400
907663
925079
564307
379664
1041461
1566435
2186596
4935964
1152477
4410766
130408
3363990
850301
1922570
3443579
7374700
193837
2784607
1916945
820761
4598209
6540684
7187191
3592959
347147
958438
6675806
7317557
1519759
2871748
5525856
5714475
7318281
154224
604674
3675048
6760821
5962382
7353390
5862099
139734
5555378
7110454
1647513
2205839
7041970
767300
241152
4501686
7095043
1237118
235792
3005875
1560222
1755510
4140498
5359847
4334477
3737412
5226800
1566920
789718
2806067
56648
1002674
806695
1477649
584005
1752692
1956304
2869868
6995656
533695
5541846
21499
4598290
4107629
6180079
8116447
932603
6768961
1961284
1294715
67995
1534117
1647651
3965947
7043655
1687990
5353275
272037
2223337
6166000
502653
6691363
730649
7979276
24373
1072204
3983561
956633
291705
6142974
476856
1758751
556604
4006925
1677422
521801
588065
2823319
5860692
7422097
2757779
468665
4596418
2818757
1781803
841931
7655478
1004500
4269328
8262989
5331879
5861211
184391
8143147
504569
1712548
3627627
237231
829852
2555643
5088188
6515726
3970805
3996092
5445540
234596
246298
596553
2981654
196050
842536
3671970
7123748
3572539
788587
2217766
5613466
5322118
8216013
2616624
2565211
2272955
1660431
5508305
17796
6182236
3622656
390571
2550154
501416
276507
3965761
1712467
7866789
893677
880527
1494958
5070195
5977341
8193502
4306649
2253748
6679246
6428374
7555036
2435962
2127466
5859723
7072979
1687402
745112
5533760
758765
559013
761916
1026989
980880
793244
4140948
12321
7953308
1435030
5341795
2697989
1439260
2182589
1307737
4083766
6183632
2425478
2853665
613129
143477
2827573
1247838
1790020
3285646
3828481
902351
5717277
776836
4163452
2504895
894651
3231847
545034
1925579
908525
5553992
156282
2230552
5273428
1070240
686156
1003759
333886
191680
63845
337564
121196
17835
275233
6702410
1990594
1513270
7692160
3955981
6484523
7044154
3501934
1755561
170934
4502383
473520
3461758
418089
1492620
1628159
679515
1467756
5634091
16684
1969050
4324545
2777488
2197355
2769876
115196
6787552
8647
244929
542629
2659233
1769280
1091381
1566923
792884
2038393
1444958
1245462
480058
2173595
464644
2074387
2195714
2186478
5532061
2717175
1152351
1262147
4380835
1431415
291095
115339
776776
806701
1743728
2065002
435786
5909426
273801
7115721
6463576
1912972
861685
5535865
358894
4272693
683215
6751624
386839
2757626
468871
4583254
5709198
3189850
8770
864353
894627
197815
2405448
5615666
678736
2189238
5427693
2554307
4198981
5290543
1967337
255689
515989
2555892
852002
5798936
4652160
479025
2653834
1490926
502647
665482
7284408
899448
1137261
635768
4046832
4005714
4200280
1125046
5341597
133202
6431684
466211
225682
1920849
7626623
4252086
5702566
3108973
3722153
3540554
2652105
532673
1436964
2612746
560558
35732
819304
204537
731853
3994072
1819727
5767494
479232
58977
693193
5322694
5676118
7801592
418116
1921020
5931054
686258
116363
894258
1499750
5625727
639118
3161841
6204804
2600005
1532732
1626297
7705654
596285
5884805
568063
2781161
86004
6182912
5560678
587200
1397314
1852865
105918
197668
480601
583804
7040429
478939
7419838
7041817
3991044
1611214
5880386
490824
1273047
7555330
4564224
108370
484645
637820
8200281
465704
3828630
1085900
3975509
608920
230166
4155407
937860
748310
5783517
1028049
842344
880476
3282986
1436629
1308994
2620124
1159290
8189085
1101366
2425056
2445296
631989
1147733
6607528
221935
1439311
5930697
6534594
920253
980883
2744544
6380418
612745
5778224
390700
7801406
980994
861829
1133864
1712674
101100
234170
2242453
3002319
1429127
6416802
2159726
114820
189816
780135
792866
1186024
6049773
5485429
4455664
1237901
8947
1184965
6844337
2505300
380626
58983
6349222
1152081
7935746
201741
4115932
6205740
156342
1029200
822829
1440322
5856720
2228947
2070550
1432917
156291
4201277
1460222
6222432
447795
7987948
5542159
5877709
1926921
1255294
3393126
5861547
6891047
5949135
1205647
3505182
204803
2696515
3989942
7772704
236722
602611
75627
754337
6143040
4886002
980856
2167985
776821
4738802
7869877
828492
2112155
2435590
608157
1523014
3670044
226460
7556333
923632
7630399
1295912
463536
1661165
5034722
5567281
6503258
4592039
2003868
167926
1215680
7558357
1116974
67959
945396
2109258
5080485
423957
145282
583807
7294240
1247985
186125
8121668
294076
934023
2162058
3735440
8201429
2122117
116479
2853674
215031
241689
3967956
7586206
1125400
3620452
115367
1429184
258437
1436784
3696136
3981179
1078378
251685
2864211
292242
3539155
2511288
4165659
601931
4266799
5074483
6501290
4435961
1247742
2242901
2232838
2202483
465743
8656
403142
3911095
353952
2466220
204495
6675800
171488
4687335
8248805
8095351
7503424
83569
4144213
189813
1194320
1499206
99874
54437
5460511
514327
5732831
1047492
923671
613150
4632185
2869814
216879
774787
1368382
5922338
2313848
1961009
7637674
1077398
236349
7688921
116560
5949280
7396828
665485
175125
4564655
52998
2220626
63866
1273101
4406685
39301
2118994
2564622
1331333
2406210
4699991
3814382
1272959
1712542
1095636
959317
4265170
1370571
1412
4264453
8148463
1101156
442454
6184282
1823784
3797893
4979403
515626
5514590
225812
3214795
909445
4841489
2127988
5930754
4698478
841196
515719
6191985
85151
325065
763724
3159222
48840
1185967
1999978
7583475
5509353
5525032
838365
69908
7436389
3282659
5208953
8047980
671396
1153222
105733
4140390
24331
5564586
3964121
502557
160041
224840
718536
8256908
7201725
1633419
479229
7911295
6428658
2181102
7648218
909819
204672
956612
1043256
597122
4305987
2736563
6852563
1348472
1914841
2549671
204746
5532127
2158302
2133467
156321
4190793
834913
258230
1105939
7519314
142126
1502418
1333335
5877972
3533912
922493
485823
225761
204657
2782734
3656298
6724082
5858418
1535334
502341
851483
3479044
7636876
6781276
623505
988882
3400147
338097
340166
5856165
1030069
7561940
1117362
2560104
3424835
439927
4295925
4596175
2702239
825655
762582
3184008
6300642
7233703
5168384
32741
4500926
398472
1436563
8797
466235
5658239
5416700
1921990
2887227
6994768
3953429
835550
5930763
2250597
2333710
465806
922837
2468460
5684809
8020508
504551
5872694
1996377
414854
8068894
5376038
3264668
7032425
5117260
6436552
204516
7102621
291125
782748
3246773
3466281
1149096
7397671
1576089
2176320
4415465
1243703
2125513
3738025
7547411
430115
9013
480212
1576879
1497040
454461
5515408
298715
3822644
275239
109071
252975
265987
2725139
1436659
1360646
7801970
191993
8818
1874480
409402
4356655
1515299
437501
484351
601742
6682665
106101
1226738
596282
1461240
221269
772800
4192983
596372
3189853
1584604
477928
1203545
5521133
907980
7665177
1121016
109200
829879
1153055
225697
2702629
1486709
1243775
4411441
6431304
3816299
3167170
1822786
6935876
6943130
219376
1524791
3814415
924688
1685309
5860321
914329
1247916
2581553
1462247
613126
6142941
6671163
4260479
5032768
843755
6513920
1272941
1470914
116647
6708274
2261243
4529985
344997
2194642
923053
2802098
15478
435404
4336211
4950531
465851
466151
5790329
764719
834916
4971331
684327
7553309
466223
1775976
864550
619128
3659498
731712
1083614
5960415
2338694
1173282
419083
4597177
2836
1237451
386730
1847614
1522684
1065181
847782
1064877
7435510
1847506
283429
20488
980566
4097229
1638456
1926928
442674
5859879
359016
2810351
748029
3267537
409273
1042050
8623
2823325
788590
350998
5496851
4596835
1237391
6039624
8148433
1316579
464800
1712470
265996
176199
64199
1174393
5930949
540361
3162031
1193308
3847974
1706952
5554721
5368861
1494832
599988
959994
3174030
101552
98740
1173543
5527041
354535
3984335
6343640
985896
1522594
213404
2586130
291200
116453
3181364
526680
8340769
4802369
1910138
439690
3366521
4288819
15655
2171797
8276624
1757085
2546861
550226
229205
7941618
790944
2221444
439930
1494550
6789020
5714632
366212
820518
2126719
5340078
234164
4134425
159184
7872218
4400156
164110
2765126
17317
7677713
8154115
3551225
3765229
7802081
1494736
945507
7727337
5806943
4594819
127312
85700
3605347
670465
7335872
4165570
3540557
125258
2181445
7637943
2264967
7759307
1420383
5188735
3245205
784295
70110
5225054
5929875
3282995
5331137
5789772
5858385
447601
22014
587203
5912001
1243650
821764
66948
194970
4255194
955894
292296
972568
1818277
7572938
5163965
667545
6600967
2009817
75645
531164
1196373
5930021
64466
4933449
2769089
2052280
3944124
745349
7508017
5862459
3521928
6763786
2205893
2160336
6378214
921995
2153072
188538
228530
5397638
6071719
1220502
4566471
5767485
861640
6431313
16294
1230273
4258330
1273269
25941
5571629
8061427
1748254
2427462
1220857
184423
1194223
1622897
627483
2865587
628283
96707
5903534
1675215
1659843
2629225
2434966
4270574
1902176
5331125
1237370
1774790
1892081
745466
7375878
6846007
612520
7919899
832477
2442257
7362418
3394385
1072124
204456
5102606
632286
435509
2886223
3675874
5359239
2334989
1295280
319611
450042
358926
5423135
69868
4377438
1615592
7631420
635804
6932436
5903546
7421286
2671229
2697191
123547
1557972
7345702
5640515
376609
2240314
2987183
6435147
20566
4595842
2885572
1056943
795026
5023844
2706720
454142
2661832
1272848
6057518
2231615
308491
7405983
3158346
109083
8089734
6580865
1426637
1819733
1222990
2803910
277584
459314
6432035
1363886
466247
2491805
952743
5853507
5670482
925040
131304
3696103
5359835
256453
2865700
465481
7500416
1296781
1818667
6449917
7032681
3283642
1127644
4929856
7552500
7545397
3432386
6966971
8203961
5858775
156908
6412799
6988470
205781
7291067
5255946
3167158
82543
667347
3163751
1810772
4479139
1029350
6673115
2055167
2206408
564541
864873
2827765
3049103
2028055
976059
3971041
2774811
2773573
3214075
6432404
2882281
226172
2230795
6381292
58767
4151308
2127904
5732843
3206405
1835077
369992
864547
466154
2629421
8188419
1288009
8256857
1512512
154210
1436539
133430
354580
2482774
5872583
7665276
2701896
4753719
1243548
1013067
342490
8116841
1765536
44712
5331131
3841544
2075124
1443721
5864794
6514051
2553577
2005413
2110681
1041370
1032800
1729666
1332377
1429259
457162
2234506
517473
1674803
1298866
172663
439801
596676
192745
1174916
564046
1708052
7694068
1108109
2260658
4473357
1267553
3667453
1136659
4516834
2229725
596493
1293609
1818580
466331
1291166
3862026
3419203
648138
1040776
1433161
1515726
1247808
494968
8149424
5331140
1705143
26903
2095625
636604
6415401
403106
4120405
7648215
2159044
2805755
1644967
7910456
1712527
3194069
156315
1061058
5686686
6312900
6422320
4501134
850844
516739
3658038
3150046
7818581
2155123
1133873
8147645
6368396
1445106
670540
119783
861007
3735197
1196935
1309636
894660
100129
8229931
1183364
423954
3820142
1167033
5340590
1070929
1006024
840217
5657382
6433139
5248772
5965950
87793
278833
6701461
532592
1892489
383758
5451142
1635065
2125807
56732
236941
2840
5091041
191237
8285
439687
1674715
5506788
494623
1668785
98142
539017
2053919
3809854
1474452
3177670
2852855
1647612
850853
7708520
1421349
1815233
6435278
635825
2872231
3987281
7262311
1439335
1110104
3176307
955754
1848862
7284702
1528123
4432564
806686
5237529
1272623
541111
6791623
93548
23193
850835
2632223
3419017
6023618
57122
623616
1113984
6797420
6689698
1220593
5909828
2244630
6348009
2743209
6667329
1925319
437516
864906
5961277
154260
2641638
1243697
4931858
5885479
204743
20605
236806
115160
1893361
610096
6230659
1194374
5689208
3557251
4995510
2068335
5219121
1388727
1363862
1410537
945642
1107304
6358203
2266450
1470012
204725
4190802
6183452
2268900
5038365
1107980
246295
5114932
245028
6329127
1053322
2613005
107860
924823
2133665
5737980
422895
8256905
295887
1060771
4541326
4003720
4980536
3993741
5469824
1674330
5074330
2206654
3303748
1972354
3046760
59540
1274610
1243709
2424735
6045656
6406095
5395475
5532256
666152
1153690
5862994
1542620
686210
665503
1263238
5860797
1243668
6134854
4375008
596670
2628924
2780158
1954661
6226953
1028619
2215438
159088
96260
502201
1119415
5552494
4291019
308914
1272998
5861280
246313
99554
840250
2837633
1223074
1002916
7136803
5863942
275278
6641428
7291157
1192256
5103500
6431424
1826450
6830196
788566
894630
1884691
1140135
5902401
5947777
168461
156557
6722409
1267562
861898
7041496
6408477
4258717
5057800
87760
1293669
2289086
5787158
1002919
7062505
346687
2054000
8599
1087995
1014546
6429210
100072
5799976
6779175
842408
2154516
439852
6513755
1577242
3942162
6450486
4978630
1914668
211579
1853116
7708502
6990448
532916
5785955
245678
2191642
150198
1969062
1916549
683095
191963
1805248
2702665
3538355
756156
3349692
6701626
2781076
596744
3174603
596559
7689308
5467787
2635178
2127085
5096833
1029257
7321999
7829019
1237313
59378
439870
358941
6928973
826415
572199
201780
5445068
1136656
2237450
1101495
740129
421159
188887
7177149
3706253
7102193
6497890
6329109
5410749
3181528
4956725
3437365
274257
5112557
1309516
2123436
989257
3128121
2310276
1005754
533752
661994
5494740
203846
899891
201068
6872077
1032125
745622
3743586
1465674
2562693
829681
574285
1774856
2176258
557934
829771
2673466
2701845
1616626
460831
6489081
5517558
287570
535461
7175913
2664034
2171670
1267778
491726
1696751
540686
2535876
3538104
2128890
5813316
2308996
63896
3288422
6786388
1915584
275299
995935
1566926
5545262
5093883
160785
7727065
5815242
703090
6939560
225869
4270245
6859778
2114106
1423376
3871245
2869528
4122342
4950058
7043151
1249617
840055
4614264
521126
1917544
2159813
1575789
3001232
246791
1930082
2756114
283480
171759
2319895
817016
361040
2613275
4350504
229223
54558
172018
2235900
861754
8128534
5110495
2088494
7294246
1224169
292434
1633413
4324731
2780134
4761863
1513156
5562795
495603
4211157
3160903
1847650
4415516
838780
1496935
3821458
7188040
907435
387880
3237813
421240
5929643
125706
1988423
2245309
5931706
679434
479247
1956100
861850
1556738
3771127
2600373
7172636
1214423
5734706
7881998
862636
6054896
1536591
1364791
2155173
7515078
2232017
7096638
1249108
2266504
7486415
4548539
2762049
1853113
3166076
899816
5365187
2321748
1403411
223985
792797
6428272
4597180
2733953
6935597
5911483
3636107
219855
2000191
204425
6260457
502282
894576
479202
1081472
533273
1987783
56657
291236
7689149
3656112
375807
56918
6342609
7637039
7544160
236650
5779177
5552778
4995007
466328
403720
6541853
3868
2228148
2269265
1750942
1558050
4134629
6758885
6397165
924457
533017
2611840
221836
3909056
3810004
4997675
390047
1118985
1913984
6746199
540477
465788
1804181
5825481
4111415
1442514
4879853
6403980
4944488
2147297
204740
1519943
7029768
1018852
205784
1928400
5531631
2413188
328482
4586685
762421
1614655
67293
2184089
906919
2098290
8126038
6234813
4141463
1838989
1054052
221224
990843
1203708
58923
2807661
2702041
8251196
2165401
466088
1410600
76791
532571
7216041
265879
7637425
226247
5421633
114838
2852720
7697199
491340
1647807
8304486
498479
1603063
1307364
591433
8719
2266540
6051658
6343649
354601
2234453
7644309
464125
6665792
88066
2761185
1553316
221125
2866821
909280
484801
2871107
5879119
463256
8249469
1845259
7929061
6294949
7702519
575291
825038
4384694
8069968
627468
7908358
68597
4596556
463611
3967113
2561531
2053412
3949696
5690609
6873754
2156632
1295924
45153
1640345
2432003
99991
4257860
5200115
776875
869052
6154785
6242270
4406256
909478
2444679
5831890
533704
1349017
902357
2397772
1194398
4687287
2258532
5865475
3756507
1193284
6876818
3553946
8051411
231697
100144
2776115
4594195
981186
6295367
8283746
1465635
1101576
2165443
197590
1023635
931693
2110437
2520325
64205
1125037
718810
1940229
241530
978840
1577977
2809614
5430321
532981
2616182
227354
3320861
1081107
78223
2126725
1424047
5569690
308407
5829028
5315200
2601159
82923
3168139
6755268
931690
1914307
920319
7460277
7661234
3047854
390502
6296502
4700228
1272809
265855
8119253
2179426
3676204
863465
2979814
3312616
619155
6102062
1029341
7632054
3863628
2685463
7959329
3816389
2870096
1136677
241794
6402220
3825238
5656372
6313492
273678
612967
7126896
1765605
4501908
631935
1320211
2679038
1183216
825652
894573
8089121
8145721
3509502
7391414
6657216
1790858
2232326
847866
1832221
1707458
2336235
2698286
924847
7697542
491313
6043732
2587144
899685
952600
5127872
7292184
221134
1918772
391751
797791
7338327
83566
5802097
398712
5815741
201714
480157
4051877
1787250
7102142
839767
1913755
1835514
350855
3557751
1519904
5930173
2256174
6567209
80047
2254088
1374858
3264671
5789913
5857076
159253
7683526
806698
1795138
1167090
7659324
1653245
23058
4156828
1202174
7694591
197752
156327
6513917
4406955
6608492
502192
403735
126767
479262
608959
3971690
5866009
2725937
6683784
466360
1118871
5464141
69295
6424446
809035
4083991
7610559
1696601
2985612
479896
2237858
4267379
842617
1101351
2329963
9362
4455754
322207
1640276
794415
689540
1696364
1963847
1185796
97441
1200869
1439368
226091
1503573
8040813
2071122
237124
4163063
3249790
2469567
825104
601982
1054359
6099125
2182541
1841856
76707
986124
465929
1867422
1191947
1641816
502335
192002
2100483
6474182
4886185
2801439
5866432
551727
7084650
7796144
1499759
1467759
308512
906793
58986
2120850
2398852
2870009
5677683
7854056
191228
2250534
3928298
7542441
7612004
8029599
390643
