4955957
2637775
6044170
5654775
7704522
6185417
1969930
6687620
575829
5922299
6963239
5603263
5557428
168446
2694425
7505886
5533420
6483923
7896883
6276208
5579626
2177006
2109300
9416
6318647
795793
5886401
7980245
3649807
5484661
5454593
1462845
6328464
5360245
5646111
6405098
7063707
5651939
5408918
3486238
5723564
3937632
2681311
7542147
5792214
1292843
1836247
7898343
5408129
199897
1890362
2536409
1023866
3239201
5314440
7676465
7531722
237839
6427577
6177852
3540623
5898524
5571614
6368351
7980670
1918718
6599470
274188
6377983
6327358
7317050
3936894
7090691
5916700
1735325
2220836
490641
7993201
5359078
2289724
5106624
3941743
7513200
2358893
7235837
5401958
5681043
3939364
218963
3936921
1001852
7976265
2403396
2099291
5055368
5744392
5215910
4734295
3287854
70369
2185531
6103065
8316652
686038
5552626
7594893
8229970
2241811
2186593
1873141
1693723
6683283
380095
302588
2236368
246476
1933079
2482936
894429
91282
6333632
749279
6070254
5409152
5949045
8283357
5315329
18758
6271893
2049608
3669596
962232
2216043
1914597
1966594
5453800
5238197
3003844
847458
4140238
7920306
472270
5515504
8024784
951115
112636
3849022
6719278
6856633
2169640
7516434
668448
5815619
7981032
9690
8297474
2333863
8105126
6607620
973256
1825739
2498303
5322685
8195737
249281
7963743
487157
4148094
676227
6989023
1453911
3007746
1999771
5886023
435422
6561191
98728
5332529
7591619
5705444
1991759
6891499
6346142
35973
8230162
6681625
73400
7367255
3022198
1915033
7545099
7597025
6070897
2155986
5423445
336705
7966949
5150029
3428991
7585586
5898096
6293349
1642771
5270657
36344
5578318
17823
7926918
421752
8313259
3260954
6049150
7843806
6183599
2077344
5939530
7254170
661756
7253299
6775498
5552461
7684265
471000
2167378
3207133
980044
5445510
2521363
1993620
1011937
5332571
1379784
7255017
7864235
2145111
6914815
745136
2148537
1303147
3138872
6668155
5575964
3941508
5513381
8062146
7904561
8190938
482987
1506139
179391
6261565
8335864
243428
1920891
19846
6685686
7978252
2125576
1494772
1577865
3367436
532544
353823
3762663
2238440
5857363
8222386
5553801
2757710
3909206
8335966
7481334
5319695
5602154
2233869
5059218
133271
1238362
764626
358539
7900004
4133514
4496928
2207340
6053968
5354920
3871263
5355835
7761881
5358332
5900334
7993039
6408429
196716
868493
2055152
5561086
6637989
7476271
226826
9281
6154902
857330
5545742
6330559
3451283
3433157
2127418
1913277
336517
197596
6051806
4050163
7044748
7635380
3134016
1341586
5877975
1270248
5964542
5453518
1842608
7754916
7388617
1873114
6248978
5999729
8295857
7682264
5576949
3633853
2495277
3938534
7375207
7545025
23025
7542977
215277
546613
3173315
2419807
6029931
145597
802049
4684575
469702
372739
5796218
6875440
1811964
5766197
3936569
7920708
162503
7505871
7617318
8137113
7584857
619643
797752
2251922
7594929
7784312
7660964
5876174
1624257
345800
4984860
1602242
2381358
6989002
5357104
682552
388300
6497158
2130535
560702
6204864
441047
3985000
4152539
3398311
1085300
2424171
5833232
3369187
6394475
5412467
7542009
6238067
5840046
3709501
6241779
2028034
6484224
6466470
2356062
6661506
2560269
6819191
36830
75531
5416944
5779772
3872847
6015744
1945536
3348560
6985826
1213441
3312562
2853842
5507280
5489653
5453434
3662440
7794783
6203998
4932555
114784
470655
5311394
464296
7673062
2261978
2224495
5898030
7585264
1847701
23022
6345701
3600507
5508789
6541883
2128042
3348623
1740125
6311200
5517408
609394
18512
808395
243059
5651894
7113447
5915765
5886221
8047295
7583230
56222
917500
576356
5460538
3518410
4652004
4050542
4645363
5574921
776321
7545702
178288
4652984
5576228
5636337
235656
6245744
6400554
5740944
3441459
6497281
8050311
865181
766504
421522
196242
6206034
6395857
1086872
5154656
2392602
6346290
2496210
6405960
6518572
2579258
2333238
7810122
7107910
7862500
5581067
1533387
236145
788620
7544745
5368467
7406748
2131174
18209
2426113
5557536
2420476
1875194
2257354
5825493
7661612
5743154
3825376
6406245
6201796
2600862
5359479
6689512
1969903
2625299
2714915
5555315
1023869
7109583
1921445
7344135
5098331
2393920
3735373
7418013
76245
353826
422766
2796059
1890374
8192441
1529133
5772219
3439862
6258918
1462899
6333755
1920692
4161453
2755619
1043502
2534213
6875503
7555462
5412377
678571
7880942
3004360
3939151
3786876
3989666
5949768
171931
1885220
8222410
6317985
96713
2228010
336558
5530527
7406932
4002207
7086818
7030734
7582520
5656975
7476192
6661787
1406377
2417071
503647
6367950
5974174
7993210
6721303
3131064
7980001
6430070
5111203
5323262
1955702
6347177
5414017
6542801
5361043
3430398
5363133
1002172
2742200
5814603
5536823
5358754
1234123
4145317
4165760
6181081
5319735
2069462
3945030
5414950
8091352
3389441
8276081
1088549
5311925
1926988
3413013
3601271
3875488
5082898
524348
1853402
5871449
2920909
3435985
7050114
7591622
5611045
8012061
5054765
2719752
199888
6793295
5917978
6980777
4644222
8042756
5661814
6758876
5402027
7661456
197509
3738121
7544501
503401
5944852
745160
4830372
5075847
2386842
6071536
848169
3204344
6167119
3943363
8013691
5493619
4653236
3985970
487592
820308
1011856
2282471
6505461
5322310
1891697
7065778
37805
8005381
1873270
350234
5910711
2126887
3446829
5888754
6401408
1966615
5647909
7279983
277240
4842086
2118222
5311964
84140
3485450
7373652
8018126
2238569
7601942
5764796
7094660
754450
7973530
7636849
5454109
3488725
4500092
7500233
6950844
5879571
1971840
5782815
397878
384397
7881002
1184716
6496876
2163159
5077207
4011243
4259925
726782
8209733
5311655
905648
3003684
7601870
7993213
5651942
890568
7505859
2036893
1001421
1008838
2559459
1087685
775754
3957830
251469
5357023
6790347
7108516
5085080
8005486
2749700
7345460
7594896
7563355
6212116
4445622
4842576
5392019
1815098
8196526
5558035
7925817
6981831
3018877
1050309
7531662
3736985
581
2179885
5552110
8026795
5051728
5578641
5532910
345617
2993631
6797874
5553584
6229556
5960819
1225239
4873443
2226673
2396337
197914
387901
6293421
8253853
6689893
1913391
5670005
2766320
1334515
6502598
686411
7773426
251211
5402947
6426379
5714344
1787358
7594902
5574831
5529998
1477439
8312472
3130925
3528379
788617
7821626
586361
8077376
7584927
5657158
749863
5309636
584183
7045703
6294347
1910368
1349810
3971122
1214869
6078616
4506756
6977590
2058915
5704626
6602327
5314434
1764401
7617333
345587
5411311
1498935
903831
7481134
5576898
2217796
7501702
5797037
5879483
97399
5934540
3232899
5562169
6515944
6430061
7923726
978125
8024630
5643577
5432162
354955
3937435
4685827
5322679
1151682
2592907
2301413
257820
857324
5498272
7563231
3940138
353844
600603
5766815
5533832
5792247
7381764
6273247
3640025
2129222
246337
7669684
3705385
3909473
5898656
7129665
1086110
4714855
2781839
425228
2186647
906458
6594
5442455
6517781
5480495
5378967
5331041
7562389
3971354
5555402
8044451
6451050
1743190
4384988
4593548
5402821
2241117
5744407
95168
23019
2166757
2582610
5071994
3173940
7352193
17760
6184318
3566560
1301179
7371625
1710795
7793871
7674709
5238179
5336639
6426934
2764032
7388620
5739591
5378893
1918748
7655699
59848
5357020
6670427
5314197
5440268
5916293
18726
3373394
5579327
6296139
6069426
1145618
2841501
1026813
7863579
524101
7562015
7364806
1300561
3671718
6774600
1918048
7033971
5645113
7119724
8254610
36634
5487821
5355550
5746793
3637044
6402193
7087847
1046233
1968173
2183562
5868364
5656836
954601
199535
4177200
726779
1301191
5083701
7895392
3533597
3333291
1041038
5393790
7506111
421177
5661080
6963179
3390794
5341627
7102546
7505898
199885
2185501
5485618
3936377
1942895
4564783
6657931
6207742
577409
3343857
4054371
1966843
1480460
1086533
5825496
3908639
5746796
2761377
4922823
7545322
4974201
156905
7254206
7676486
865322
1268044
6066162
2158554
238838
7627755
1233795
830143
6053917
4120303
1622702
4235354
3443754
7153096
6400949
64909
8202442
7577247
6686267
7934718
236381
960039
3704926
1916543
5577654
8186993
7560248
3957695
2345179
297040
1855336
1890386
1002692
1065199
7562563
5382841
6449077
2050776
5792217
5357820
1896101
1939334
1208445
5624908
188390
7796634
6960466
3492683
5884372
1963510
5651993
991093
5491554
6183677
2665293
5340743
1149788
5405380
8131521
3276846
4188430
1524866
1212936
5832685
5083510
4188195
5331029
34331
2663653
1958150
7594920
1606701
3348605
5534517
3938106
5487839
4879833
2619521
5414083
4690643
3769223
5577039
5915870
2467629
6151224
3908702
7831801
7045159
7528184
7637865
6496768
4147100
2187032
6606266
7594890
5812699
3435159
7594944
8047244
6690032
5546522
7625754
1914424
1966022
2054244
6496747
5403805
5432908
246403
7345562
37260
3937080
8049196
8141638
6180868
1643026
5392308
2264886
2189289
5567649
7928224
8340433
6153561
1068869
5883836
7880118
1968789
2196222
221797
8285256
5492534
5890249
5336672
8010585
3909572
295821
4141136
963945
8199815
6133691
1348540
6912059
6677574
7673140
4758173
2141262
245975
5950646
1013830
470290
1086902
324051
3870941
5918086
7556788
4582830
101381
7082482
2209405
5965585
7898494
3441435
3691880
831036
5339876
3451502
6017148
6177047
3566312
561786
133544
2264595
2309626
5582685
2163174
7101858
15893
5340437
5508623
5403424
1344952
719230
7780895
797042
2182723
82357
389666
6182508
4908801
3865357
7978543
6793011
1910948
961915
6979867
3529269
6499834
6681589
7962678
6742048
6718388
8210147
3215841
3662478
5134937
8176468
5553398
1969092
8026669
7928219
6352431
5333469
1920227
7249966
1314813
3539866
680787
1742739
5535251
3400942
5508566
6557778
6503716
5390167
383403
6708463
937905
938663
4500496
528990
3629186
4155117
6664890
6916989
1225720
3084197
7501270
7863815
7391909
7080568
3907552
6949971
196323
7865281
1991096
1969618
799825
7562557
491516
5521211
5448887
575955
7505611
6486348
7545171
3938588
1660440
5680969
7601801
6705508
884596
2582892
8209736
753165
570476
8128693
385447
5872043
5423168
3864931
662951
4488798
2658738
7919517
1893439
7256969
3004877
6051094
3424934
5134857
7878863
3159479
3909533
1908446
3637047
75835
1969580
239292
5532575
8204120
1792117
6155919
7102603
5104957
315936
2809788
5070606
7979899
6470495
6520247
3168034
5578073
6394305
8009569
2286745
7594911
234182
96917
6402455
6466785
2761917
6176476
5409200
6499456
5615622
6740726
7993252
5558023
4217455
7874024
5565473
7763250
8142604
5429489
7818644
7254900
2051805
805042
4145267
5376597
6861021
5392135
2598380
6320063
7226542
246968
2138928
8067422
1933070
3704748
5536132
1524779
8258388
6610980
5886296
2489240
910693
1086113
5915397
2046184
5548594
7562263
933296
3208529
1643692
5871139
5969476
726651
114697
5311465
6960853
8024549
1873384
96390
7561572
2748319
8043584
7583811
7542610
2224346
6333412
6484709
6793750
7768449
3023048
3804415
7675778
6588508
2046190
792782
6407781
7875401
6716097
593634
7881790
5714796
5578587
2095423
3522017
8310515
1250632
5448949
5576874
7669294
4142638
6464923
6681999
6497305
5415070
1893518
977486
85907
8024684
7973587
2447293
2223753
5887011
3941475
8254547
4071694
6794349
3945449
2160064
6598801
3773324
1928056
7594935
332298
3260330
5331695
2264121
5792283
5939687
188590
5474458
6397034
348021
3943806
7584879
4681789
1966644
5100472
6682683
7640766
3944594
8049448
5415218
5785404
2210925
6781656
4652903
2414360
1085165
1293066
22882
8282378
7721986
3988753
5403893
344109
2252746
3003900
3557622
4072521
6724073
356818
8012647
7882626
5908275
8055953
1889682
6961857
3702998
7117069
3537236
521744
4201292
1541907
4390920
850304
5475540
6101495
5077847
1721966
7930630
4166069
5800772
7267284
5795149
5643206
3936924
3625589
5815800
6397117
3978372
2704986
5062481
2255646
1202577
524456
4128389
5685910
7045229
2043641
3358771
7481055
6232873
1945425
5643663
1210227
7797334
778186
1182559
5356139
4446035
5603210
5073534
5533068
7354204
3448769
5402417
8061661
102663
546255
2581282
1155502
5157914
6349416
5521301
7874892
8267666
7993303
36782
7094334
5338784
8284209
2634157
7115675
5648106
5512849
5361142
4469336
6675431
5399530
1011742
1385380
3667941
731886
2216397
3173297
1223218
70612
5319689
5520468
5403784
2074034
1184650
3671612
5641555
1001939
4145079
5362277
7932124
5678167
5700027
2054998
5356454
5206997
5235784
3215498
7763922
5825685
8283588
5507331
5955332
767480
910221
2223514
1079585
5535659
1225137
3696254
7704715
8190989
5507849
8046250
5314903
3440615
7477705
1245198
1205278
1274259
2623923
6182951
850337
7806271
7393498
8253721
3447503
6054268
5766014
5548401
1910359
2546849
2425574
5513912
956780
6311206
35271
5629092
1910861
6960196
2185555
1454203
6181671
7602665
6433630
5402372
5493277
6195876
5400987
6404853
4192081
6638550
7636340
5949780
5361178
4050253
4561983
7616881
3189021
3230942
2444870
8256000
3485917
5424021
7544421
5507924
425234
5402441
2667997
5322995
1972711
3935973
5315455
5337308
7460364
3936288
5580536
3170639
2755508
8297427
527478
3146474
6413605
1214683
7807904
8214439
1270227
7670191
5361211
7002096
4052336
2404924
5631842
5413296
4142641
3907549
6720434
5444755
5537531
3104238
1739773
8183160
145724
1741093
487307
8107502
1426811
5407937
6408330
7850433
6469030
7978759
4498032
1183020
662927
5197585
5111387
4424101
5093996
5565323
880599
5444608
522504
5772108
6478468
1719677
2854592
5492950
4796698
454265
6985693
5579939
1267517
2400297
2620708
5577042
5489793
6483609
7594926
5792205
77100
6394605
1968957
1990573
1890751
6493847
5906743
6723602
5191346
5953670
5381130
421746
4891450
5691056
5315626
7160273
7668690
1088417
5914047
1956768
8241499
5578159
2223313
2209399
7978863
6154183
3938841
5653978
1873807
5396220
7345496
7934439
6898936
7035367
2770586
2057100
7335970
5330984
3568688
3486449
9885
3941176
3983307
866636
2254409
3239597
6637980
6001043
5771401
5578738
5569612
6218688
1069120
5510495
1329998
6432696
5461741
4690395
3936165
5888841
6501188
2086622
6849427
8190521
561777
7371859
7732758
5705903
3994803
2783064
5882602
4737847
1791590
5556239
524164
2049668
8208051
1526505
7594941
3985446
5578653
5357715
102045
3414406
4598206
2608321
2286082
5559596
2520376
2458342
77433
3649901
5950442
3180760
5322998
1269247
2102197
121506
3136279
6719344
5947660
1921117
5744210
3127512
469339
7874916
593693
169560
2813599
3435523
6261021
5792349
739837
868040
2494169
6281849
5601418
2494442
6499750
6876611
7354573
4867285
2603019
7864943
5402432
384927
864065
5540772
2576409
1334446
7087876
7668946
5112941
6178137
4498393
6357593
6039280
2172656
111805
2126992
7807994
389273
5521175
2810831
7501720
1999037
3981367
5134349
5315446
5491557
1183698
4177736
7373872
177030
8141647
3945799
5580017
457225
7516288
7354195
5417337
8335918
6408498
2778749
5421424
1043699
7093189
7668967
7542249
4081408
6178678
2767865
128501
6403435
6798587
5315590
1891844
4646234
3939367
5940628
380021
1205254
4146503
2130703
6485949
410019
2884661
6394496
442965
6766092
8169520
3432927
3456791
6190525
5583582
2417239
59486
7594908
5087873
1920927
6587905
7520249
4405764
5651933
5356148
311404
895008
5339738
7115077
590281
6155811
3655767
8042029
5508861
2070205
1890009
5548167
586307
5460601
7542297
6397084
1968221
2853035
6796525
5969656
1577311
96387
3676565
5648524
1913944
4332050
1944550
7457309
3833574
956759
2660748
7652910
5578941
1212798
2693346
219659
5651834
5322646
5453908
4634849
1966840
3424889
5577045
6502309
5401119
3666130
1913896
6781704
2715565
5964808
5508011
1105227
7542189
4117506
8183512
170533
8262059
7210996
3241027
5700603
1494211
8297273
7146004
7681755
16807
7222995
180448
4216671
1912921
4903473
7929273
1933076
543039
2576941
6466023
778053
8188093
1592311
4156427
1961852
3981456
8254679
6158081
469924
3173008
1000776
5879471
4198609
5490203
6681916
4875175
469210
413572
1341595
469477
6367508
4281349
5284379
6566310
5670285
1543885
3907621
2376343
112776
2678318
7094696
5494103
1944412
5454088
79381
6736191
8042089
7088634
2009745
9386
1915917
4141936
1839845
7701115
925184
6817502
671921
6637526
3003765
3303770
6468267
245184
5357494
796488
3241
593645
5557697
6339832
5357665
5872730
7542722
5097091
4119508
5910955
6688441
5415605
3207184
1001915
7869236
287606
3180913
2220048
7505749
8662
5239250
1211767
8254529
471295
7042750
7848677
2889352
742060
5414104
97013
5433350
159121
5402887
6708986
5421427
5314778
7594887
7882068
7574186
8201525
5315218
5898337
6357033
2234013
5530902
1085117
7870261
3840273
5783875
247688
1697614
6241737
5581021
5361112
7075129
5487214
5647891
3794311
6497032
8197394
7881724
7655654
3004747
5356014
384187
70444
2209387
623511
1068896
8063745
5889480
5909294
7756715
5812789
5568045
4383563
6498841
2660681
947881
586478
3747910
5651840
5322298
7594938
524726
5973895
4104057
2161042
1084814
935086
6884316
5915092
2206312
5531579
8335942
4662407
8098952
1743581
7962654
5331242
5723972
6253892
3661849
3274395
6355792
6763616
76845
6691545
15475
5485732
3757925
2020256
4105440
5792499
2223202
1919802
5564553
8025631
7273514
1507439
3436702
5792232
7564645
5412724
1941450
7513158
6723850
1969753
5646072
5883863
1426950
5879662
1315494
7405977
6399651
8257863
1919321
1956777
5580290
5657131
2671762
854437
6466605
7505821
387682
2050524
5393798
2621021
1035846
3412682
2051719
8041978
5450878
1073181
3018066
2078784
1286641
780603
5460779
6467628
5377947
6760538
6394400
4050509
7668952
2621870
5332338
422181
3701679
5355978
1079300
5413750
6546776
732037
2165440
7104706
1003570
6492605
7601490
7585218
7584903
5914017
2429509
4127244
5916113
7638268
8194948
5579632
2753696
5640032
5655913
6963300
5397114
5103179
3908480
7563579
5427523
5555134
6876480
2276730
5696540
7934724
7962409
4116954
7898307
790806
1947370
5886452
2460306
2715999
21996
2025170
2048001
8065050
3336956
3754382
22739
3518302
5690876
196545
3052459
5552861
7618321
5813453
5829902
3941224
2758645
3177395
5310982
1060998
5358838
1921382
1701031
181744
959
7079578
1897950
5557413
3909026
4487597
5194145
2151318
3678984
5613525
36362
8044055
5171322
5889349
1873939
7898337
3202021
7032975
5645119
3936039
3908828
1660001
5072295
2207407
7528193
2862939
3448207
1835986
6326681
7787142
5403703
7966325
8200041
5499930
1991102
656636
7919526
1378465
748840
421941
7934493
163017
5359299
6177434
2359449
5361448
6513866
520246
7082851
366044
7029226
4458824
383032
1346536
8256806
344118
7921976
846084
5359284
7853528
5648294
1867623
5197570
7290807
8209429
4652019
6300757
345782
981081
1510999
469885
2260946
3433401
8081888
9455
7545230
6638565
6867995
562691
209007
2435134
5594124
2248460
8091788
2414511
7028612
1165724
3450494
661717
1967927
5834567
5824755
1476959
1874453
3650561
134054
1203167
504563
611115
6541886
4712577
7617565
1406073
2141582
5799464
7504052
3756963
7802139
7161236
2236599
2539111
7542619
3622079
4220298
7600953
517153
250069
3004369
7142509
7901207
5767282
5612644
5906890
5560861
96626
8254147
197131
97342
8012620
8290195
7288773
5883719
5677113
7966184
7336422
6459104
6638637
7446412
2141672
6073518
5410040
3652787
7387354
5509134
850310
6204315
7393312
4355724
8050379
7342153
5974090
5932306
662903
1612488
6722822
95563
2974434
6765092
7849771
7351924
5368073
6158423
167616
18206
6149305
7594899
1341427
3199283
4927945
5940176
3909443
1366757
4094380
791598
5360699
7928158
5557533
1135544
196314
1493532
6260632
7596731
7589357
3938561
1078783
3231706
4067839
6336825
6690776
3174969
5397964
5447985
6261574
5724387
6921943
775586
5361673
2770047
7864838
2772203
330812
935104
1502699
7582810
5403088
1085156
2770760
3200002
6875476
7335006
7874754
1939109
7344574
2726693
6796740
8024441
5555303
6763069
7030354
6740998
1385251
7561740
1530801
5311737
5801458
923086
76251
2779780
7089264
1947433
7818088
7773663
1680060
493566
5362342
5339411
1969170
1873816
1944547
200679
190049
3652747
789742
2790535
2236473
7087870
2755514
491115
4569151
5774484
7584171
5341352
5051620
470245
1885226
2468558
6557754
5801227
5414353
5479542
6575126
3488838
1694421
1790197
36391
5234864
7478753
6248836
4071174
5426827
7901579
2049890
6242285
3207741
1644042
7582645
406390
7556605
743536
5566725
5392192
1468434
1971563
6875470
5525299
2050713
7880232
6608949
491022
3181719
4142555
2208158
6827721
521840
164431
6638098
2231801
1897424
1993692
7002144
5462369
1249719
2068494
6638741
7150549
6660014
7584050
5087429
7927137
2482561
5332889
17730
7919782
5905926
6004439
6505494
1917074
7611750
1968218
5622749
7109508
8255113
599518
6502099
7110960
6352168
5548308
6068667
1968035
7460385
5578944
8139170
2929337
5311018
1968032
5651843
1015089
5018761
6875464
5727616
3941851
6182466
4588883
3391701
6567143
2100279
5297225
6438647
117127
7927895
3016514
548640
1874692
3941221
2048279
5454333
7352040
5679399
562293
5577624
524255
5949156
7342485
1406088
5962632
5949828
9091
6828445
5408585
4875059
1753523
7830541
93356
124910
5580023
7685804
8070219
5526366
5132598
6339838
6778390
5309971
6233200
5064484
3961679
927744
5051430
5508332
2717130
8044689
1971392
2247385
5910177
5468855
718434
1958833
6354065
847446
5359717
6326407
4051180
6394511
3454230
5913954
2477707
5662214
5940576
3984914
7862767
5322938
5420176
1873533
5338212
8012012
2623857
7326986
7584942
5458525
7533165
2158413
5103089
5739931
1166721
2818000
8026708
8116534
8142283
5414809
6991052
4467621
8206117
126402
6247925
75778
5361738
1476856
2804387
4986695
8136771
6502868
7080684
3162238
5036176
2827297
5881240
8013766
6968447
8017184
586334
5152934
503749
6463627
7742056
5579342
3909623
2243358
8229973
5314131
6469123
5581027
7173264
3004533
475857
3937810
6957450
5371645
5488172
3986273
5313288
355021
8236435
5360693
1333830
1933073
5554652
5358251
143788
5215035
4815221
3828478
473415
1232107
5414911
6575005
1010517
5454210
101393
957369
293088
1473184
6875482
7435657
3407522
5580504
7584590
6779718
3442869
7627679
1895781
235704
3448360
5939510
1969747
5357341
5879279
3939480
104704
1215824
5074891
1166
74376
4269128
817369
3136
2621861
1957145
5908611
299608
2179195
5906248
341463
7081163
2335215
7139288
6406658
5883725
6070026
3657795
3931081
7869661
8260922
6181713
6599363
7532464
5332718
7830834
5579117
5330801
4353794
2772704
6228319
3673015
7514870
5743160
5961134
6333767
1185442
6682740
3530508
100716
5533572
6477520
2374783
6998395
319289
59779
7637500
5387072
5460213
964200
114944
5414176
2637054
7080484
5330972
8219333
6598726
5391713
855529
3945760
7594917
6478225
7090014
6790563
4469168
5647539
7603379
1956957
3942941
2127856
2129273
1918730
3001876
6240449
6415730
6182818
566063
5412611
17841
833919
946981
1476904
36562
1213089
450423
6281918
7525363
2716893
7545460
1191313
5362366
2731814
6402788
2160387
508294
26019
97262
5626238
2196093
5537606
5525098
2288506
6760629
5552119
6399744
4878782
4258261
2223681
5322769
8256006
7760647
941102
5534984
6158368
3390182
5889495
7523820
1088214
3527543
6668945
7594914
37576
7774083
1274226
90129
1268101
5100899
389201
4140091
560786
1929853
5311106
5337016
6551992
6472591
1624248
5423451
7542201
22929
5444967
243236
3470185
5402459
5908164
64628
5083087
6395833
6726268
5493914
143689
1768755
5453479
5413378
1613197
975008
2119812
6499072
190067
345731
2926788
5356469
779895
5766598
6484228
3105842
6400961
5415299
2892979
8274148
6326657
8095131
5419773
752498
5412288
1047339
6483368
6767183
8011763
7758017
5681072
4967269
1635769
609577
325554
8134087
5331849
375948
1651649
5432899
759846
1274262
345776
5461696
3832425
5415189
5392335
7542120
7414162
7756188
788081
3451831
1439083
7097176
7534414
5361247
5133486
7094230
2372725
76782
6873925
6203773
3446818
6357089
5105717
3983795
6254408
5338883
845381
929884
7501933
662723
598780
7706494
5420185
3940145
7993228
1331991
6949956
6430073
2603881
44328
1907701
7783465
7063731
2663797
292686
5460310
586082
4747344
7557232
8012560
7505644
8296985
6430028
8857
5792139
5314176
4885692
1402550
353666
6500165
3937470
610555
3867370
6553294
1962669
7857331
7862692
5794958
5360131
8182606
2543967
6671972
5877679
5314206
1523706
22784
1914442
6318533
973301
6238690
7116345
6202717
3161617
2289192
2130478
584326
1268578
6684869
559729
1998770
6394839
6322145
3024616
2132641
6684487
824299
7501717
3213725
7542177
3702351
2638489
5401982
3735343
7481128
2625113
4063588
2629162
7830975
7864874
6501233
75922
2382581
1872753
5011835
5488456
6189226
7771461
5403025
128516
2285298
1967630
1966600
1873837
3662182
2501149
899948
8253538
5623312
5337898
5658620
6785922
5315638
3185966
1921831
1874776
8133216
5813902
4004394
7445651
7373054
7134838
1230702
197230
21999
8005366
1411471
85715
8209536
2482939
6498829
7055721
7993141
4807681
2329359
2855574
250873
916873
4000517
886009
7074964
5038161
3200738
3650287
5610775
7669834
5391896
3672144
2520481
6128341
8009696
6659934
3331134
5487833
7160059
3992889
2456265
3674196
6558532
5840970
1972247
6795286
5949834
1544300
6178747
324078
1494481
8300015
2332654
7445220
5680618
6615594
2494884
2181170
5423281
2178571
5919699
2370819
3529730
6503399
6660669
6868243
7062289
6985796
1919276
160608
8194024
1907346
6321128
1453290
7970785
5792235
359155
74584
5779258
628238
7345362
5491545
6847465
7894965
637946
3137063
7097779
5134502
1085744
5403733
2764952
4734666
1915480
7504034
8097008
5562675
3702087
20768
6182176
7252885
5415195
7367513
2033871
3812095
2251646
6326660
5507337
6587902
5792280
5105214
1287186
6349452
6780930
1480430
680007
6998398
3649605
3943689
1874402
1177648
102057
708959
6781023
3938953
6684071
5978595
8189200
85649
6474041
7542093
5392395
1578166
5872667
3939763
9254
5679948
404191
2181194
2425982
3424616
7898725
7897207
6221854
7980126
3804120
5655994
6221269
7453007
4046357
1907349
5475312
1922786
880581
5554336
4499982
505188
6398150
6819590
925346
3016771
2107299
6355801
7919262
7901204
6351044
7322304
7444042
8296726
4499007
5885272
4501449
5382796
558149
7980568
2790940
3940184
1001765
5611057
5765312
5812795
5529995
6558260
2560233
7594932
6768488
1972681
4468796
5415186
2085899
6931080
2216088
7927256
6238348
7973524
2053967
3998938
173616
7000824
7869233
6485521
6397627
1064594
3454095
1374458
2496279
1925159
859593
1010550
2285683
2243424
6402434
920133
1211462
7478203
3980287
2100064
5309863
2307294
6397717
7901243
103095
1524503
7819842
5330694
2198638
4671560
1884505
112456
1234458
8337748
7602668
8148725
1211809
576389
376683
6178161
6616409
6430010
6493898
25566
7863390
2051547
1917393
1668761
2521319
2254599
2918
6760160
3908936
6951887
5556206
6723527
8013370
5775305
6759210
2188336
1890027
1303096
4121336
5578079
5919720
5579061
5460913
2290599
7344583
1043615
35926
1908021
5331467
6310735
4738601
1889533
2239678
2360785
5812786
5142570
2010409
6177888
661226
5880982
5579843
10238
1310993
20738
6533395
7934097
6431606
942183
5695016
1957298
4906420
5104732
969312
6348534
4080482
8144638
6890693
7280983
345485
7076503
1735025
3269937
5834708
174954
6678430
4044429
6483412
7542162
1191760
6215365
8017490
3016032
1024564
8166326
4289250
4695085
5378742
121456
7562791
7505362
8259644
5340779
6604527
2045485
8256854
230073
2283456
2051656
1349290
7688223
1104340
199915
449832
5871939
7844920
7863564
2176162
7927694
8024282
5883839
2185114
5814382
5474104
2620705
7262753
9633
6945208
8264768
981099
1239688
7636120
6779844
7718101
3566941
1973679
6499255
5565554
1775209
7530025
293151
5391487
7537234
4645282
5767709
8230798
7594923
5533889
5395114
4051392
6335640
2158236
7594953
822908
1972375
8258978
6218628
8025208
1213160
7863962
2520936
2333592
3315669
7658744
3658365
8254601
2769300
8010960
6402305
3909617
184503
4072753
1972642
7252137
6429623
8106994
1917797
5232160
6560376
5097217
5461645
96315
7931869
5880314
7084824
7444099
350231
96746
3429000
3428945
3943524
1075352
1202843
4053870
7089765
5402695
5461549
662083
2326092
5516487
6413056
4002706
7074658
7903919
5362978
6774778
7975659
6877169
790400
5553291
2885287
6515759
5361436
1918581
8121671
1185448
5616172
7856043
4507063
357088
3940181
7544142
3414415
5461270
5322929
5812792
4651061
1213251
8296140
5604253
5910180
7934430
5318349
6606165
860521
4918827
4149479
6489917
7137480
163302
3664943
5332460
3154679
5684806
8184319
6669305
6352195
1240915
4594093
7586859
5796612
7563532
221794
2290561
7355476
1132096
5460112
6337130
5309691
6700512
237880
6500723
5563288
421992
1643499
661684
112785
7336339
242921
7701528
1889754
5549399
3418115
4148154
4053278
8142277
4088055
8104908
2324452
3974197
7637187
5657517
7921193
4313332
1908160
3907570
5530491
1213349
647
5425581
1349197
8334608
6667132
3940800
7086555
7604064
7603711
7870575
2759694
7993060
5773668
3650386
5016623
2266696
7453704
8050668
3940024
7594950
5338685
1259753
1310990
2653627
7928672
471778
1224244
3408626
3488610
1403361
7594905
2744304
4424104
2010445
6072244
6103068
2777908
3231020
3263350
7440292
5507328
7451070
3535504
7585624
5360379
3660282
3978414
3049481
8138447
8195198
7927757
3941643
2162565
1768626
6158417
6772828
3909101
5914340
6206260
5940328
4715664
7035364
7479046
4141927
2415520
5886266
2174879
974650
7260078
3997130
6335007
8043049
7640709
5827145
4285575
5238194
94859
2123491
1011925
7478527
6329840
1913298
7961613
3495002
6503644
7927298
5089404
2141453
243434
616483
6400290
1914821
638084
6355128
8024693
7394860
2128189
6157945
3500156
6041428
1977598
3808965
6309997
5110839
6208254
5415512
1817076
4233553
7953713
5694050
894900
6932173
6875494
6606171
1700878
5061972
239922
5453712
6875449
5397252
6779315
5534057
7855932
4608826
586933
5569833
712488
4063486
611169
5955377
3650656
2345711
6976231
3535267
6163722
5358254
2318313
3139302
5884438
58158
5375963
2410052
6896687
866478
589663
5507256
1637816
5528167
1743211
2187730
1917916
510957
6283496
5576877
2107893
2716836
7783540
791748
7520066
1872976
5557658
2053313
5331266
241038
187408
3865228
6312776
5683454
1367676
3540797
2259194
5917867
7616836
2124909
6789753
7611441
3873246
5315575
7030345
5515006
20735
1685898
5879941
7674780
3487333
6669512
3202130
5415067
3135044
6515777
5916853
7585470
6378355
5360711
341334
5372248
5579273
1086878
5661017
2765240
5486864
6466620
5379171
1221426
7845854
7101900
3659438
6446401
2681305
7934031
5114407
1011922
8245111
6216339
6670858
228671
4652960
2025417
6241376
7819134
5361241
8134444
5880698
2199056
837167
7928507
6484179
1536730
5553210
15785
7559170
796776
2416887
5561758
1972558
2513529
5658503
6404745
7661288
3640495
5613696
1649664
7554949
4043741
126081
8077078
6497086
7074793
7594947
5414623
3490344
501863
2602068
814256
5441414
3941209
6852677
8186177
2217984
2260478
2762681
1910993
7686091
7075427
