1167630
2281284
1268272
1751671
5482404
2148091
1084159
771978
2116459
926008
37793
6933434
7882832
1637855
8031184
2097927
1262603
36095
3918333
970194
6212405
5057797
672362
1546210
1151721
921908
1420926
3232812
1083638
5796887
6408934
359713
5890164
1269753
1828315
69559
2159479
851123
245993
1217351
1752842
9912
3994815
3530772
3678167
7716056
1531411
2231597
1090991
1775212
830667
49965
1203596
5073184
1076019
688658
196794
3819846
5328884
2113524
101223
4711383
1453854
1804328
293367
2482489
957165
946813
6391833
8127828
116130
2132248
942135
2494008
4205977
2190937
1934391
5739092
585370
3690652
111982
345326
2265481
3664883
2324482
48979
1465081
3531364
2415339
1701100
301971
7118870
4844600
5396861
894834
737812
297130
1927024
5590294
846835
1708270
3900566
1065119
1629946
102837
3995634
2186430
1734629
584878
2926241
6334531
586328
214897
3986590
916882
865823
3435496
178702
178646
137008
780853
51891
2394494
5611914
3961969
74788
779562
1463508
1083488
3948209
4550632
5401299
852005
2130493
2082724
1319914
2208627
53855
2668936
1817106
672134
1301248
1890095
7160029
471364
798016
3714598
1084838
5309783
1253920
1749422
1015248
1629756
2394455
834084
1511221
5412306
102468
18045
7242823
7024213
4046006
2058834
1109546
2088596
2289705
5945526
5681840
67722
298918
1820465
2769549
7675864
2048897
293232
26924
6427481
2037157
587122
1183851
155907
2229321
2254644
116441
827127
1820513
442956
361340
378499
884470
5573752
2227983
197143
3561611
3599804
239205
3289629
862660
821308
2646800
496791
662660
6996883
238879
1627183
96513
1187446
327147
34406
946726
2565311
253262
916846
685878
487814
2994337
26762
6537633
7661632
524198
53672
1249254
337492
1967340
5889313
1558353
5564446
838193
178699
93
102597
1395956
4667894
7907333
2100363
2484296
84066
308106
833
603457
6243005
824084
259747
1749225
2266210
1533396
7042768
203583
234731
1463541
2453597
594850
4609478
2272471
1843702
5966135
3453179
904986
1682082
296133
323970
1275066
160926
2231699
1276717
453674
1465039
5360122
5569163
175346
545523
1412040
829876
259036
2839904
592207
1707671
3178
471099
10081
5325398
980251
2221981
1541130
4347778
3770465
462018
6705562
1529462
830721
1213188
1829457
276642
1183830
1775104
265564
56570
74154
6111029
8159
1511116
239217
5428202
5919543
790827
4354117
3004854
1688491
2084013
2051476
924986
395492
3248747
4876427
5322887
6400245
112561
957580
1605558
6390006
5776989
744413
112489
7767206
125853
398418
682558
376868
94629
6846665
21586
593845
830661
1411612
3625583
2739691
6769282
865226
5155274
672347
1173402
1152402
1144501
7145692
3139584
7655393
1648541
447483
732568
740352
672266
2467484
1174745
37937
433396
1295200
1167462
7982392
2346924
6183024
819900
1635832
591695
759487
3442977
627310
1035711
4318783
5806802
697276
7601421
6200939
3649620
2816102
1047474
1058567
8096987
380289
226626
5432977
5861331
942186
1971446
378720
2216388
1369071
60547
1613663
19120
6647458
292437
926958
149676
3945243
1184512
7867823
157828
848112
779442
178667
1416061
8005465
832298
169548
2957872
838627
2457117
7075445
626205
246008
352127
4121639
5114983
134000
2562792
79402
5472927
146312
619445
1611124
1088714
4371678
6453509
2846596
2274681
1685485
1064456
471388
851240
2333704
926374
1977520
7963998
1541282
671999
5022047
3658284
470634
3049139
7520987
338166
2049066
6943058
2764630
2390760
1712834
77415
5128275
1175042
3470093
1272197
3337361
102783
2054105
1749300
3689359
4116855
498413
33928
5600090
1101135
4913568
308124
1756417
2975450
2024573
3659188
323153
1820474
3778121
771069
181636
2152104
912590
8028811
6851960
7518014
2206273
754868
187399
927075
746474
3248883
6675013
699645
1575459
6466200
341731
1333956
471009
3732072
241842
60454
2101873
671552
1752689
144108
620626
3144856
932597
2700647
1493574
768244
7550350
2262350
197362
1749135
6325284
1918476
389581
1627273
8185802
370202
1174997
7872371
2229674
593807
6652025
3594126
5798792
1146118
469066
981345
10283
570134
8231167
79150
6439000
2754967
2184332
1675709
448848
2277717
2051455
482307
1199043
1436973
586157
2189751
5471621
4580502
8130554
6724993
380089
177363
19714
1034986
828319
4767207
8160759
252910
1265291
3962244
59968
830658
2693228
6204547
7736840
227735
586966
833460
1790129
1843606
894903
245244
4915704
1752560
484462
461020
7929490
1137756
4495994
4050932
112498
843481
6120767
487052
880740
344659
112753
5623149
2229537
3623470
7882431
472015
1024261
1627501
1040542
3796946
1247310
209034
7186547
10060
7609541
833967
533506
6236780
7826580
3239282
229058
2214909
5519248
1820357
3410923
173769
4714463
851090
3321133
933672
2917610
2335620
424271
1688630
5946087
19150
503770
1900457
747145
233387
1775218
1535899
6394783
102723
4493329
3752276
3591855
1819173
672763
5378920
1910435
2991680
470961
7532743
1739023
2864135
7878118
1736275
1898901
1974279
1464976
1002205
97295
672703
5340605
537475
1751722
481432
593753
2770903
681685
77571
326016
96119
6788741
1331836
164847
1833790
1334120
281636
699807
802064
10009
409426
5846674
3595706
2184308
5477893
6239284
1175213
1965845
465797
59875
2893775
4382688
218255
994053
3777547
415513
308323
740334
139595
1892750
2292056
4941645
1268185
593472
1751992
299536
5914550
472153
69968
7342228
7917506
817591
672841
823554
6545367
145884
2099881
5621483
5645268
672479
22053
823072
1918458
2191149
414084
212010
6478333
3251197
6274797
7435684
2435650
35205
2329347
368832
946978
353850
772098
1637957
1110371
26387
1194590
472156
266778
5129314
819759
576306
3902726
957530
739687
227786
514357
834096
1886075
1175078
1518082
895017
227997
8098337
1893560
759472
6325503
1308694
4343056
1183927
4791804
6443945
124564
5362262
59890
672425
293082
246743
4254606
4243581
1001379
5046762
8011521
806943
6015274
5390644
1960274
378430
8194810
1971706
232967
6348829
5485081
1297185
524606
2523394
3945198
2053133
672350
3833580
84134
1196133
1837364
10194
6151982
1007904
1329974
2243205
635888
3620518
364683
2705328
1570417
1227008
4358467
594577
6677112
8202270
6783751
670137
109443
783131
6116152
955216
1500914
3250538
5962848
8088392
26675
1874005
5512089
853444
525855
1896923
1752028
1360084
1629660
2231412
471766
6980179
798787
465586
1146343
2099143
7058088
1914970
3382667
7542084
655241
2770428
3438788
1232344
1792937
6293340
4543398
33805
4652981
5046524
4464162
71541
3678418
38204
522245
743569
494037
1026636
273018
1317252
8339295
84125
69920
697279
533449
2853026
1268278
6142261
5759905
2633694
7746158
5361858
4538719
596442
1930822
1548275
2051340
831368
6835702
1171221
831395
1018244
4567873
74268
3979267
292998
1402244
595934
1031912
5521939
6506358
801396
7859761
1756444
780991
7511097
2102839
848496
2243241
2475610
2305834
6816536
315268
461011
897501
2042355
2083680
93632
1142943
224468
6200206
2069133
1540157
586079
97217
753075
741257
637958
95243
1475131
1078867
77154
338733
5360886
7764466
7910
856817
740644
3128150
7919544
59944
1736661
301929
498449
1775742
1798126
1654954
3003655
104797
93152
8011988
2214574
97232
467964
224798
7283110
1022314
1688582
3124
7313959
168844
1907453
2214401
59956
384313
5341843
96704
33997
3536116
3813963
683341
7954854
594520
2582353
3949516
988764
6313408
1721686
7021095
5378629
2951129
4398985
3762411
2422930
925067
3172
98309
1319325
341822
6435999
3742770
333034
5633911
8153484
3408512
1637720
4731203
7450323
1926174
220879
4268742
532943
7599949
2108891
35550
1174594
7609571
661291
1267793
10105
2056839
500738
172177
3031485
6167560
1100727
6539437
308347
2050647
4476545
8050255
85217
6689533
7692286
1059607
22655
36018
5969303
1723991
1798538
4401680
3768181
946783
3367788
4824230
612922
2770203
4830737
5623509
597151
75276
239088
3770546
831018
596936
2742754
5251614
3764445
327072
7864131
98034
862972
1078540
404131
6938188
216044
6583372
6466332
82911
2604771
5886983
5403799
788177
7921139
2177739
5911498
93635
1820519
529023
3057013
5488181
2105051
1835837
7002173
2549015
3959129
6961326
1859781
845435
609136
3178380
1944819
697285
1079282
7761322
315888
592130
1742153
315259
3988202
1187827
819801
3412027
829498
2228394
6277305
341813
978650
1752383
157655
5342831
1948747
848352
1065005
5487830
6122630
1268281
341840
259300
5364671
1420725
3251319
922604
243871
4822497
956035
1559482
4134543
3382180
67707
6192739
6558269
173943
5775545
5961927
1015125
1334260
7104521
7561680
5433076
1055108
1021263
850307
186976
5680609
276051
7039531
1890319
2251952
6828660
4833537
60544
67671
1039947
504103
104803
243616
6150120
422163
542322
672395
5356448
1752223
4625918
1685440
7816153
845017
740394
3894492
3937017
1972143
3026795
2686014
1427822
927732
662915
10096
5049473
3660689
3434078
1311973
6795346
7558012
3688549
1881944
1329971
1465036
5320008
5876627
1916546
1073193
7345433
4833036
1538615
1700824
3695876
1292947
516224
4357916
6182074
1730220
33886
3382649
2780116
1175060
946873
192307
2473762
1169079
1056142
87598
4463525
798724
6102456
326025
112657
824494
781300
154995
158490
957787
3748940
10063
1699551
555303
9344
1688497
4117596
6178912
1314235
397941
3438605
145315
1915998
4223744
7336910
4379457
7235816
7707094
5354528
1148
4002845
7909835
2120088
832675
667677
19660
5323085
6757303
4595330
2241228
2163106
3732767
2854187
1277910
1702664
2205467
831781
1916978
1468112
6882995
33802
399892
1928675
3738184
805666
732124
2580764
7651833
6933824
3281432
4244553
431336
2636978
753141
779559
1138597
941021
1175183
955213
850391
7347263
5768261
237427
1461070
210940
6544762
384271
2672887
5605386
2318450
19648
2577406
384001
594604
6428416
226265
1848937
848918
7015453
2653032
2633876
5514332
214771
149547
1146331
761129
4139848
23214
5507388
1595553
384250
192301
465707
931597
580415
10078
5326169
109116
2139417
941499
22992
7757178
77067
327246
7614009
1130484
3803078
3203566
7401092
662996
1211596
5054621
3712256
2652588
3106604
514604
7818776
1094277
834198
117862
65257
4822610
1738978
1836004
1756586
5258589
947002
75744
6506829
227753
6439597
871224
457341
1064621
933529
3380821
871143
3841490
5874499
4246721
3315693
227780
1577320
292722
3175280
199858
1309957
943043
1084682
7852512
7043382
355105
505203
76725
5600096
3725708
1021509
4676837
355075
1893358
1270652
5337025
191573
171115
1638000
67674
1619311
1828342
1751278
4670646
5656812
2498731
7849448
4661583
856823
551362
1789306
5120141
326970
3539206
833904
414622
141526
7276526
86413
1031013
5611848
1730160
172155
2105932
33931
885483
957201
2854130
2602903
3941490
2126389
8040915
2772668
4469300
6205062
4004146
76803
5079922
74481
1548437
5429588
7523347
522302
6062491
895143
2757737
1752527
3392904
6029130
112174
3226
1965498
591849
661825
1095018
5361073
984513
1175231
3175
346269
2328949
5830546
2976991
326961
174933
4519489
823641
378322
200760
1711660
809230
5258745
1752554
1010151
5561770
1824761
195332
2985902
384214
3534284
154665
3364664
858038
1758979
1468238
2984145
7617484
192146
742490
1911297
203514
2041636
6027576
5735540
247796
201263
8047259
2082107
6263918
1605492
517135
2685760
670651
7853240
1049948
383995
2217154
7032758
2255550
265807
1014525
2220209
1187746
2107664
2222821
1467831
2309839
325239
1828156
1334353
2318912
2596082
960463
3530673
7875485
496668
7645900
1616283
1910155
2329410
7360678
5797085
4591907
1778870
740527
834598
5021496
1956460
3577654
2779633
7037274
1309564
1130502
957372
964478
771037
5331629
2986729
929023
344247
384241
1228597
442244
742520
6539383
520336
547018
1026031
1752743
9879
3656969
6294404
832870
619866
1752515
5393271
8012644
876443
276663
1789330
903514
501578
880734
2152910
1748071
4539447
7910015
174942
1627195
965254
1424697
391599
502866
791
391945
5656461
3028918
1268898
7891502
3334712
2927102
4518190
10191
1874277
145890
891761
5552852
788039
3509511
235771
1752509
1015684
3250207
7727104
176518
1685503
782394
3938442
1751872
471090
9305
2184570
165666
53389
181129
16762
946924
384304
5560780
5577218
6902275
2131782
2199472
504160
3389561
15800
5796977
1267827
1319352
102849
5331329
1780225
7410044
6551511
5859438
1044159
3621074
1013359
4356106
5648318
73009
3158878
549920
1727423
577674
3871005
1688549
2427408
475944
5886917
239129
1587316
1703841
3672925
234752
3991566
86206
2761560
102327
490941
1309189
1688953
2972967
8190247
33874
1016738
1832982
1105471
146839
5325341
1259945
339636
145869
764926
5617891
1991123
1136192
5287583
5391463
3618710
4979481
8099732
1356584
2863014
6943849
1111383
8030449
804897
1902713
885170
392280
2021105
292608
1749288
5766098
2604316
1842228
2283875
358335
3719093
229800
2817997
2576265
1389137
84057
293223
5886986
1906309
1193575
4091832
6347290
4578043
817177
5338452
26831
292749
133922
133958
1440630
6349084
980125
7068008
69406
1399619
2164797
5124115
3434821
850622
215328
1175045
6428368
7675217
1268167
2244285
1891044
1653689
6397501
2150541
941126
325233
788087
1444955
410106
397341
102501
1541213
60448
1420416
7501134
2225615
1641269
759031
2466562
74247
6436639
6039993
1314220
4557158
2443062
3952334
771312
5076057
291723
684184
2601291
851144
7121272
5335361
112600
798838
663113
3285244
95842
980143
672035
73499
5462601
31590
2887753
1133162
1969008
2981416
848544
77756
2421896
956065
7654083
1187794
1044009
8129515
2342464
327150
8127501
2770685
1284122
1817115
1749111
1812391
1449429
7762906
1752392
336996
1399965
1044129
395064
3229
4200635
5911588
297425
2252266
1512527
1695905
5053493
15809
1101654
470973
3382914
6707409
916885
1998875
1333944
1632498
90407
77397
561609
7020465
2209
1941585
4235829
5799676
1080630
3106130
157277
5566073
1234023
1058489
1820687
6608985
1411513
5979686
1083647
4763133
922013
2254433
1024321
1130553
2324179
6857737
1256403
7817585
238036
1853233
1987678
6031847
436791
102645
1252919
8132345
5488112
1845571
2083677
668061
2259239
1828264
9957
471069
7935077
374638
828102
1383235
1423690
221440
941402
247082
6789379
5885795
1058093
7609568
3004625
611247
119438
3748421
178690
2601252
1563776
1268104
430064
1202351
6835313
132773
3940205
277593
7853183
1019965
957432
2361129
2864586
6181579
7549624
86260
2306659
3388460
2853023
671582
319322
783209
776057
1756501
6816751
909124
949390
1086095
684049
7658780
4665411
6662066
522065
3815779
4134239
851303
5438404
4489610
753171
1325657
7761541
4949980
430085
100831
2140451
4289825
4233372
3672964
5087645
76054
203547
1616172
3760244
835874
7444206
456267
33919
8297412
222433
1906621
3659474
7504838
1531408
7448483
4430049
5309890
6435284
1740918
1923939
1481169
2665731
327159
147231
1230196
1470042
2250930
2628662
1927373
1360198
600138
1415771
521726
6548877
4652909
2017257
1559590
1836025
2474457
5422358
5599067
472045
5493166
1440702
370133
830961
2191795
17826
1253202
1518307
549651
2772173
1092306
3298873
5341013
2098287
3448494
19792
1913593
7210054
2236056
1084748
1100724
1673761
7675220
384292
6934250
1461073
4673705
1002298
4375430
2227197
1408679
5364278
1949033
2025540
1174922
504593
5418779
834150
6422809
1664028
594553
1417575
830469
178637
227741
501986
158672
2238883
1533623
1671716
19603
537501
743635
8064519
1820441
1268206
1319917
826741
24569
7920040
7580002
6830743
987061
3437805
1018537
2976487
324948
1174561
4911670
3309324
4496732
1419292
67236
72090
927879
257251
2164956
6845884
105873
3985518
1607187
119087
1940518
2644702
3687304
1713406
292848
6343976
1890223
2778734
1064543
5481450
5862684
2489264
1756510
1474626
2526063
2818003
1464943
3657460
2265212
672805
2086448
7131084
5567314
1712758
541953
199091
67719
707231
5161594
896878
6249066
1787615
425243
6205683
8010188
808168
6410070
1671785
379808
2497905
200796
1789354
3165995
1875173
4974995
831203
1435549
2207584
5844984
842245
662939
5312910
580792
2574465
827998
5539602
8031385
1026527
2164998
1752226
2837881
238924
514267
2184047
771651
957682
1228588
1752578
1064408
252562
1474641
453659
597032
538545
671495
2168854
8045264
442559
912587
7579996
1121282
1848820
8229339
2147693
96977
520988
5883047
214774
880413
2149019
6541054
200434
227684
672005
108078
919685
6274809
831054
6264564
7904807
670654
3989390
1686657
338261
498410
239211
962175
957631
2128902
3672508
8160444
7907492
5482407
7343953
776324
2556412
781918
598613
793055
2550472
1087787
832627
1789498
6688001
2150538
3246276
2434782
684222
69304
6485760
981309
826839
1820393
979228
594517
3396566
5341837
2226622
1213809
756599
1118488
293007
7181267
3382612
293214
59908
3168564
239117
5544172
7655313
5257000
6071089
1632489
77627
1921736
452810
361780
3769489
2739346
6923312
6993724
44406
7078717
5324834
224447
593813
1259831
7654528
1474671
4133607
409938
1314097
1502651
1893226
2627276
47130
5945640
7500608
380596
3285556
946825
4343321
320268
1968772
753345
5563615
5749130
446701
145941
947782
971889
112429
3191375
2335643
230469
2336550
932246
5343419
5646717
455779
6213570
740542
980329
1304914
732547
1286167
2602113
67677
3179055
431375
2575027
4218497
2781860
4312422
559666
602584
1258035
851306
4971915
775814
4361560
460578
2579564
760312
4369604
1742406
362314
6150547
758519
49108
963813
2708717
738557
5150103
7017093
619032
5556107
5643060
5846309
670603
28308
111601
5359970
662867
5862495
2971898
7007026
3424955
484972
1531405
33820
2185354
738084
415492
2680899
1752404
2125957
196929
5444650
1039944
5747666
2927911
1146349
916816
957622
1612942
1320773
1268095
718960
1309147
173730
1010464
2376697
2069832
4245056
341325
1089186
946927
1298872
26744
200264
42970
7223496
828222
832274
1367796
3666934
7878534
1463538
6168720
5068186
6529918
2550893
1313800
7910402
113620
2229928
3398509
76015
4941073
854538
8210086
74809
1824815
4142486
391509
4246104
3395315
1500911
5355922
1399983
141589
4218728
201128
672754
599
3649647
1756187
6998427
1087352
825423
859983
672868
188466
1013175
1593504
401714
5329709
1936351
77573
1404436
5962557
1272872
4880351
1049634
5289925
376832
69907
662876
6558302
1489129
97259
8035135
260562
1029281
8193042
51912
154959
2931592
4455977
49027
1752241
234749
1756456
1233113
4919943
257859
1820462
672679
5702062
7694290
2774200
415974
128736
345761
302882
128236
5475600
79336
1965980
8200335
9269
5565878
101378
2070553
5407907
3979630
2392719
2905752
1176278
1013193
2766787
1956633
157235
824827
1688660
7534522
1230430
200940
7633436
53860
3639054
6875184
740587
93431
1931125
1957154
3408252
1531429
2078161
5338461
1639025
1968891
1527038
1260368
6983813
1688801
19387
1837409
8057715
1263223
3050761
4010043
2086686
524720
2213564
178516
995028
912449
2765165
9981
292575
3756925
4099521
1360063
7550341
2103216
2521032
897720
4604019
6941433
2207158
7423982
745220
1316081
26849
957577
503983
77430
175343
764357
8203952
3026792
3169175
7579081
2780506
2231532
1062003
4539747
672359
1680168
136300
75681
894906
2543973
1268209
7065001
68367
5457494
1663986
3431544
1010982
472096
177765
133772
7907489
3214036
503635
2213567
7527510
697282
1096095
293235
293238
3568910
1276843
3891839
1939592
855321
794640
7504073
7746611
1183879
6027221
1753915
203580
5609016
895005
421737
1012758
2773073
518816
3386780
357956
7907474
5945193
5005232
6111026
246779
830526
3181689
7512567
1936771
1468151
378388
3442795
4134182
1938509
1834447
397641
2505801
5330241
239120
3318788
230016
6281668
1756295
1685482
4162259
232549
356317
4767171
382008
2741502
5872553
3468549
672512
108153
4458620
6443915
33793
432738
1415968
671669
1791275
171289
823602
436260
3894073
6671434
175433
2252788
1944967
753013
453677
227717
1820633
97722
2071319
4473893
1397464
5367331
2508755
987840
5846848
671738
1278332
35875
880638
1315410
177264
1820375
1470402
4875615
4118518
92121
478198
5887095
158090
4573441
2716965
6939581
3464779
6936352
6506475
597497
1014081
7853052
7372678
1818007
1489044
1791425
7682726
684219
2488130
2562786
5453458
1416829
1183921
925073
6876803
1523550
1815743
5916233
1688747
5553105
554593
2636319
420964
295647
1013094
5853702
98388
380104
3035466
603132
672874
1789180
465301
422064
430739
2985911
801695
894990
472267
834174
2615963
6399180
753384
2235688
7280631
2797143
2848167
951598
689115
772363
1243772
174198
3650458
1334078
362639
292620
4974998
19810
3319325
5832830
327393
1894403
2249003
926710
1074498
1211758
471727
873081
2298643
712491
1087283
1211132
3673396
2038897
3026789
3242192
320854
7098707
779161
5735994
2503109
931798
926668
291717
2120438
1688815
1174606
503893
5906668
740521
831114
301959
2346498
2445162
1459206
3685347
8055216
1637723
413058
77526
2152011
7762025
238081
94186
35352
7828597
3655377
6312484
1334251
3597242
587179
1368628
2142155
7172011
65194
2262548
26645
1829670
5110111
1065122
26798
235599
253313
19615
56258
103489
1334194
7901723
2529838
311792
1212562
6120122
697291
1092223
6148312
19699
1891712
149682
246926
51909
546842
829495
7950084
136764
6725908
3561743
6950856
5505503
73196
8116164
597959
2507737
534707
1637837
2214526
594571
4005195
192313
831260
77541
386344
1828297
2853305
2165343
3569009
243607
321278
851848
7585261
3185202
199864
60816
77343
4843080
1108550
7265197
239049
471129
2778340
6435281
895002
7609565
5957767
528713
1944917
656570
7737848
1828333
850196
1052749
3046406
7107528
64514
10018
744830
5942694
851803
3350957
2456532
7761544
1751527
2053907
1820450
6455238
6793211
2048529
3561097
8236741
4009959
2978531
2582386
3205450
6837438
5932472
5073528
6342045
471251
3488751
2331834
1465075
853962
6258475
1668189
107063
3676740
5142711
1060417
5613573
6153606
3395327
3283630
77585
266745
2245646
2214930
2774182
1730890
741252
7659674
2434011
725
5320029
5339900
1384598
3570465
3736153
298981
8030833
5609013
233420
777810
1146340
3303625
926979
4405470
237997
1010913
98755
1353950
5886980
1749222
189600
6341441
244390
5566235
7102184
6432765
946801
177261
782406
1004727
3978192
7941776
772206
1419136
1539085
3779749
3303694
2194977
5567005
97202
2930744
1368637
1989401
705878
6331454
712919
17706
2101692
133889
2054569
2338342
246674
6917401
1453674
2225270
2332475
178561
712889
777840
2757824
4234683
7981023
378292
6167704
682659
5423048
7907486
1741432
5382719
5707271
5360161
238921
6816850
253136
1253148
5886992
2600229
2779381
126465
1078474
8170312
721443
5865377
380182
7625484
1593210
291774
60451
1370601
1308409
394151
320418
5761027
378585
1948868
8065867
5483510
853438
98312
1985307
3149140
732559
527055
5861985
684324
3422190
5878076
60289
1084709
1920665
6933431
1312926
1166913
6774675
52770
323976
604647
4893418
6695843
1474722
1605567
4930636
834024
292521
296160
759226
1221807
6431289
3768067
1007886
1521781
552370
431384
5330247
3763638
779664
2160880
278644
6903971
33916
6784204
93560
1752169
2252164
1412037
242993
399184
4625665
1688227
433176
1058561
3153132
60004
2113711
776285
1017761
503902
5481762
67584
3658837
7388563
524237
327300
414942
5681183
1596814
4144099
221827
448704
5074525
5945382
6248456
6933422
1175198
7763943
609046
1293705
274173
7762547
3124596
6851486
7000797
347418
7215077
391455
2229465
1815578
5901066
8194561
77046
4673130
5906953
4002786
1721241
3448940
389554
6351988
1760447
3280
740749
3008774
2243634
1246001
387712
1828291
167804
1160173
2614001
3066465
5515555
1896128
956110
7502929
2600175
1084775
820413
2515324
4926574
460509
1233375
4391237
2574906
5542254
2770245
751854
70990
2263413
321362
950444
6487416
431270
8133831
1560442
6191644
1850062
73169
1753768
67680
6102627
6158488
239061
7226284
7586167
8311404
79171
5481783
1464964
1136772
293301
8032057
2465211
2217488
1650272
2653272
2660742
1778900
4340298
7941779
7738553
1688248
1192763
3979762
5403484
1237124
6301430
3741595
2715735
1174447
959656
131606
1166154
2184014
1649724
676986
1752321
399128
5945388
5882996
534526
2100103
1603057
86167
383998
4005160
103513
1334344
3939280
990370
7861618
4085469
832178
2102288
604683
1843651
2147684
973450
7668183
1268949
6788733
1506031
319508
1304627
7898111
3206432
671996
4000744
2247949
6938435
1564387
6548223
471958
1183918
1897190
2568397
194692
738593
1171761
1752530
1866650
1476323
5651975
1068920
8094460
2765990
3764497
1033705
2679806
1368658
243425
733599
6570395
1153747
1749228
7127924
5846108
769702
1163964
2827970
738668
2048442
7906934
5612692
3870966
74818
1201112
60624
4753432
5886776
1775164
930496
533893
7819782
1256083
2799223
5337082
8055057
4540997
1789270
5959571
744842
59863
946690
5592726
1390473
2774308
1620735
980140
1255570
24230
5227069
1344967
232943
376591
1739708
1331895
2664620
3241992
1214190
1130364
906591
57302
215804
1480704
4927934
158499
1559677
2164842
145306
10155
243337
5759896
2637967
6322487
823521
1780261
4981989
5407370
830802
3377785
7363797
2332672
327195
3127
831161
2132563
397362
1321013
2031589
946936
2766417
2240296
211261
1174886
26432
1002820
1058435
102771
59905
671720
383821
2099629
10200
487793
2094700
19588
2775521
4580941
585560
5037101
5936139
4271231
2659365
2050013
2216181
854544
931594
7682525
1751719
2245357
4972533
6176608
1293049
5141020
1772546
1272518
1058585
712922
2272132
868391
6496993
1900768
2168731
2444486
198091
4892427
839010
2131624
1689588
4501071
591668
5655285
16414
926884
7360316
1405863
3980885
1570633
145893
2587771
2535283
1474695
672254
5835171
1272587
5655886
4957151
1410001
108270
957613
7780482
3330770
4508495
5867706
4653643
5432743
1072724
1820516
7150510
383296
956131
468761
470658
355084
741826
2283944
6930906
2248442
73229
3988516
1468130
292767
102861
135878
243541
764090
201461
44400
2335652
6535606
675300
6760815
198959
1375313
682674
2574918
472066
63077
662098
2630275
1981050
1817100
501992
1708921
1688092
562173
5747669
1727871
2557082
3492713
1138429
1056439
521003
1268940
4536165
3415976
1815527
134003
1700719
2230132
2645873
819804
2078554
6531957
183680
834805
5139236
3425785
5569178
834054
1268946
227420
1559680
224654
4459541
1183876
3939286
33817
1015140
4558583
71937
373778
1247122
1300453
4885813
2671175
3872766
272773
1518234
6641350
586085
1536712
8153
832283
1439179
2098527
942156
4603879
1175051
2543028
5356580
1632529
3232674
2777242
296025
1543415
1470051
3624218
266757
147225
461044
4649405
3081245
5764580
19675
740653
1319863
97597
1915486
2696600
758028
2565256
1495884
740608
2576039
2416408
276612
1503786
95632
1465090
173868
2681314
5390620
3964338
2832858
4424195
2488650
7579093
1861999
1146355
275976
3139878
77292
17694
7507387
1278030
26708
4450091
291433
1529465
96269
227699
19681
1593857
906946
3489769
1492695
4609917
1412052
6560094
6311974
353260
98025
831855
239191
5408252
6556537
1368066
1193323
5873218
3513836
3547947
591662
1110356
5507391
2254728
3171490
3367785
831000
2497896
1184341
973307
2324825
1307776
102969
131609
6432768
77582
76875
5557078
5732321
1506073
946984
7882718
232546
5571533
2620268
671459
851315
4343794
333176
8194831
5797079
672404
10131
1570711
3453897
74797
1112562
6114464
3662290
7901121
6438196
4146346
4124415
7086579
2611234
78958
1927121
1256086
1140365
238995
21763
2767149
942939
77295
5608788
916864
2787851
384064
2456271
5332727
1938626
1334350
5427412
656573
3739303
2985005
2025049
1257255
247046
497615
344391
2393344
146336
3836969
4478352
2283680
8323394
2254665
769176
570023
470721
74794
224789
4957903
3021849
71233
415381
2539201
2409790
753303
471057
3020202
102831
7043074
4208640
780901
5670977
6586512
880707
4430859
672323
1422530
4930639
5128152
890169
6417905
672032
1002806
672095
7644594
7675651
3983714
2770146
1053501
592109
313824
1153801
1626532
2252299
6682011
1450019
3018417
558449
384346
384262
320488
4966616
5851515
856079
623669
114062
8159535
1815632
1303468
1839270
3284842
1268113
776300
365935
323130
99302
1963838
981321
6335130
6215931
5922003
215777
6817223
5235053
3673123
471236
5428924
1175222
239094
1334317
1614781
610621
2757962
5786190
8125498
4993247
4148023
3482742
1128956
583630
740494
10036
4532189
122762
981297
112651
5800053
1165131
778909
851333
1797742
7726000
3776943
1411489
866035
632895
2226035
2559377
2948956
800440
1616322
5945583
980269
600528
868475
4013747
5930532
2803103
1985600
401123
3493047
3303944
2158260
258637
2242081
17661
245798
670582
7395886
584294
6335121
6147367
1853230
2872297
619184
489442
1515246
487265
2126611
589618
3751725
5530488
5341295
838800
2770814
2953892
3374882
5795617
6940275
3481273
355108
3501865
779290
5373207
327840
5526727
4836033
2402472
239200
1109768
1933503
26519
1010338
7758119
1920900
77457
6177404
1627492
3347714
7732746
77514
760518
5884740
1193593
178661
1460136
697288
1110380
345665
6432774
1688268
1751746
880698
4761896
442950
6547911
2245399
5997111
1493172
8026348
422658
903559
536772
2421691
1637990
2833542
1935337
1184098
4904671
227729
2477162
3259010
7086854
243622
5037669
4782117
83914
3493074
851255
957360
5362029
321149
3939820
194706
2182339
85196
3277882
946855
3018297
2186460
8042831
1317705
2671903
6558311
1412670
259768
2019923
4158850
4422048
946942
87973
1850077
33889
7851873
489469
597116
825191
5562439
7756089
7745142
5063756
2271791
7382736
903439
1834033
5873092
2267244
6344815
984492
332505
5332721
1605546
366059
112531
1739315
1080600
63074
2555486
3334096
128437
752884
460948
2493746
946948
1918763
5846120
2478877
4004143
3842047
6325575
8283537
1079720
2052471
1083554
1403034
71101
7874015
4162005
732562
947005
155304
1798153
1910882
1957151
1688401
2800007
661855
7051944
3244485
403322
1069911
1489490
454292
3421530
511682
7015878
4353218
2282856
7860751
438188
5098443
981273
4092317
3506196
1726331
2705205
2551626
174675
831924
238066
620611
4261216
366821
4102035
111124
5612244
158663
559189
5763417
533986
2570187
6151383
126423
200919
6399564
964976
460458
1237007
6795544
577589
2553884
7756366
2239273
5331988
247061
7639525
1272383
502989
5617532
1097544
323910
2262551
220442
7527962
7146524
544213
200999
74415
26738
2241207
6402527
2874479
2607144
2735781
632910
4614657
7674757
434712
347799
291768
635594
539794
26726
5663189
3202148
926683
3433148
1744490
3165563
2205597
1920804
3200147
501530
6260499
325626
227795
1013650
1756253
4587902
2128662
1770367
1593078
576231
3917175
173727
5911195
5855571
670657
336030
1276993
2364272
1111395
324933
4651827
533002
587212
1956271
1197402
419264
2236140
77535
2046876
6219059
1775465
175514
229064
432840
6422899
2779031
7821147
2623484
135801
1885058
383948
1144940
1183924
145944
2474245
1010297
8026213
3395318
3828504
19624
6351275
4899581
3621092
292878
793133
1982583
4169563
5764071
2986492
984465
2685399
4356164
199058
6300276
2265236
1187707
750789
170739
8028694
1058537
1107211
1397476
2578061
4509446
4166431
8203300
1310080
2853560
425509
1736058
1392
557712
435464
237228
7530952
188138
8056033
44136
1999561
4613061
7675175
487004
1064777
6724999
1500908
2051343
8286078
494422
1964138
1605128
671570
3803108
136953
5386409
3423625
626257
152426
5391493
221011
7343627
6428649
3258174
98379
848487
407718
2764868
1752091
5629688
296043
4313107
10170
1409132
4346541
1087979
1916711
162379
4687096
1697557
1415992
992235
2448680
471868
4781509
102798
6676373
401177
102258
2265754
7909823
203388
77538
633079
585367
800302
7436053
855162
6852743
315124
703840
77523
2568583
930150
4987509
7307236
1010169
401839
5960154
3770507
2606570
5924771
7983701
348535
1218337
2808975
1183170
1593686
1738838
843194
2044590
3654527
4005810
19813
6506512
827734
957231
6878539
996019
3664523
582062
1684953
981318
3601286
1380009
7457159
3395312
5800056
1368610
5556752
7988848
198782
25968
4398898
7226108
1089189
8262272
1793009
1268125
2853611
111142
1146328
1026506
2714728
3745998
3656472
1279709
765850
2484056
221254
1085554
1944807
4527319
570533
3947191
188541
5386298
1236651
3208
2768614
1751827
277100
3888756
3337
5124112
1026055
2392417
1010730
4933061
336675
7509331
1518324
236271
8033587
2972970
5684815
947011
4869775
5386268
696850
1160155
5888099
4063378
7919761
5865766
4773800
1304656
222448
5873446
239001
684028
2219734
7024537
714042
1637951
4018728
1341507
855303
964652
8012423
8050252
5506362
2231352
3245903
926734
2263196
2144893
3548718
4127279
1016503
486758
3803105
980982
1058525
7863726
162644
2430844
341810
834114
9115
345314
112883
469792
6204589
2229910
903517
2361214
2264052
300434
5557673
1884053
3385002
3265
3380948
1697676
5348591
77391
843176
2231439
1332754
2051707
865984
6358994
1394095
112357
75751
6883595
500783
351553
64337
461005
673194
5991475
4258360
438068
1276846
5096755
845465
6211714
2120730
4886134
463641
3284935
6569814
920780
1268080
3532127
407031
6961578
292254
2044312
833817
760124
2120525
2508173
1353953
19531
1391443
1775065
178986
1839330
2652945
212001
6401507
5341741
3678730
855297
672697
1190864
2984560
2265721
1133
1092497
422082
2284927
1367802
2045347
503064
102966
2688983
7585636
4476099
594589
1837424
1804385
282691
981369
2756584
2752672
3614580
4771036
102756
3356085
5913681
340187
