3047229
2180701
2054298
294713
516257
1566932
995400
5100445
1477493
5629589
7707918
860875
3241947
7283687
1480677
1885070
2245670
502124
1113888
4180582
1908431
4078289
5863009
349562
260067
7285440
98130
7678045
1080975
2256078
2234007
2327433
7926896
2010054
2235274
737836
4085876
631011
2907311
4937910
772749
3713749
6274561
2686353
987103
251898
1670262
193489
8192754
121741
4214894
2853422
820850
3714400
6411186
4228271
1307325
3238994
143054
1063039
99985
4277074
6421447
1892865
2162258
825287
1976967
898705
5060049
318642
193303
737818
6692891
2049174
936315
2638879
8204656
3586597
1216340
3490528
3050081
858353
4051422
4411234
2220323
8192658
780005
175469
2117782
67977
453215
2657166
131451
1645155
5273827
5662193
1133828
2325217
197833
7102916
6875458
2525957
5614085
2061709
3243282
628370
7829088
990304
511349
807793
122756
4509553
2681763
4312473
2866566
7533360
7907477
2535888
7484309
3566767
125465
2561660
2744247
2326703
131223
223331
2431946
862039
287702
2260994
3674067
4373926
8292680
5054139
2133272
820969
6360900
2136932
853666
2512865
8205522
1645479
1897127
1959368
1642651
2674194
3566735
951244
7586299
3247958
8259743
3058637
2273696
1113915
1308175
924247
5482856
7500872
4126678
4244652
3468588
737839
611010
1232715
1238233
33769
380339
2042307
4727092
2686458
3702648
1298893
685914
3313374
3590965
7818599
7617526
959590
3490630
1182981
2263866
1309117
1653284
366644
679683
2518618
6407409
5271469
7531395
917816
465409
379128
5483783
951190
3662658
2515850
7266655
3231380
7384509
1952113
1206422
2749395
948072
1818097
685959
1296090
575303
860746
826821
489374
1697021
5059539
462225
7092421
5059416
1229830
3497089
637396
2075884
5259584
1615517
1920662
1613720
1106346
4082595
2100750
1154388
820883
1836709
7818859
6748986
1836556
2695414
5365978
3770095
2223343
2061216
2034006
246215
1897178
4130585
516949
76189
3255716
4085364
1215309
1962853
3734855
2735119
3445359
2384889
3495903
228536
2334565
2573139
1306637
3050084
1651718
7532125
2243748
1016741
131484
1087139
2867094
2614644
1053624
4970606
3707522
3926548
980691
1915237
2610862
1836706
201566
353135
2467251
3808593
8133710
3245331
831105
2101035
3765624
4168084
5419441
376005
7534615
379883
5805194
1613534
1452640
376588
1331785
4351189
747272
1194963
860782
2226754
1588350
2244330
1347940
2852645
2447329
2648744
6413677
1959647
4521365
4134389
2695387
5533922
3381670
2530062
3963334
6549568
93812
76120
820398
5510831
373538
1003702
5445119
1788864
6325654
18527
5367262
3571078
5830253
3463526
7010962
3322587
7807250
1023111
6124959
1047034
1454906
5087921
18542
251301
2550235
2025191
3240261
3675444
8190983
4144279
2705172
753981
5968302
2098521
3231643
7084602
154803
164811
1205071
686464
37402
2020700
2583175
968986
1836661
3509678
6545792
2202285
5422006
7694800
2042948
2118321
8051643
7534570
2241850
3557700
860764
3882108
1215333
787399
2003111
15499
20599
4001195
1004682
5784109
4087288
1962696
2372031
725423
5310067
69625
7879016
2178541
1426117
5507696
2215101
3050087
7875877
2686130
1202894
8044388
1970077
826261
925352
69181
1123792
1668054
110817
1046872
257786
3662619
125503
2074903
708968
309817
4082760
2280456
3364129
175987
1452643
3497365
4128765
2003372
1842048
6220853
5508296
2199531
2230141
1870574
2239165
1071547
2042343
4907319
1033963
3840393
3837280
2099650
2702548
5653115
1887732
2172734
131837
1653381
3169413
236438
4094819
1723708
1188925
5079317
889555
4436213
1774686
1206434
6534751
5250196
3862901
6431789
2662812
5851602
540157
2565278
1964156
291011
1236863
1833174
807743
6543336
2518371
2320541
664833
4785275
3674130
833535
1963483
4128850
1125789
6426976
2192877
1959338
572052
374482
7901513
2949406
2526581
197788
2322247
3568958
3450340
71526
1913023
1848796
4474548
492664
821079
989101
1892639
3469497
2263641
1172841
1113930
894570
5337580
246221
3770101
5846522
4662939
2332547
5273914
7908919
5499780
3441515
2728136
151621
2534799
3366209
4435235
6902278
7238215
978662
5074495
1309036
780069
3698078
3029109
986058
3994839
4756643
821151
8312034
175541
240837
6441065
83581
3495930
1774689
1763126
3772064
2279220
2695396
193459
217806
2126764
201497
1819170
3299041
1669022
2285590
4351222
1422915
6043237
3533477
3952355
252139
2560007
5105938
133289
891523
2638876
798031
747106
380283
7533871
1253229
303915
6046015
821226
7878439
25956
1775979
4167284
1309084
5762340
8339205
2099140
1836352
7342676
380212
1934799
7380834
2036866
516898
7880936
2854265
2839720
8282396
23435
2215014
3993029
1206404
1092930
4340493
3817319
826668
4142623
4353434
3651028
2458578
5835666
1963444
3996167
6370220
3392094
7762130
1697230
2000443
5380938
758675
5862276
708941
195653
381894
2317810
8063521
2306479
365653
5615568
1452619
2672728
1955986
4181126
1939753
2679530
1175087
1308982
1157
1206473
7656709
1867608
3977025
3408371
512400
1788843
337510
2699282
1981219
229986
7905274
535940
2621100
1480132
821290
174823
353925
978641
2651358
1071812
8041849
1924731
7762373
4805822
1917486
1125388
1587478
491651
69640
1959407
624601
3568649
3536185
502148
7001930
2462833
514598
1959428
4845702
2904660
1908970
176808
5488324
2208509
2486878
780060
710330
5273920
356827
3527472
3882111
5155589
583486
96087
272697
4053975
2121958
7915533
5562433
7872150
1892880
1842692
68983
5161832
2690182
4566111
5554360
1230956
5099871
6250619
1308898
1818268
849534
8151666
779272
1748731
1334793
3562710
516850
67149
6201988
2935470
3714322
2230980
132005
860752
7587669
880455
7870459
2614653
1236812
4317678
3755154
4116359
3116535
3608229
2054286
4242307
2605355
4475768
1819164
1321604
2554990
6401513
1514733
1290531
1463931
187486
7910417
4127241
1926478
3664377
2266669
296232
1494394
2242039
2244324
229974
4478872
7821398
1922756
4181123
4246166
4244142
34732
1347802
3796792
2098954
96090
502073
1493382
2162757
860695
3676974
1619194
2606161
2046900
7585488
2552320
2605987
6270348
8047956
473744
4272496
826605
4003300
1113948
52836
4424348
1071520
3239800
2244336
7531864
7906324
3283349
740060
522525
247418
3050090
1961636
3138247
67965
1205557
2841336
5399593
7500797
2260931
5613555
1129924
1651751
7912626
732073
646321
4474395
4906859
236453
3655797
171295
5038675
894489
2621320
221851
1667984
3607943
437381
191912
5875067
3373478
2173956
1773570
2648741
599659
860749
787274
1906677
7881496
2100183
302708
2336187
6685828
3429396
2996626
1959311
2331524
3559158
5567476
4082978
343834
3377585
3550584
302606
1851394
2869177
5535167
131313
2244195
3355730
3553028
309162
2475212
4434736
4890952
254206
2332912
1236836
860698
2467905
3505278
3520860
110814
1176302
3245013
628367
251910
18536
2280453
2132031
122965
846541
7092560
1745864
8202847
3312649
3563856
4003552
2607150
985923
1130201
4134650
1021662
392316
335759
8293703
2161228
2627529
2517252
122213
4124520
2717893
3419239
3558598
1202775
7849286
379889
1848793
5026301
2463758
1348069
7915401
4755791
1048643
67194
2585555
86163
3529406
1941267
3536254
6444208
1439110
3497284
3714025
2033838
3056634
6437072
4371380
89662
516628
820922
3490314
6937840
7817132
3315774
8143747
1908428
453181
2336325
2516620
3667369
912269
2317933
7587723
2586060
5567516
4159925
2124789
7790269
2841471
3381402
67077
348509
1056832
826258
5254079
4155619
8066762
609742
302318
8025881
4351204
2244333
532342
978644
1920233
1175318
5839410
86743
2933876
6857773
5366038
1959410
1238665
101049
1867679
463395
6060032
512314
60639
1959296
120316
610914
2050770
1959398
2488752
5111822
3550569
5504117
1890310
4411794
7616323
894486
5793911
3400084
5112851
751974
69598
892127
7822877
1669043
7913778
1217002
758678
87529
2529674
2981252
8069247
1253289
1848591
3809339
7278125
8081492
2598720
77481
2336334
5859504
628364
7368204
7523432
5362136
1939199
4098212
5484146
8082029
7032488
3427400
2173096
476076
7678054
2574975
4410532
7617148
477868
3512704
2649729
5610644
3777124
3979900
4089804
8326499
429159
7762801
5566058
1959247
292083
752450
5505855
251934
2204768
6403986
124388
427171
1421094
667893
7678021
25950
5358652
1817579
823234
3983976
6144744
3807334
7646047
2313027
1163576
5796212
834514
393326
1848856
2348577
8198976
7617145
2061529
4159728
1908425
6780362
380295
1420077
4374282
7587534
2510017
1836664
590698
2245667
380128
3015302
4845708
631005
3817283
888921
946043
7053509
1368054
316568
642371
3559257
820925
7735080
7611672
1308925
3673198
737821
2349733
8416
293013
2634268
4359556
6727289
1711042
2517249
7146151
1037997
2423513
2670625
4581765
2321662
2331521
7918036
7369031
3385113
2416863
5321631
2099071
2578358
2165650
1962970
5773701
2038152
2961592
7477474
1893331
246203
5366788
2101392
2904866
3704023
3939379
5508029
667117
1314701
3385098
3752129
1347907
3238706
7238218
5445045
2363546
2260976
4416855
2716666
2584306
247382
3448888
1439071
1939145
5860638
5658560
4159737
3269282
637700
366638
5614082
96078
5365870
764572
1305192
917759
1510495
1314100
2226661
6269258
2419299
1959650
146465
52501
5829004
1912078
1306575
593577
3231098
731661
3378534
6040852
3796786
1124157
2695393
948084
5365826
1818271
3496903
860701
5085107
639262
476691
2738597
1401598
2640222
7171383
2103362
5366950
5402764
6478976
666257
85793
3246429
1959244
8086314
233966
3989789
2103350
3247413
813321
45957
1025941
2241937
1308985
502061
3568318
67209
2418764
7566384
3554213
2101053
7917970
2587942
4410937
608855
4731445
2634493
1959278
6146344
1866593
3674124
2950080
821965
67362
1833604
7844863
861070
4381983
8082026
1308979
3448929
1152834
3239982
353164
3753570
7088619
223385
1106173
1836748
313545
5561527
6407811
7220294
3677346
7098764
